subject,trial,P,T,W,M,label,v,a,t0,z,RT,response
1,1,84,160,346,506,stranger,0.8300842373513594,1.423499327237612,0.2,1.4049883703711494,0.20700000000000002,1
1,2,84,160,346,506,self,4.334654890664833,1.423499327237612,0.2,1.4049883703711494,0.202,1
1,3,84,160,346,506,stranger,0.40139340706924653,1.423499327237612,0.2,1.4049883703711494,0.6070000000000003,1
1,4,84,160,346,506,self,3.792259767040082,1.423499327237612,0.2,1.4049883703711494,0.201,1
1,5,84,160,346,506,self,4.1709038079418645,1.423499327237612,0.2,1.4049883703711494,0.21700000000000003,1
1,6,84,160,346,506,self,4.079370362369188,1.423499327237612,0.2,1.4049883703711494,0.24000000000000005,1
1,7,84,160,346,506,stranger,1.5269969060629411,1.423499327237612,0.2,1.4049883703711494,0.3110000000000001,1
1,8,84,160,346,506,stranger,0.8404298373516607,1.423499327237612,0.2,1.4049883703711494,0.20700000000000002,1
1,9,84,160,346,506,self,4.5964513552169235,1.423499327237612,0.2,1.4049883703711494,0.201,1
1,10,84,160,346,506,stranger,0.09343373799561228,1.423499327237612,0.2,1.4049883703711494,0.21500000000000002,1
1,11,84,160,346,506,stranger,0.3636590634658138,1.423499327237612,0.2,1.4049883703711494,0.202,1
1,12,84,160,346,506,stranger,-0.3285535576216999,1.423499327237612,0.2,1.4049883703711494,0.201,1
1,13,84,160,346,506,self,4.245469417811621,1.423499327237612,0.2,1.4049883703711494,0.203,1
1,14,84,160,346,506,stranger,1.213402371477005,1.423499327237612,0.2,1.4049883703711494,0.202,1
1,15,84,160,346,506,self,3.750741525118485,1.423499327237612,0.2,1.4049883703711494,0.21200000000000002,1
1,16,84,160,346,506,self,5.137015887243684,1.423499327237612,0.2,1.4049883703711494,0.202,1
1,17,84,160,346,506,stranger,1.1132656923261601,1.423499327237612,0.2,1.4049883703711494,0.201,1
1,18,84,160,346,506,self,5.249741372996374,1.423499327237612,0.2,1.4049883703711494,0.202,1
1,19,84,160,346,506,self,3.922204308612876,1.423499327237612,0.2,1.4049883703711494,0.201,1
1,20,84,160,346,506,stranger,0.7645020955155571,1.423499327237612,0.2,1.4049883703711494,0.201,1
1,21,84,160,346,506,self,4.236551614417692,1.423499327237612,0.2,1.4049883703711494,0.201,1
1,22,84,160,346,506,stranger,-0.17072509237332678,1.423499327237612,0.2,1.4049883703711494,0.20600000000000002,1
1,23,84,160,346,506,stranger,0.770830197702482,1.423499327237612,0.2,1.4049883703711494,0.20400000000000001,1
1,24,84,160,346,506,stranger,1.2484058792002446,1.423499327237612,0.2,1.4049883703711494,0.20500000000000002,1
1,25,84,160,346,506,stranger,0.9892189967409023,1.423499327237612,0.2,1.4049883703711494,0.3230000000000001,1
1,26,84,160,346,506,stranger,0.28762023010088167,1.423499327237612,0.2,1.4049883703711494,0.201,1
1,27,84,160,346,506,stranger,0.8625118444224739,1.423499327237612,0.2,1.4049883703711494,0.201,1
1,28,84,160,346,506,stranger,0.6349033696667942,1.423499327237612,0.2,1.4049883703711494,0.203,1
1,29,84,160,346,506,self,3.6190917183151785,1.423499327237612,0.2,1.4049883703711494,0.2750000000000001,1
1,30,84,160,346,506,self,4.514841103968051,1.423499327237612,0.2,1.4049883703711494,0.20400000000000001,1
1,31,84,160,346,506,stranger,0.5505549277062035,1.423499327237612,0.2,1.4049883703711494,0.201,1
1,32,84,160,346,506,stranger,-0.05944887617371597,1.423499327237612,0.2,1.4049883703711494,0.201,1
1,33,84,160,346,506,self,4.083315625920916,1.423499327237612,0.2,1.4049883703711494,0.201,1
1,34,84,160,346,506,self,4.096938623746481,1.423499327237612,0.2,1.4049883703711494,0.202,1
1,35,84,160,346,506,self,3.646420990943224,1.423499327237612,0.2,1.4049883703711494,0.201,1
1,36,84,160,346,506,self,4.759287579020101,1.423499327237612,0.2,1.4049883703711494,0.201,1
1,37,84,160,346,506,stranger,0.8724114998767233,1.423499327237612,0.2,1.4049883703711494,0.21200000000000002,1
1,38,84,160,346,506,stranger,0.0516710623429284,1.423499327237612,0.2,1.4049883703711494,0.201,1
1,39,84,160,346,506,self,5.25928415970093,1.423499327237612,0.2,1.4049883703711494,0.22000000000000003,1
1,40,84,160,346,506,self,3.9122333423781153,1.423499327237612,0.2,1.4049883703711494,0.201,1
1,41,84,160,346,506,stranger,0.39929933582274946,1.423499327237612,0.2,1.4049883703711494,0.21700000000000003,1
1,42,84,160,346,506,stranger,0.07571078878741977,1.423499327237612,0.2,1.4049883703711494,0.202,1
1,43,84,160,346,506,stranger,1.4697252590371277,1.423499327237612,0.2,1.4049883703711494,0.201,1
1,44,84,160,346,506,stranger,0.863569074435803,1.423499327237612,0.2,1.4049883703711494,0.201,1
1,45,84,160,346,506,self,3.8108975061422936,1.423499327237612,0.2,1.4049883703711494,0.201,1
1,46,84,160,346,506,self,4.175375086618994,1.423499327237612,0.2,1.4049883703711494,0.201,1
1,47,84,160,346,506,self,4.439179616285591,1.423499327237612,0.2,1.4049883703711494,0.21600000000000003,1
1,48,84,160,346,506,stranger,1.3061167526962878,1.423499327237612,0.2,1.4049883703711494,0.202,1
1,49,84,160,346,506,stranger,1.3229032472984361,1.423499327237612,0.2,1.4049883703711494,0.20500000000000002,1
1,50,84,160,346,506,self,4.353672303204242,1.423499327237612,0.2,1.4049883703711494,0.20500000000000002,1
1,51,84,160,346,506,self,3.9530480840828797,1.423499327237612,0.2,1.4049883703711494,0.20400000000000001,1
1,52,84,160,346,506,self,3.971018093938104,1.423499327237612,0.2,1.4049883703711494,0.20500000000000002,1
1,53,84,160,346,506,stranger,0.5484676074105076,1.423499327237612,0.2,1.4049883703711494,0.202,1
1,54,84,160,346,506,self,3.906818421700889,1.423499327237612,0.2,1.4049883703711494,0.201,1
1,55,84,160,346,506,self,3.827774011162457,1.423499327237612,0.2,1.4049883703711494,0.20700000000000002,1
1,56,84,160,346,506,self,4.282445367091315,1.423499327237612,0.2,1.4049883703711494,0.20700000000000002,1
1,57,84,160,346,506,self,4.295419151629002,1.423499327237612,0.2,1.4049883703711494,0.24800000000000005,1
1,58,84,160,346,506,stranger,0.8004179342927015,1.423499327237612,0.2,1.4049883703711494,0.201,1
1,59,84,160,346,506,self,4.199727502003074,1.423499327237612,0.2,1.4049883703711494,0.20400000000000001,1
1,60,84,160,346,506,stranger,0.8368952579879444,1.423499327237612,0.2,1.4049883703711494,0.21600000000000003,1
2,1,40,365,1133,1498,stranger,0.9172280484841071,3.7501682686012017,0.2,0.5333094028727389,0.5040000000000002,0
2,2,40,365,1133,1498,self,6.539317469091247,3.7501682686012017,0.2,0.5333094028727389,0.7000000000000004,1
2,3,40,365,1133,1498,self,6.565876078691358,3.7501682686012017,0.2,0.5333094028727389,0.6710000000000004,1
2,4,40,365,1133,1498,stranger,0.9982166891598581,3.7501682686012017,0.2,0.5333094028727389,1.498,0
2,5,40,365,1133,1498,stranger,0.7473136363965363,3.7501682686012017,0.2,0.5333094028727389,1.7989999999999347,1
2,6,40,365,1133,1498,self,6.725715823656267,3.7501682686012017,0.2,0.5333094028727389,0.6760000000000004,1
2,7,40,365,1133,1498,stranger,0.9220936607445145,3.7501682686012017,0.2,0.5333094028727389,1.498,0
2,8,40,365,1133,1498,stranger,1.0544207228404068,3.7501682686012017,0.2,0.5333094028727389,1.2739999999999925,0
2,9,40,365,1133,1498,self,7.238780577234189,3.7501682686012017,0.2,0.5333094028727389,0.6430000000000003,1
2,10,40,365,1133,1498,stranger,1.2981042127886873,3.7501682686012017,0.2,0.5333094028727389,1.498,0
2,11,40,365,1133,1498,self,6.196474322005463,3.7501682686012017,0.2,0.5333094028727389,0.8230000000000004,1
2,12,40,365,1133,1498,stranger,0.27771678119704096,3.7501682686012017,0.2,0.5333094028727389,1.6569999999999503,0
2,13,40,365,1133,1498,self,6.768912936889849,3.7501682686012017,0.2,0.5333094028727389,0.7340000000000004,1
2,14,40,365,1133,1498,stranger,2.302816181837544,3.7501682686012017,0.2,0.5333094028727389,1.686999999999947,1
2,15,40,365,1133,1498,self,5.85692729175418,3.7501682686012017,0.2,0.5333094028727389,0.9080000000000006,1
2,16,40,365,1133,1498,self,6.949006108826887,3.7501682686012017,0.2,0.5333094028727389,0.5500000000000003,1
2,17,40,365,1133,1498,stranger,0.6124011621432761,3.7501682686012017,0.2,0.5333094028727389,0.3910000000000001,0
2,18,40,365,1133,1498,stranger,1.1284080484785834,3.7501682686012017,0.2,0.5333094028727389,1.549999999999962,1
2,19,40,365,1133,1498,stranger,0.9677261792973533,3.7501682686012017,0.2,0.5333094028727389,0.3150000000000001,0
2,20,40,365,1133,1498,self,5.680739531845259,3.7501682686012017,0.2,0.5333094028727389,0.9940000000000007,1
2,21,40,365,1133,1498,self,6.77041701999609,3.7501682686012017,0.2,0.5333094028727389,0.4890000000000002,1
2,22,40,365,1133,1498,stranger,0.6317879653506595,3.7501682686012017,0.2,0.5333094028727389,1.1640000000000008,1
2,23,40,365,1133,1498,stranger,1.2168589068855986,3.7501682686012017,0.2,0.5333094028727389,1.498,0
2,24,40,365,1133,1498,self,6.7726996117186715,3.7501682686012017,0.2,0.5333094028727389,0.7260000000000004,1
2,25,40,365,1133,1498,self,6.6061934256731165,3.7501682686012017,0.2,0.5333094028727389,0.5280000000000002,1
2,26,40,365,1133,1498,stranger,0.8201639598608648,3.7501682686012017,0.2,0.5333094028727389,1.498,0
2,27,40,365,1133,1498,stranger,1.184588699538598,3.7501682686012017,0.2,0.5333094028727389,1.759999999999939,1
2,28,40,365,1133,1498,self,6.811861036326686,3.7501682686012017,0.2,0.5333094028727389,0.6890000000000004,1
2,29,40,365,1133,1498,stranger,1.3311477426355292,3.7501682686012017,0.2,0.5333094028727389,0.3170000000000001,0
2,30,40,365,1133,1498,self,6.009212605048014,3.7501682686012017,0.2,0.5333094028727389,0.8440000000000005,1
2,31,40,365,1133,1498,self,6.844317388701125,3.7501682686012017,0.2,0.5333094028727389,0.6600000000000004,1
2,32,40,365,1133,1498,stranger,0.9663604677582109,3.7501682686012017,0.2,0.5333094028727389,0.5220000000000002,0
2,33,40,365,1133,1498,self,5.855008025984796,3.7501682686012017,0.2,0.5333094028727389,0.6350000000000003,1
2,34,40,365,1133,1498,stranger,0.807690247887394,3.7501682686012017,0.2,0.5333094028727389,1.498,0
2,35,40,365,1133,1498,self,6.712754281258665,3.7501682686012017,0.2,0.5333094028727389,0.8720000000000006,1
2,36,40,365,1133,1498,self,6.556444046211326,3.7501682686012017,0.2,0.5333094028727389,0.7120000000000004,1
2,37,40,365,1133,1498,self,6.688354545228162,3.7501682686012017,0.2,0.5333094028727389,0.5810000000000003,1
2,38,40,365,1133,1498,stranger,1.8797173000160778,3.7501682686012017,0.2,0.5333094028727389,0.9990000000000006,1
2,39,40,365,1133,1498,self,7.373666491297466,3.7501682686012017,0.2,0.5333094028727389,0.6450000000000004,1
2,40,40,365,1133,1498,stranger,1.9568996794784932,3.7501682686012017,0.2,0.5333094028727389,1.3999999999999786,1
2,41,40,365,1133,1498,self,6.540686514062113,3.7501682686012017,0.2,0.5333094028727389,0.7960000000000005,1
2,42,40,365,1133,1498,self,6.812285677662139,3.7501682686012017,0.2,0.5333094028727389,0.6290000000000003,1
2,43,40,365,1133,1498,stranger,1.2177464251403296,3.7501682686012017,0.2,0.5333094028727389,1.0120000000000007,0
2,44,40,365,1133,1498,stranger,1.4710245742567039,3.7501682686012017,0.2,0.5333094028727389,0.5360000000000003,0
2,45,40,365,1133,1498,stranger,1.0115878302126713,3.7501682686012017,0.2,0.5333094028727389,1.498,0
2,46,40,365,1133,1498,stranger,1.324005695817334,3.7501682686012017,0.2,0.5333094028727389,1.6109999999999554,1
2,47,40,365,1133,1498,self,6.3730406221885785,3.7501682686012017,0.2,0.5333094028727389,0.5360000000000003,1
2,48,40,365,1133,1498,stranger,1.3111813154430898,3.7501682686012017,0.2,0.5333094028727389,2.0839999999999033,1
2,49,40,365,1133,1498,self,7.572508694449415,3.7501682686012017,0.2,0.5333094028727389,0.6730000000000004,1
2,50,40,365,1133,1498,self,6.332446514232457,3.7501682686012017,0.2,0.5333094028727389,0.6490000000000004,1
2,51,40,365,1133,1498,self,6.431728644409892,3.7501682686012017,0.2,0.5333094028727389,0.6880000000000004,1
2,52,40,365,1133,1498,stranger,1.0579920635500686,3.7501682686012017,0.2,0.5333094028727389,1.498,0
2,53,40,365,1133,1498,stranger,1.0629578692950483,3.7501682686012017,0.2,0.5333094028727389,0.41200000000000014,0
2,54,40,365,1133,1498,self,6.589382891800458,3.7501682686012017,0.2,0.5333094028727389,0.7140000000000004,1
2,55,40,365,1133,1498,self,6.243335234217858,3.7501682686012017,0.2,0.5333094028727389,0.7610000000000003,1
2,56,40,365,1133,1498,stranger,1.234370202899942,3.7501682686012017,0.2,0.5333094028727389,2.1829999999998924,1
2,57,40,365,1133,1498,self,6.315535289793994,3.7501682686012017,0.2,0.5333094028727389,0.7380000000000004,1
2,58,40,365,1133,1498,stranger,1.4599217147419785,3.7501682686012017,0.2,0.5333094028727389,0.5720000000000003,0
2,59,40,365,1133,1498,self,7.29832052106512,3.7501682686012017,0.2,0.5333094028727389,0.6510000000000004,1
2,60,40,365,1133,1498,stranger,0.9671262507142098,3.7501682686012017,0.2,0.5333094028727389,1.5949999999999571,1
3,1,60,226,1138,1364,stranger,1.2993012074614283,3.5329985868240774,0.2,0.5660913671063373,1.8639999999999275,1
3,2,60,226,1138,1364,self,5.467805805709383,3.5329985868240774,0.2,0.5660913671063373,0.8990000000000005,1
3,3,60,226,1138,1364,self,5.90311037983473,3.5329985868240774,0.2,0.5660913671063373,0.6140000000000003,1
3,4,60,226,1138,1364,stranger,1.1396976584431395,3.5329985868240774,0.2,0.5660913671063373,1.7929999999999353,1
3,5,60,226,1138,1364,self,5.409622961310201,3.5329985868240774,0.2,0.5660913671063373,0.8730000000000004,1
3,6,60,226,1138,1364,stranger,0.23875549572779808,3.5329985868240774,0.2,0.5660913671063373,0.3210000000000001,0
3,7,60,226,1138,1364,self,6.222109797225422,3.5329985868240774,0.2,0.5660913671063373,0.6120000000000003,1
3,8,60,226,1138,1364,self,4.547008772595633,3.5329985868240774,0.2,0.5660913671063373,1.458999999999972,1
3,9,60,226,1138,1364,stranger,1.0946531528503116,3.5329985868240774,0.2,0.5660913671063373,2.0289999999999093,1
3,10,60,226,1138,1364,self,5.755305721254826,3.5329985868240774,0.2,0.5660913671063373,0.7780000000000005,1
3,11,60,226,1138,1364,self,4.789206433279875,3.5329985868240774,0.2,0.5660913671063373,0.5670000000000003,1
3,12,60,226,1138,1364,self,4.381986156203903,3.5329985868240774,0.2,0.5660913671063373,0.9490000000000005,1
3,13,60,226,1138,1364,stranger,0.5997146423529384,3.5329985868240774,0.2,0.5660913671063373,1.364,0
3,14,60,226,1138,1364,stranger,0.15665214808547845,3.5329985868240774,0.2,0.5660913671063373,0.5600000000000003,0
3,15,60,226,1138,1364,stranger,0.6864245814699955,3.5329985868240774,0.2,0.5660913671063373,1.6289999999999534,1
3,16,60,226,1138,1364,self,5.0352970101158325,3.5329985868240774,0.2,0.5660913671063373,0.4920000000000002,1
3,17,60,226,1138,1364,self,5.883926699356456,3.5329985868240774,0.2,0.5660913671063373,0.7960000000000005,1
3,18,60,226,1138,1364,stranger,0.7958137050528894,3.5329985868240774,0.2,0.5660913671063373,0.3050000000000001,0
3,19,60,226,1138,1364,stranger,0.5297727731871943,3.5329985868240774,0.2,0.5660913671063373,1.364,0
3,20,60,226,1138,1364,stranger,0.35926968235300005,3.5329985868240774,0.2,0.5660913671063373,1.9149999999999219,1
3,21,60,226,1138,1364,self,4.972158199484599,3.5329985868240774,0.2,0.5660913671063373,0.8430000000000004,1
3,22,60,226,1138,1364,self,5.275461841874557,3.5329985868240774,0.2,0.5660913671063373,0.7970000000000004,1
3,23,60,226,1138,1364,self,5.133041255333688,3.5329985868240774,0.2,0.5660913671063373,0.6620000000000004,1
3,24,60,226,1138,1364,stranger,1.7208933722888466,3.5329985868240774,0.2,0.5660913671063373,1.364,0
3,25,60,226,1138,1364,self,5.084494682863976,3.5329985868240774,0.2,0.5660913671063373,0.9850000000000005,1
3,26,60,226,1138,1364,self,4.881793929840128,3.5329985868240774,0.2,0.5660913671063373,1.2809999999999917,1
3,27,60,226,1138,1364,stranger,1.358794044387789,3.5329985868240774,0.2,0.5660913671063373,0.6020000000000003,0
3,28,60,226,1138,1364,stranger,0.14238797380464063,3.5329985868240774,0.2,0.5660913671063373,1.364,0
3,29,60,226,1138,1364,self,5.263750583231431,3.5329985868240774,0.2,0.5660913671063373,0.9010000000000005,1
3,30,60,226,1138,1364,stranger,0.6754703881247809,3.5329985868240774,0.2,0.5660913671063373,0.6590000000000004,0
3,31,60,226,1138,1364,self,5.1807459920652015,3.5329985868240774,0.2,0.5660913671063373,0.5760000000000003,1
3,32,60,226,1138,1364,self,5.086693139708999,3.5329985868240774,0.2,0.5660913671063373,0.8020000000000005,1
3,33,60,226,1138,1364,self,5.441331393310535,3.5329985868240774,0.2,0.5660913671063373,0.6760000000000004,1
3,34,60,226,1138,1364,stranger,0.4734697756292793,3.5329985868240774,0.2,0.5660913671063373,1.364,0
3,35,60,226,1138,1364,self,5.491128087692837,3.5329985868240774,0.2,0.5660913671063373,0.7880000000000005,1
3,36,60,226,1138,1364,stranger,1.9137287964481202,3.5329985868240774,0.2,0.5660913671063373,1.7889999999999358,1
3,37,60,226,1138,1364,self,4.992606258248724,3.5329985868240774,0.2,0.5660913671063373,0.8070000000000004,1
3,38,60,226,1138,1364,stranger,0.4739602011394416,3.5329985868240774,0.2,0.5660913671063373,0.6760000000000004,0
3,39,60,226,1138,1364,self,4.577457255561525,3.5329985868240774,0.2,0.5660913671063373,0.8680000000000005,1
3,40,60,226,1138,1364,self,4.776710528193739,3.5329985868240774,0.2,0.5660913671063373,0.8790000000000004,1
3,41,60,226,1138,1364,stranger,0.7029924799103432,3.5329985868240774,0.2,0.5660913671063373,1.364,0
3,42,60,226,1138,1364,self,5.2135134949153255,3.5329985868240774,0.2,0.5660913671063373,0.8040000000000005,1
3,43,60,226,1138,1364,self,5.834956119984246,3.5329985868240774,0.2,0.5660913671063373,0.7420000000000004,1
3,44,60,226,1138,1364,stranger,1.403392791510636,3.5329985868240774,0.2,0.5660913671063373,0.43400000000000016,0
3,45,60,226,1138,1364,stranger,-0.06712064495924785,3.5329985868240774,0.2,0.5660913671063373,0.7190000000000003,0
3,46,60,226,1138,1364,self,4.2529629674111495,3.5329985868240774,0.2,0.5660913671063373,0.7990000000000004,1
3,47,60,226,1138,1364,self,5.056650071378855,3.5329985868240774,0.2,0.5660913671063373,0.8440000000000005,1
3,48,60,226,1138,1364,stranger,0.7310406973764892,3.5329985868240774,0.2,0.5660913671063373,1.364,0
3,49,60,226,1138,1364,stranger,0.7031951724729174,3.5329985868240774,0.2,0.5660913671063373,0.8480000000000005,0
3,50,60,226,1138,1364,self,5.538338790965607,3.5329985868240774,0.2,0.5660913671063373,0.7930000000000004,1
3,51,60,226,1138,1364,stranger,-0.22552071663137874,3.5329985868240774,0.2,0.5660913671063373,0.22900000000000004,0
3,52,60,226,1138,1364,stranger,0.1826661820485237,3.5329985868240774,0.2,0.5660913671063373,1.364,0
3,53,60,226,1138,1364,stranger,0.2290304023672931,3.5329985868240774,0.2,0.5660913671063373,1.364,0
3,54,60,226,1138,1364,stranger,0.7931474843354595,3.5329985868240774,0.2,0.5660913671063373,1.364,0
3,55,60,226,1138,1364,self,5.2681825091459915,3.5329985868240774,0.2,0.5660913671063373,0.9130000000000005,1
3,56,60,226,1138,1364,stranger,0.7591770664284802,3.5329985868240774,0.2,0.5660913671063373,0.3700000000000001,0
3,57,60,226,1138,1364,stranger,1.2018224038767955,3.5329985868240774,0.2,0.5660913671063373,1.1890000000000007,1
3,58,60,226,1138,1364,self,5.897535777901597,3.5329985868240774,0.2,0.5660913671063373,0.5970000000000003,1
3,59,60,226,1138,1364,stranger,0.6419742729693779,3.5329985868240774,0.2,0.5660913671063373,1.5619999999999608,0
3,60,60,226,1138,1364,stranger,1.086713789558475,3.5329985868240774,0.2,0.5660913671063373,1.7279999999999425,1
4,1,115,232,1134,1366,self,6.521382527607518,3.225804432995904,0.2,0.62000038797843,0.7070000000000003,1
4,2,115,232,1134,1366,self,6.5012893037987265,3.225804432995904,0.2,0.62000038797843,0.5420000000000003,1
4,3,115,232,1134,1366,stranger,2.016438551619414,3.225804432995904,0.2,0.62000038797843,0.8790000000000004,1
4,4,115,232,1134,1366,self,6.787323590700713,3.225804432995904,0.2,0.62000038797843,0.5020000000000002,1
4,5,115,232,1134,1366,stranger,1.4993362647844561,3.225804432995904,0.2,0.62000038797843,1.1610000000000007,1
4,6,115,232,1134,1366,stranger,1.309905525568276,3.225804432995904,0.2,0.62000038797843,1.2429999999999959,1
4,7,115,232,1134,1366,self,5.513799110432711,3.225804432995904,0.2,0.62000038797843,0.7910000000000004,1
4,8,115,232,1134,1366,self,6.891188003053922,3.225804432995904,0.2,0.62000038797843,0.5920000000000003,1
4,9,115,232,1134,1366,stranger,1.7500804648891046,3.225804432995904,0.2,0.62000038797843,1.632999999999953,1
4,10,115,232,1134,1366,stranger,1.2768622311753686,3.225804432995904,0.2,0.62000038797843,2.1189999999998994,1
4,11,115,232,1134,1366,self,6.575820741602526,3.225804432995904,0.2,0.62000038797843,0.6070000000000003,1
4,12,115,232,1134,1366,self,6.603535300002946,3.225804432995904,0.2,0.62000038797843,0.6010000000000003,1
4,13,115,232,1134,1366,self,6.020666785305201,3.225804432995904,0.2,0.62000038797843,0.5710000000000003,1
4,14,115,232,1134,1366,self,6.289736483235249,3.225804432995904,0.2,0.62000038797843,0.7740000000000005,1
4,15,115,232,1134,1366,self,6.517988421231351,3.225804432995904,0.2,0.62000038797843,0.6930000000000004,1
4,16,115,232,1134,1366,stranger,2.1144567926180304,3.225804432995904,0.2,0.62000038797843,1.1480000000000008,1
4,17,115,232,1134,1366,stranger,1.5864575396681435,3.225804432995904,0.2,0.62000038797843,1.2849999999999913,1
4,18,115,232,1134,1366,stranger,1.5647668803073633,3.225804432995904,0.2,0.62000038797843,2.1719999999998936,1
4,19,115,232,1134,1366,self,5.978900915180763,3.225804432995904,0.2,0.62000038797843,0.5270000000000002,1
4,20,115,232,1134,1366,self,6.5053949865853555,3.225804432995904,0.2,0.62000038797843,0.6890000000000004,1
4,21,115,232,1134,1366,stranger,1.4342274523004772,3.225804432995904,0.2,0.62000038797843,1.232999999999997,1
4,22,115,232,1134,1366,stranger,1.5214014731121634,3.225804432995904,0.2,0.62000038797843,1.366,0
4,23,115,232,1134,1366,stranger,1.8057759998054406,3.225804432995904,0.2,0.62000038797843,1.251999999999995,1
4,24,115,232,1134,1366,self,5.460892329950195,3.225804432995904,0.2,0.62000038797843,0.5230000000000002,1
4,25,115,232,1134,1366,stranger,2.115465817168327,3.225804432995904,0.2,0.62000038797843,1.2079999999999997,1
4,26,115,232,1134,1366,stranger,1.6102606034237805,3.225804432995904,0.2,0.62000038797843,0.8570000000000004,1
4,27,115,232,1134,1366,stranger,1.573729265426168,3.225804432995904,0.2,0.62000038797843,2.1819999999998925,1
4,28,115,232,1134,1366,stranger,2.0414594078852613,3.225804432995904,0.2,0.62000038797843,1.2589999999999941,1
4,29,115,232,1134,1366,self,5.435149127775257,3.225804432995904,0.2,0.62000038797843,0.6680000000000004,1
4,30,115,232,1134,1366,self,6.491620452873421,3.225804432995904,0.2,0.62000038797843,0.5360000000000003,1
4,31,115,232,1134,1366,self,7.007449186361979,3.225804432995904,0.2,0.62000038797843,0.5070000000000002,1
4,32,115,232,1134,1366,stranger,1.284116772731148,3.225804432995904,0.2,0.62000038797843,0.44100000000000017,0
4,33,115,232,1134,1366,self,6.502936480117818,3.225804432995904,0.2,0.62000038797843,0.5190000000000002,1
4,34,115,232,1134,1366,stranger,2.489923218910028,3.225804432995904,0.2,0.62000038797843,1.314999999999988,1
4,35,115,232,1134,1366,stranger,1.3825204237288056,3.225804432995904,0.2,0.62000038797843,0.8430000000000004,1
4,36,115,232,1134,1366,self,6.569032258141221,3.225804432995904,0.2,0.62000038797843,0.7260000000000004,1
4,37,115,232,1134,1366,self,6.684629737284424,3.225804432995904,0.2,0.62000038797843,0.5820000000000003,1
4,38,115,232,1134,1366,self,5.86295021956089,3.225804432995904,0.2,0.62000038797843,0.5100000000000002,1
4,39,115,232,1134,1366,self,6.5307801140414465,3.225804432995904,0.2,0.62000038797843,0.5220000000000002,1
4,40,115,232,1134,1366,self,6.949848560662494,3.225804432995904,0.2,0.62000038797843,0.5450000000000003,1
4,41,115,232,1134,1366,self,5.290360003492383,3.225804432995904,0.2,0.62000038797843,0.7990000000000004,1
4,42,115,232,1134,1366,stranger,1.8909816930918073,3.225804432995904,0.2,0.62000038797843,1.487999999999969,1
4,43,115,232,1134,1366,self,7.023355047574018,3.225804432995904,0.2,0.62000038797843,0.5850000000000003,1
4,44,115,232,1134,1366,self,6.4305598140745195,3.225804432995904,0.2,0.62000038797843,0.7340000000000004,1
4,45,115,232,1134,1366,stranger,1.3523996385945565,3.225804432995904,0.2,0.62000038797843,1.5909999999999576,1
4,46,115,232,1134,1366,stranger,1.653668115964092,3.225804432995904,0.2,0.62000038797843,2.0159999999999108,1
4,47,115,232,1134,1366,stranger,2.404546100025943,3.225804432995904,0.2,0.62000038797843,1.4609999999999719,1
4,48,115,232,1134,1366,self,6.732512456309716,3.225804432995904,0.2,0.62000038797843,0.6470000000000004,1
4,49,115,232,1134,1366,stranger,2.0843036050086745,3.225804432995904,0.2,0.62000038797843,1.2449999999999957,1
4,50,115,232,1134,1366,stranger,2.442813654194752,3.225804432995904,0.2,0.62000038797843,0.9620000000000006,1
4,51,115,232,1134,1366,stranger,1.4430114779196277,3.225804432995904,0.2,0.62000038797843,1.366,0
4,52,115,232,1134,1366,stranger,1.654337559077003,3.225804432995904,0.2,0.62000038797843,1.366,0
4,53,115,232,1134,1366,self,5.7195070397766,3.225804432995904,0.2,0.62000038797843,0.5790000000000003,1
4,54,115,232,1134,1366,stranger,1.4718054140049517,3.225804432995904,0.2,0.62000038797843,1.986999999999914,1
4,55,115,232,1134,1366,self,6.812652502598666,3.225804432995904,0.2,0.62000038797843,0.5590000000000003,1
4,56,115,232,1134,1366,self,6.964748148947817,3.225804432995904,0.2,0.62000038797843,0.5620000000000003,1
4,57,115,232,1134,1366,stranger,1.9170731758377573,3.225804432995904,0.2,0.62000038797843,1.2619999999999938,1
4,58,115,232,1134,1366,stranger,1.6688804702959092,3.225804432995904,0.2,0.62000038797843,0.2840000000000001,0
4,59,115,232,1134,1366,self,7.2229422763241775,3.225804432995904,0.2,0.62000038797843,0.5740000000000003,1
4,60,115,232,1134,1366,stranger,1.6839722290394241,3.225804432995904,0.2,0.62000038797843,1.250999999999995,1
5,1,141,12,575,587,stranger,1.2316865295737398,1.4107431854368362,0.2,1.4176924763104213,0.3180000000000001,1
5,2,141,12,575,587,stranger,-0.3320265864491333,1.4107431854368362,0.2,1.4176924763104213,0.201,1
5,3,141,12,575,587,stranger,0.33315534360776644,1.4107431854368362,0.2,1.4176924763104213,0.8380000000000005,1
5,4,141,12,575,587,self,2.710085701575429,1.4107431854368362,0.2,1.4176924763104213,0.20600000000000002,1
5,5,141,12,575,587,self,1.9322882326202362,1.4107431854368362,0.2,1.4176924763104213,0.201,1
5,6,141,12,575,587,self,1.7185959605122416,1.4107431854368362,0.2,1.4176924763104213,0.22200000000000003,1
5,7,141,12,575,587,stranger,-0.25377168130813477,1.4107431854368362,0.2,1.4176924763104213,0.23800000000000004,1
5,8,141,12,575,587,stranger,-0.3851615673121598,1.4107431854368362,0.2,1.4176924763104213,0.201,1
5,9,141,12,575,587,self,2.5134217906044714,1.4107431854368362,0.2,1.4176924763104213,0.201,1
5,10,141,12,575,587,stranger,0.4637426684668495,1.4107431854368362,0.2,1.4176924763104213,0.201,1
5,11,141,12,575,587,stranger,0.05307404738243249,1.4107431854368362,0.2,1.4176924763104213,0.201,1
5,12,141,12,575,587,stranger,-0.1774212656582802,1.4107431854368362,0.2,1.4176924763104213,0.201,1
5,13,141,12,575,587,stranger,0.7123307144079829,1.4107431854368362,0.2,1.4176924763104213,0.20900000000000002,1
5,14,141,12,575,587,stranger,-0.5314412222955762,1.4107431854368362,0.2,1.4176924763104213,0.21500000000000002,1
5,15,141,12,575,587,stranger,0.6745351394578588,1.4107431854368362,0.2,1.4176924763104213,0.202,1
5,16,141,12,575,587,self,2.1828360198987924,1.4107431854368362,0.2,1.4176924763104213,0.201,1
5,17,141,12,575,587,stranger,1.1570538134743484,1.4107431854368362,0.2,1.4176924763104213,0.201,1
5,18,141,12,575,587,self,1.9993389689076428,1.4107431854368362,0.2,1.4176924763104213,0.20900000000000002,1
5,19,141,12,575,587,stranger,0.05187316249279128,1.4107431854368362,0.2,1.4176924763104213,0.201,1
5,20,141,12,575,587,self,2.3916604679923137,1.4107431854368362,0.2,1.4176924763104213,0.201,1
5,21,141,12,575,587,self,2.955156338352407,1.4107431854368362,0.2,1.4176924763104213,0.201,1
5,22,141,12,575,587,stranger,0.5679322068971743,1.4107431854368362,0.2,1.4176924763104213,0.203,1
5,23,141,12,575,587,self,1.719339623898289,1.4107431854368362,0.2,1.4176924763104213,0.20400000000000001,1
5,24,141,12,575,587,stranger,1.0807110096500085,1.4107431854368362,0.2,1.4176924763104213,0.201,1
5,25,141,12,575,587,self,2.4415541495255924,1.4107431854368362,0.2,1.4176924763104213,0.201,1
5,26,141,12,575,587,self,3.021539036519035,1.4107431854368362,0.2,1.4176924763104213,0.201,1
5,27,141,12,575,587,stranger,-0.041786321322362374,1.4107431854368362,0.2,1.4176924763104213,0.201,1
5,28,141,12,575,587,self,2.0913314158360685,1.4107431854368362,0.2,1.4176924763104213,0.201,1
5,29,141,12,575,587,self,1.9751362949860807,1.4107431854368362,0.2,1.4176924763104213,0.21400000000000002,1
5,30,141,12,575,587,self,2.2151610649525026,1.4107431854368362,0.2,1.4176924763104213,0.202,1
5,31,141,12,575,587,self,3.2864347364887467,1.4107431854368362,0.2,1.4176924763104213,0.201,1
5,32,141,12,575,587,self,1.6275361687889838,1.4107431854368362,0.2,1.4176924763104213,0.201,1
5,33,141,12,575,587,self,1.1702611776343554,1.4107431854368362,0.2,1.4176924763104213,0.201,1
5,34,141,12,575,587,stranger,-0.054028719431936434,1.4107431854368362,0.2,1.4176924763104213,0.201,1
5,35,141,12,575,587,self,2.941825209065221,1.4107431854368362,0.2,1.4176924763104213,0.202,1
5,36,141,12,575,587,stranger,0.22397030390207961,1.4107431854368362,0.2,1.4176924763104213,0.3640000000000001,1
5,37,141,12,575,587,stranger,-0.5079637520113458,1.4107431854368362,0.2,1.4176924763104213,0.202,1
5,38,141,12,575,587,self,2.2932068159710415,1.4107431854368362,0.2,1.4176924763104213,0.20500000000000002,1
5,39,141,12,575,587,self,1.9610509092921378,1.4107431854368362,0.2,1.4176924763104213,0.201,1
5,40,141,12,575,587,stranger,0.7209841027098063,1.4107431854368362,0.2,1.4176924763104213,0.202,1
5,41,141,12,575,587,stranger,-0.715158394065363,1.4107431854368362,0.2,1.4176924763104213,0.201,1
5,42,141,12,575,587,self,1.8727521199998063,1.4107431854368362,0.2,1.4176924763104213,0.25200000000000006,1
5,43,141,12,575,587,stranger,0.3611048570552468,1.4107431854368362,0.2,1.4176924763104213,0.5790000000000003,0
5,44,141,12,575,587,stranger,0.23195984598701108,1.4107431854368362,0.2,1.4176924763104213,0.201,1
5,45,141,12,575,587,stranger,-0.8099670651774191,1.4107431854368362,0.2,1.4176924763104213,0.20500000000000002,1
5,46,141,12,575,587,self,2.3224683899106715,1.4107431854368362,0.2,1.4176924763104213,0.201,1
5,47,141,12,575,587,stranger,1.103003596529599,1.4107431854368362,0.2,1.4176924763104213,0.20600000000000002,1
5,48,141,12,575,587,self,2.643180736391816,1.4107431854368362,0.2,1.4176924763104213,0.201,1
5,49,141,12,575,587,stranger,0.2565992748498339,1.4107431854368362,0.2,1.4176924763104213,0.201,1
5,50,141,12,575,587,self,1.7775324744321086,1.4107431854368362,0.2,1.4176924763104213,0.201,1
5,51,141,12,575,587,self,1.947096508505254,1.4107431854368362,0.2,1.4176924763104213,0.201,1
5,52,141,12,575,587,stranger,0.5674884228323799,1.4107431854368362,0.2,1.4176924763104213,0.201,1
5,53,141,12,575,587,self,2.5327741197055436,1.4107431854368362,0.2,1.4176924763104213,0.201,1
5,54,141,12,575,587,stranger,0.6514927594315392,1.4107431854368362,0.2,1.4176924763104213,0.201,1
5,55,141,12,575,587,self,2.1988104907511867,1.4107431854368362,0.2,1.4176924763104213,0.202,1
5,56,141,12,575,587,stranger,0.20177120053899245,1.4107431854368362,0.2,1.4176924763104213,0.21500000000000002,1
5,57,141,12,575,587,self,3.0761969764365134,1.4107431854368362,0.2,1.4176924763104213,0.203,1
5,58,141,12,575,587,self,2.567306887097415,1.4107431854368362,0.2,1.4176924763104213,0.22000000000000003,1
5,59,141,12,575,587,stranger,0.7405097232206048,1.4107431854368362,0.2,1.4176924763104213,0.201,1
5,60,141,12,575,587,self,1.837648835755736,1.4107431854368362,0.2,1.4176924763104213,0.20400000000000001,1
6,1,2,154,359,513,stranger,0.683611683800613,1.379461217697739,0.2,1.4498414122420298,0.201,1
6,2,2,154,359,513,self,1.9412182335119292,1.379461217697739,0.2,1.4498414122420298,0.201,1
6,3,2,154,359,513,stranger,0.2939390670936997,1.379461217697739,0.2,1.4498414122420298,0.201,1
6,4,2,154,359,513,self,2.4861734481015216,1.379461217697739,0.2,1.4498414122420298,0.201,1
6,5,2,154,359,513,stranger,0.14210654994226046,1.379461217697739,0.2,1.4498414122420298,0.201,1
6,6,2,154,359,513,self,1.5724708901646658,1.379461217697739,0.2,1.4498414122420298,0.201,1
6,7,2,154,359,513,stranger,1.1012507926329573,1.379461217697739,0.2,1.4498414122420298,0.201,1
6,8,2,154,359,513,self,2.363191673961929,1.379461217697739,0.2,1.4498414122420298,0.201,1
6,9,2,154,359,513,stranger,0.7527211142265042,1.379461217697739,0.2,1.4498414122420298,0.201,1
6,10,2,154,359,513,stranger,0.9997345198771845,1.379461217697739,0.2,1.4498414122420298,0.201,1
6,11,2,154,359,513,stranger,0.8675741891756554,1.379461217697739,0.2,1.4498414122420298,0.201,1
6,12,2,154,359,513,self,1.9828609226671996,1.379461217697739,0.2,1.4498414122420298,0.201,1
6,13,2,154,359,513,stranger,0.9920211234558939,1.379461217697739,0.2,1.4498414122420298,0.201,1
6,14,2,154,359,513,self,2.0014539587330575,1.379461217697739,0.2,1.4498414122420298,0.201,1
6,15,2,154,359,513,stranger,0.21638649260613746,1.379461217697739,0.2,1.4498414122420298,0.201,1
6,16,2,154,359,513,self,2.442350283878249,1.379461217697739,0.2,1.4498414122420298,0.201,1
6,17,2,154,359,513,stranger,0.09016845703504922,1.379461217697739,0.2,1.4498414122420298,0.201,1
6,18,2,154,359,513,self,2.2805273349612656,1.379461217697739,0.2,1.4498414122420298,0.201,1
6,19,2,154,359,513,self,3.080256743634228,1.379461217697739,0.2,1.4498414122420298,0.201,1
6,20,2,154,359,513,self,3.4253133228219106,1.379461217697739,0.2,1.4498414122420298,0.201,1
6,21,2,154,359,513,stranger,0.5782755567664132,1.379461217697739,0.2,1.4498414122420298,0.201,1
6,22,2,154,359,513,self,2.352899492269389,1.379461217697739,0.2,1.4498414122420298,0.201,1
6,23,2,154,359,513,stranger,0.7636656161589,1.379461217697739,0.2,1.4498414122420298,0.201,1
6,24,2,154,359,513,self,2.137306960136936,1.379461217697739,0.2,1.4498414122420298,0.201,1
6,25,2,154,359,513,self,2.4284301317457615,1.379461217697739,0.2,1.4498414122420298,0.201,1
6,26,2,154,359,513,self,1.9900650478439403,1.379461217697739,0.2,1.4498414122420298,0.201,1
6,27,2,154,359,513,stranger,0.7706173742723375,1.379461217697739,0.2,1.4498414122420298,0.201,1
6,28,2,154,359,513,self,1.7233485724531883,1.379461217697739,0.2,1.4498414122420298,0.201,1
6,29,2,154,359,513,self,1.409328017252869,1.379461217697739,0.2,1.4498414122420298,0.201,1
6,30,2,154,359,513,self,2.3629346195600665,1.379461217697739,0.2,1.4498414122420298,0.201,1
6,31,2,154,359,513,stranger,0.9753066072816233,1.379461217697739,0.2,1.4498414122420298,0.201,1
6,32,2,154,359,513,stranger,0.6825424978294524,1.379461217697739,0.2,1.4498414122420298,0.201,1
6,33,2,154,359,513,self,2.4964773437016134,1.379461217697739,0.2,1.4498414122420298,0.201,1
6,34,2,154,359,513,stranger,0.47227518647714534,1.379461217697739,0.2,1.4498414122420298,0.201,1
6,35,2,154,359,513,stranger,-0.19215894272319178,1.379461217697739,0.2,1.4498414122420298,0.201,1
6,36,2,154,359,513,self,3.138338192044149,1.379461217697739,0.2,1.4498414122420298,0.201,1
6,37,2,154,359,513,stranger,0.5675215553990876,1.379461217697739,0.2,1.4498414122420298,0.201,1
6,38,2,154,359,513,self,2.780258003082579,1.379461217697739,0.2,1.4498414122420298,0.201,1
6,39,2,154,359,513,stranger,0.2735000684867759,1.379461217697739,0.2,1.4498414122420298,0.201,1
6,40,2,154,359,513,self,2.2593561964290254,1.379461217697739,0.2,1.4498414122420298,0.201,1
6,41,2,154,359,513,stranger,0.5163591488035275,1.379461217697739,0.2,1.4498414122420298,0.201,1
6,42,2,154,359,513,stranger,0.7114171653309225,1.379461217697739,0.2,1.4498414122420298,0.201,1
6,43,2,154,359,513,stranger,1.2813868241062165,1.379461217697739,0.2,1.4498414122420298,0.201,1
6,44,2,154,359,513,stranger,0.8946780625986819,1.379461217697739,0.2,1.4498414122420298,0.201,1
6,45,2,154,359,513,self,1.6605928491472082,1.379461217697739,0.2,1.4498414122420298,0.201,1
6,46,2,154,359,513,self,2.1578299477815897,1.379461217697739,0.2,1.4498414122420298,0.201,1
6,47,2,154,359,513,self,1.6098865820164003,1.379461217697739,0.2,1.4498414122420298,0.201,1
6,48,2,154,359,513,stranger,0.4203225705577081,1.379461217697739,0.2,1.4498414122420298,0.201,1
6,49,2,154,359,513,self,2.4260743521385244,1.379461217697739,0.2,1.4498414122420298,0.201,1
6,50,2,154,359,513,stranger,0.2843213373901767,1.379461217697739,0.2,1.4498414122420298,0.201,1
6,51,2,154,359,513,stranger,-0.4587968957992079,1.379461217697739,0.2,1.4498414122420298,0.201,1
6,52,2,154,359,513,self,2.5772635499706356,1.379461217697739,0.2,1.4498414122420298,0.201,1
6,53,2,154,359,513,self,1.8519924070322493,1.379461217697739,0.2,1.4498414122420298,0.201,1
6,54,2,154,359,513,self,1.8894204524316143,1.379461217697739,0.2,1.4498414122420298,0.201,1
6,55,2,154,359,513,self,3.3234528070401703,1.379461217697739,0.2,1.4498414122420298,0.201,1
6,56,2,154,359,513,stranger,0.06868418238511914,1.379461217697739,0.2,1.4498414122420298,0.201,1
6,57,2,154,359,513,stranger,1.0564861492565827,1.379461217697739,0.2,1.4498414122420298,0.201,1
6,58,2,154,359,513,self,2.3606180607772393,1.379461217697739,0.2,1.4498414122420298,0.201,1
6,59,2,154,359,513,stranger,1.4872944735680642,1.379461217697739,0.2,1.4498414122420298,0.201,1
6,60,2,154,359,513,stranger,0.5462122604062908,1.379461217697739,0.2,1.4498414122420298,0.201,1
7,1,79,156,1391,1547,self,4.595967238110149,3.0610887070994215,0.2,0.6533623136636013,0.6220000000000003,1
7,2,79,156,1391,1547,self,4.72482235474087,3.0610887070994215,0.2,0.6533623136636013,0.4560000000000002,1
7,3,79,156,1391,1547,self,4.334917340380704,3.0610887070994215,0.2,0.6533623136636013,0.5420000000000003,1
7,4,79,156,1391,1547,self,4.6826565308846435,3.0610887070994215,0.2,0.6533623136636013,0.8840000000000006,1
7,5,79,156,1391,1547,self,5.299159201806852,3.0610887070994215,0.2,0.6533623136636013,0.8920000000000006,1
7,6,79,156,1391,1547,stranger,1.11997264327021,3.0610887070994215,0.2,0.6533623136636013,1.547,0
7,7,79,156,1391,1547,stranger,0.9985836959730388,3.0610887070994215,0.2,0.6533623136636013,1.3719999999999817,0
7,8,79,156,1391,1547,self,4.487013708651972,3.0610887070994215,0.2,0.6533623136636013,0.6080000000000003,1
7,9,79,156,1391,1547,self,5.092520875354648,3.0610887070994215,0.2,0.6533623136636013,0.6500000000000004,1
7,10,79,156,1391,1547,stranger,1.1993244971991677,3.0610887070994215,0.2,0.6533623136636013,2.0479999999999072,1
7,11,79,156,1391,1547,stranger,1.5885891991726713,3.0610887070994215,0.2,0.6533623136636013,1.4949999999999681,1
7,12,79,156,1391,1547,self,4.680900343167037,3.0610887070994215,0.2,0.6533623136636013,0.5930000000000003,1
7,13,79,156,1391,1547,stranger,0.4821717300868555,3.0610887070994215,0.2,0.6533623136636013,1.547,0
7,14,79,156,1391,1547,self,4.768343846477181,3.0610887070994215,0.2,0.6533623136636013,0.7930000000000004,1
7,15,79,156,1391,1547,stranger,1.0831354935616389,3.0610887070994215,0.2,0.6533623136636013,0.9910000000000005,0
7,16,79,156,1391,1547,stranger,2.138365003886618,3.0610887070994215,0.2,0.6533623136636013,1.4079999999999777,1
7,17,79,156,1391,1547,stranger,2.569546840469316,3.0610887070994215,0.2,0.6533623136636013,0.9920000000000007,1
7,18,79,156,1391,1547,self,4.641589084093665,3.0610887070994215,0.2,0.6533623136636013,0.5390000000000003,1
7,19,79,156,1391,1547,self,4.947472597343542,3.0610887070994215,0.2,0.6533623136636013,0.6400000000000003,1
7,20,79,156,1391,1547,self,4.564696926910215,3.0610887070994215,0.2,0.6533623136636013,0.5580000000000003,1
7,21,79,156,1391,1547,stranger,2.1386300694930442,3.0610887070994215,0.2,0.6533623136636013,0.7310000000000003,1
7,22,79,156,1391,1547,stranger,0.9141100335935644,3.0610887070994215,0.2,0.6533623136636013,2.0099999999999114,1
7,23,79,156,1391,1547,self,5.108193488213948,3.0610887070994215,0.2,0.6533623136636013,0.5540000000000003,1
7,24,79,156,1391,1547,self,6.365485350260789,3.0610887070994215,0.2,0.6533623136636013,0.5480000000000003,1
7,25,79,156,1391,1547,self,5.389856705626232,3.0610887070994215,0.2,0.6533623136636013,0.6920000000000004,1
7,26,79,156,1391,1547,self,4.966160136825612,3.0610887070994215,0.2,0.6533623136636013,0.7210000000000003,1
7,27,79,156,1391,1547,stranger,1.86732694006167,3.0610887070994215,0.2,0.6533623136636013,0.7470000000000003,1
7,28,79,156,1391,1547,stranger,1.6209721013259422,3.0610887070994215,0.2,0.6533623136636013,0.5470000000000003,1
7,29,79,156,1391,1547,stranger,1.4924658876676296,3.0610887070994215,0.2,0.6533623136636013,1.547,0
7,30,79,156,1391,1547,stranger,1.346810066573426,3.0610887070994215,0.2,0.6533623136636013,1.6659999999999493,1
7,31,79,156,1391,1547,self,5.615734215892969,3.0610887070994215,0.2,0.6533623136636013,0.6630000000000004,1
7,32,79,156,1391,1547,self,4.945731659017837,3.0610887070994215,0.2,0.6533623136636013,0.6420000000000003,1
7,33,79,156,1391,1547,stranger,1.3318075135029266,3.0610887070994215,0.2,0.6533623136636013,2.235999999999887,1
7,34,79,156,1391,1547,self,5.211096418755525,3.0610887070994215,0.2,0.6533623136636013,0.5290000000000002,1
7,35,79,156,1391,1547,self,4.680961246904429,3.0610887070994215,0.2,0.6533623136636013,0.5390000000000003,1
7,36,79,156,1391,1547,stranger,0.8549596921844576,3.0610887070994215,0.2,0.6533623136636013,1.0050000000000006,1
7,37,79,156,1391,1547,self,4.736662531622635,3.0610887070994215,0.2,0.6533623136636013,0.6310000000000003,1
7,38,79,156,1391,1547,stranger,0.8591939015748562,3.0610887070994215,0.2,0.6533623136636013,1.7519999999999398,1
7,39,79,156,1391,1547,self,4.970246765792604,3.0610887070994215,0.2,0.6533623136636013,0.7300000000000004,1
7,40,79,156,1391,1547,stranger,1.1813624386941373,3.0610887070994215,0.2,0.6533623136636013,0.9000000000000006,1
7,41,79,156,1391,1547,self,5.24197394534449,3.0610887070994215,0.2,0.6533623136636013,0.5200000000000002,1
7,42,79,156,1391,1547,stranger,1.2202092360898333,3.0610887070994215,0.2,0.6533623136636013,1.4919999999999685,1
7,43,79,156,1391,1547,self,4.30255570971614,3.0610887070994215,0.2,0.6533623136636013,0.7130000000000003,1
7,44,79,156,1391,1547,stranger,0.5659849381144628,3.0610887070994215,0.2,0.6533623136636013,0.3660000000000001,0
7,45,79,156,1391,1547,stranger,1.143808382292396,3.0610887070994215,0.2,0.6533623136636013,1.6439999999999517,1
7,46,79,156,1391,1547,stranger,2.138397594867481,3.0610887070994215,0.2,0.6533623136636013,1.0280000000000007,1
7,47,79,156,1391,1547,self,6.170322245878928,3.0610887070994215,0.2,0.6533623136636013,0.6220000000000003,1
7,48,79,156,1391,1547,self,4.341641508830547,3.0610887070994215,0.2,0.6533623136636013,0.6790000000000004,1
7,49,79,156,1391,1547,stranger,1.414042320660007,3.0610887070994215,0.2,0.6533623136636013,0.7770000000000004,1
7,50,79,156,1391,1547,self,4.553990784479039,3.0610887070994215,0.2,0.6533623136636013,0.5640000000000003,1
7,51,79,156,1391,1547,stranger,0.49535320256399323,3.0610887070994215,0.2,0.6533623136636013,0.3760000000000001,0
7,52,79,156,1391,1547,stranger,2.0670464880436534,3.0610887070994215,0.2,0.6533623136636013,0.9640000000000006,1
7,53,79,156,1391,1547,self,5.62143762853326,3.0610887070994215,0.2,0.6533623136636013,0.7660000000000005,1
7,54,79,156,1391,1547,stranger,0.7241246073054723,3.0610887070994215,0.2,0.6533623136636013,1.332999999999986,0
7,55,79,156,1391,1547,stranger,1.189941059812203,3.0610887070994215,0.2,0.6533623136636013,0.25500000000000006,0
7,56,79,156,1391,1547,self,4.916192089608722,3.0610887070994215,0.2,0.6533623136636013,0.4720000000000002,1
7,57,79,156,1391,1547,stranger,2.029066122797475,3.0610887070994215,0.2,0.6533623136636013,1.7279999999999425,1
7,58,79,156,1391,1547,stranger,2.2253553458614914,3.0610887070994215,0.2,0.6533623136636013,0.8180000000000005,1
7,59,79,156,1391,1547,stranger,1.1946426550487526,3.0610887070994215,0.2,0.6533623136636013,1.547,0
7,60,79,156,1391,1547,self,4.155625171985115,3.0610887070994215,0.2,0.6533623136636013,1.1520000000000008,1
8,1,137,410,1085,1495,self,7.076697516195323,3.075847051645865,0.2,0.6502273898599131,0.5630000000000003,1
8,2,137,410,1085,1495,self,6.96157408579316,3.075847051645865,0.2,0.6502273898599131,0.6470000000000004,1
8,3,137,410,1085,1495,stranger,1.9923293731003033,3.075847051645865,0.2,0.6502273898599131,1.1260000000000008,1
8,4,137,410,1085,1495,self,7.8393865856778655,3.075847051645865,0.2,0.6502273898599131,0.5140000000000002,1
8,5,137,410,1085,1495,self,7.86626392240316,3.075847051645865,0.2,0.6502273898599131,0.4790000000000002,1
8,6,137,410,1085,1495,self,6.609922457838257,3.075847051645865,0.2,0.6502273898599131,0.4800000000000002,1
8,7,137,410,1085,1495,stranger,0.9009036310372407,3.075847051645865,0.2,0.6502273898599131,2.1119999999999,1
8,8,137,410,1085,1495,self,7.644591337116256,3.075847051645865,0.2,0.6502273898599131,0.6320000000000003,1
8,9,137,410,1085,1495,stranger,2.8801700924496725,3.075847051645865,0.2,0.6502273898599131,0.8710000000000004,1
8,10,137,410,1085,1495,stranger,1.7446369412097762,3.075847051645865,0.2,0.6502273898599131,1.9749999999999153,1
8,11,137,410,1085,1495,self,7.210288072461213,3.075847051645865,0.2,0.6502273898599131,0.4670000000000002,1
8,12,137,410,1085,1495,stranger,2.7572048724351124,3.075847051645865,0.2,0.6502273898599131,1.0210000000000006,1
8,13,137,410,1085,1495,self,7.172885705140383,3.075847051645865,0.2,0.6502273898599131,0.5350000000000003,1
8,14,137,410,1085,1495,stranger,1.632391199506491,3.075847051645865,0.2,0.6502273898599131,0.3730000000000001,0
8,15,137,410,1085,1495,stranger,3.307734817577357,3.075847051645865,0.2,0.6502273898599131,0.8200000000000005,1
8,16,137,410,1085,1495,self,7.635611726660028,3.075847051645865,0.2,0.6502273898599131,0.5320000000000003,1
8,17,137,410,1085,1495,stranger,1.7502778891825144,3.075847051645865,0.2,0.6502273898599131,1.0270000000000006,1
8,18,137,410,1085,1495,stranger,1.4996398292335478,3.075847051645865,0.2,0.6502273898599131,1.9309999999999201,1
8,19,137,410,1085,1495,stranger,1.7536502873965372,3.075847051645865,0.2,0.6502273898599131,1.2119999999999993,1
8,20,137,410,1085,1495,stranger,2.6657863736210543,3.075847051645865,0.2,0.6502273898599131,1.4009999999999785,1
8,21,137,410,1085,1495,self,6.789514142834621,3.075847051645865,0.2,0.6502273898599131,0.4600000000000002,1
8,22,137,410,1085,1495,stranger,1.6292151743539365,3.075847051645865,0.2,0.6502273898599131,1.93199999999992,1
8,23,137,410,1085,1495,self,7.8762926338767665,3.075847051645865,0.2,0.6502273898599131,0.6310000000000003,1
8,24,137,410,1085,1495,self,6.655513806520361,3.075847051645865,0.2,0.6502273898599131,0.5990000000000003,1
8,25,137,410,1085,1495,self,7.922479182328548,3.075847051645865,0.2,0.6502273898599131,0.3720000000000001,1
8,26,137,410,1085,1495,stranger,1.519293686118397,3.075847051645865,0.2,0.6502273898599131,1.4829999999999695,1
8,27,137,410,1085,1495,stranger,1.4980527134681214,3.075847051645865,0.2,0.6502273898599131,1.495,0
8,28,137,410,1085,1495,stranger,1.7202938102762024,3.075847051645865,0.2,0.6502273898599131,0.8990000000000005,1
8,29,137,410,1085,1495,stranger,2.067706540322432,3.075847051645865,0.2,0.6502273898599131,1.4369999999999745,1
8,30,137,410,1085,1495,self,7.909559471760499,3.075847051645865,0.2,0.6502273898599131,0.5040000000000002,1
8,31,137,410,1085,1495,self,7.059420338414102,3.075847051645865,0.2,0.6502273898599131,0.41000000000000014,1
8,32,137,410,1085,1495,self,7.787923187077646,3.075847051645865,0.2,0.6502273898599131,0.5290000000000002,1
8,33,137,410,1085,1495,self,6.8058008840624815,3.075847051645865,0.2,0.6502273898599131,0.5790000000000003,1
8,34,137,410,1085,1495,self,7.529855020889808,3.075847051645865,0.2,0.6502273898599131,0.4820000000000002,1
8,35,137,410,1085,1495,stranger,1.1893798699468356,3.075847051645865,0.2,0.6502273898599131,1.0240000000000007,1
8,36,137,410,1085,1495,stranger,1.676399131747563,3.075847051645865,0.2,0.6502273898599131,1.495,0
8,37,137,410,1085,1495,stranger,1.7770430108850324,3.075847051645865,0.2,0.6502273898599131,1.7649999999999384,1
8,38,137,410,1085,1495,stranger,1.4976918991858925,3.075847051645865,0.2,0.6502273898599131,1.7699999999999378,1
8,39,137,410,1085,1495,self,7.606177839065098,3.075847051645865,0.2,0.6502273898599131,0.5540000000000003,1
8,40,137,410,1085,1495,stranger,1.6784862665307672,3.075847051645865,0.2,0.6502273898599131,0.9590000000000005,1
8,41,137,410,1085,1495,stranger,1.8087343556957576,3.075847051645865,0.2,0.6502273898599131,1.0930000000000006,1
8,42,137,410,1085,1495,self,7.656614651310401,3.075847051645865,0.2,0.6502273898599131,0.42900000000000016,1
8,43,137,410,1085,1495,self,6.056754278812348,3.075847051645865,0.2,0.6502273898599131,0.6520000000000004,1
8,44,137,410,1085,1495,stranger,2.0934010833501486,3.075847051645865,0.2,0.6502273898599131,0.9400000000000006,0
8,45,137,410,1085,1495,self,7.761006077729815,3.075847051645865,0.2,0.6502273898599131,0.5080000000000002,1
8,46,137,410,1085,1495,stranger,2.789954598015667,3.075847051645865,0.2,0.6502273898599131,1.1890000000000007,1
8,47,137,410,1085,1495,self,6.849666719267303,3.075847051645865,0.2,0.6502273898599131,0.5420000000000003,1
8,48,137,410,1085,1495,stranger,1.7917894692347005,3.075847051645865,0.2,0.6502273898599131,1.2199999999999984,1
8,49,137,410,1085,1495,stranger,1.3237812961214113,3.075847051645865,0.2,0.6502273898599131,1.5079999999999667,1
8,50,137,410,1085,1495,stranger,2.1475602465119334,3.075847051645865,0.2,0.6502273898599131,1.0320000000000007,1
8,51,137,410,1085,1495,self,7.05700318296391,3.075847051645865,0.2,0.6502273898599131,0.4650000000000002,1
8,52,137,410,1085,1495,self,6.720480063242028,3.075847051645865,0.2,0.6502273898599131,0.6380000000000003,1
8,53,137,410,1085,1495,stranger,1.2273429067763177,3.075847051645865,0.2,0.6502273898599131,0.7930000000000004,0
8,54,137,410,1085,1495,self,7.2991254921174065,3.075847051645865,0.2,0.6502273898599131,0.5700000000000003,1
8,55,137,410,1085,1495,stranger,2.0227185277962776,3.075847051645865,0.2,0.6502273898599131,1.1970000000000007,1
8,56,137,410,1085,1495,self,7.657470538489658,3.075847051645865,0.2,0.6502273898599131,0.5310000000000002,1
8,57,137,410,1085,1495,stranger,1.6138471493240885,3.075847051645865,0.2,0.6502273898599131,1.4379999999999744,1
8,58,137,410,1085,1495,self,7.03076907656719,3.075847051645865,0.2,0.6502273898599131,0.5880000000000003,1
8,59,137,410,1085,1495,self,7.115591290160467,3.075847051645865,0.2,0.6502273898599131,0.7250000000000003,1
8,60,137,410,1085,1495,self,7.532753362636173,3.075847051645865,0.2,0.6502273898599131,0.4750000000000002,1
9,1,63,536,1208,1744,stranger,2.0083791410891942,3.6421973239935412,0.2,0.5491190679935678,1.4919999999999685,1
9,2,63,536,1208,1744,stranger,2.0328027566319475,3.6421973239935412,0.2,0.5491190679935678,0.8550000000000004,1
9,3,63,536,1208,1744,stranger,3.0903777824280447,3.6421973239935412,0.2,0.5491190679935678,1.0290000000000006,1
9,4,63,536,1208,1744,stranger,2.8700205104239327,3.6421973239935412,0.2,0.5491190679935678,0.8670000000000004,1
9,5,63,536,1208,1744,stranger,1.4301219749108025,3.6421973239935412,0.2,0.5491190679935678,2.012999999999911,1
9,6,63,536,1208,1744,self,8.43406891640401,3.6421973239935412,0.2,0.5491190679935678,0.6430000000000003,1
9,7,63,536,1208,1744,stranger,2.07920788247723,3.6421973239935412,0.2,0.5491190679935678,0.9570000000000005,1
9,8,63,536,1208,1744,stranger,1.6799858009181143,3.6421973239935412,0.2,0.5491190679935678,1.622999999999954,1
9,9,63,536,1208,1744,self,8.376058998915095,3.6421973239935412,0.2,0.5491190679935678,0.5310000000000002,1
9,10,63,536,1208,1744,self,7.375247325380662,3.6421973239935412,0.2,0.5491190679935678,0.6030000000000003,1
9,11,63,536,1208,1744,stranger,1.5787019654621481,3.6421973239935412,0.2,0.5491190679935678,0.4850000000000002,0
9,12,63,536,1208,1744,stranger,2.2408362050484945,3.6421973239935412,0.2,0.5491190679935678,1.213999999999999,1
9,13,63,536,1208,1744,stranger,1.9122792421407508,3.6421973239935412,0.2,0.5491190679935678,1.5219999999999652,1
9,14,63,536,1208,1744,self,7.53220835502117,3.6421973239935412,0.2,0.5491190679935678,0.6890000000000004,1
9,15,63,536,1208,1744,self,7.532189256212585,3.6421973239935412,0.2,0.5491190679935678,0.6560000000000004,1
9,16,63,536,1208,1744,self,7.875711794582307,3.6421973239935412,0.2,0.5491190679935678,0.7640000000000005,1
9,17,63,536,1208,1744,self,7.9221345187673835,3.6421973239935412,0.2,0.5491190679935678,0.7820000000000005,1
9,18,63,536,1208,1744,self,7.0286577850154615,3.6421973239935412,0.2,0.5491190679935678,0.6540000000000004,1
9,19,63,536,1208,1744,stranger,2.0014925920452886,3.6421973239935412,0.2,0.5491190679935678,1.7919999999999354,1
9,20,63,536,1208,1744,self,7.212485543761901,3.6421973239935412,0.2,0.5491190679935678,0.7280000000000004,1
9,21,63,536,1208,1744,self,8.72701282345665,3.6421973239935412,0.2,0.5491190679935678,0.43700000000000017,1
9,22,63,536,1208,1744,self,7.517646784661439,3.6421973239935412,0.2,0.5491190679935678,0.6210000000000003,1
9,23,63,536,1208,1744,stranger,2.624490640754961,3.6421973239935412,0.2,0.5491190679935678,0.8680000000000005,1
9,24,63,536,1208,1744,self,7.475982616584363,3.6421973239935412,0.2,0.5491190679935678,0.5400000000000003,1
9,25,63,536,1208,1744,stranger,1.9327956975201563,3.6421973239935412,0.2,0.5491190679935678,1.2119999999999993,1
9,26,63,536,1208,1744,stranger,3.2687803996073663,3.6421973239935412,0.2,0.5491190679935678,0.9830000000000005,1
9,27,63,536,1208,1744,self,7.288398264003772,3.6421973239935412,0.2,0.5491190679935678,0.6810000000000004,1
9,28,63,536,1208,1744,self,7.750277150652367,3.6421973239935412,0.2,0.5491190679935678,0.5070000000000002,1
9,29,63,536,1208,1744,self,8.414815435599753,3.6421973239935412,0.2,0.5491190679935678,0.5940000000000003,1
9,30,63,536,1208,1744,stranger,2.010560748523068,3.6421973239935412,0.2,0.5491190679935678,1.5109999999999664,1
9,31,63,536,1208,1744,stranger,1.2285144006804014,3.6421973239935412,0.2,0.5491190679935678,1.2179999999999986,1
9,32,63,536,1208,1744,stranger,1.4940111335718678,3.6421973239935412,0.2,0.5491190679935678,1.744,0
9,33,63,536,1208,1744,stranger,1.5690352048507274,3.6421973239935412,0.2,0.5491190679935678,1.744,0
9,34,63,536,1208,1744,stranger,2.6471573081290805,3.6421973239935412,0.2,0.5491190679935678,1.3739999999999815,1
9,35,63,536,1208,1744,self,7.347118416681299,3.6421973239935412,0.2,0.5491190679935678,0.5530000000000003,1
9,36,63,536,1208,1744,self,8.241440938225326,3.6421973239935412,0.2,0.5491190679935678,0.5180000000000002,1
9,37,63,536,1208,1744,stranger,2.0200098921122147,3.6421973239935412,0.2,0.5491190679935678,1.0710000000000006,1
9,38,63,536,1208,1744,stranger,2.5760058175119367,3.6421973239935412,0.2,0.5491190679935678,1.1290000000000007,1
9,39,63,536,1208,1744,self,7.66842183568153,3.6421973239935412,0.2,0.5491190679935678,0.6050000000000003,1
9,40,63,536,1208,1744,stranger,2.5728040514140376,3.6421973239935412,0.2,0.5491190679935678,2.262999999999884,1
9,41,63,536,1208,1744,stranger,3.264070350673979,3.6421973239935412,0.2,0.5491190679935678,0.9830000000000005,1
9,42,63,536,1208,1744,stranger,1.2276865204154759,3.6421973239935412,0.2,0.5491190679935678,1.3039999999999892,1
9,43,63,536,1208,1744,self,7.727153801323264,3.6421973239935412,0.2,0.5491190679935678,0.5340000000000003,1
9,44,63,536,1208,1744,self,8.023343616885384,3.6421973239935412,0.2,0.5491190679935678,0.6220000000000003,1
9,45,63,536,1208,1744,stranger,1.9363140383965907,3.6421973239935412,0.2,0.5491190679935678,1.3079999999999887,1
9,46,63,536,1208,1744,stranger,2.7538751179319103,3.6421973239935412,0.2,0.5491190679935678,0.41400000000000015,0
9,47,63,536,1208,1744,stranger,1.5101869675793131,3.6421973239935412,0.2,0.5491190679935678,0.9660000000000006,1
9,48,63,536,1208,1744,self,7.256469502923576,3.6421973239935412,0.2,0.5491190679935678,0.8450000000000004,1
9,49,63,536,1208,1744,self,8.131883911622893,3.6421973239935412,0.2,0.5491190679935678,0.4690000000000002,1
9,50,63,536,1208,1744,stranger,2.616684919621519,3.6421973239935412,0.2,0.5491190679935678,1.744,0
9,51,63,536,1208,1744,stranger,1.9037636715029538,3.6421973239935412,0.2,0.5491190679935678,1.1690000000000007,1
9,52,63,536,1208,1744,self,6.699697890155802,3.6421973239935412,0.2,0.5491190679935678,0.7320000000000004,1
9,53,63,536,1208,1744,self,7.319084726758062,3.6421973239935412,0.2,0.5491190679935678,0.9410000000000005,1
9,54,63,536,1208,1744,self,8.138638918814713,3.6421973239935412,0.2,0.5491190679935678,0.6310000000000003,1
9,55,63,536,1208,1744,stranger,2.092210515100075,3.6421973239935412,0.2,0.5491190679935678,1.56899999999996,1
9,56,63,536,1208,1744,self,6.893349421074111,3.6421973239935412,0.2,0.5491190679935678,0.5750000000000003,1
9,57,63,536,1208,1744,self,7.769253557838302,3.6421973239935412,0.2,0.5491190679935678,0.7190000000000003,1
9,58,63,536,1208,1744,self,8.571140461196272,3.6421973239935412,0.2,0.5491190679935678,0.6150000000000003,1
9,59,63,536,1208,1744,self,7.612476035515977,3.6421973239935412,0.2,0.5491190679935678,0.5590000000000003,1
9,60,63,536,1208,1744,self,8.071167698981274,3.6421973239935412,0.2,0.5491190679935678,0.5570000000000003,1
10,1,144,562,787,1349,stranger,1.6700118952570193,3.5994474325130854,0.2,0.5556408414064897,0.25100000000000006,0
10,2,144,562,787,1349,stranger,1.7982595870619331,3.5994474325130854,0.2,0.5556408414064897,0.3100000000000001,0
10,3,144,562,787,1349,self,7.614237462043973,3.5994474325130854,0.2,0.5556408414064897,0.5930000000000003,1
10,4,144,562,787,1349,self,7.884284974403929,3.5994474325130854,0.2,0.5556408414064897,0.5210000000000002,1
10,5,144,562,787,1349,stranger,2.700995738346449,3.5994474325130854,0.2,0.5556408414064897,1.0360000000000007,1
10,6,144,562,787,1349,self,8.031793575110408,3.5994474325130854,0.2,0.5556408414064897,0.5250000000000002,1
10,7,144,562,787,1349,self,7.25770353785979,3.5994474325130854,0.2,0.5556408414064897,0.6810000000000004,1
10,8,144,562,787,1349,self,7.480940456967369,3.5994474325130854,0.2,0.5556408414064897,0.5860000000000003,1
10,9,144,562,787,1349,stranger,1.7155567812291674,3.5994474325130854,0.2,0.5556408414064897,0.3040000000000001,0
10,10,144,562,787,1349,stranger,2.1613045550493952,3.5994474325130854,0.2,0.5556408414064897,1.8459999999999295,1
10,11,144,562,787,1349,stranger,1.8580711361014068,3.5994474325130854,0.2,0.5556408414064897,1.1970000000000007,1
10,12,144,562,787,1349,stranger,1.8926626183777993,3.5994474325130854,0.2,0.5556408414064897,1.349,0
10,13,144,562,787,1349,stranger,1.7466533902540495,3.5994474325130854,0.2,0.5556408414064897,1.349,0
10,14,144,562,787,1349,self,7.295788029284001,3.5994474325130854,0.2,0.5556408414064897,0.6380000000000003,1
10,15,144,562,787,1349,self,8.799050404753784,3.5994474325130854,0.2,0.5556408414064897,0.5190000000000002,1
10,16,144,562,787,1349,stranger,2.3667370783333848,3.5994474325130854,0.2,0.5556408414064897,1.56899999999996,1
10,17,144,562,787,1349,self,7.340455154209242,3.5994474325130854,0.2,0.5556408414064897,0.9140000000000006,1
10,18,144,562,787,1349,stranger,1.505361872557855,3.5994474325130854,0.2,0.5556408414064897,1.1440000000000008,0
10,19,144,562,787,1349,self,7.140569876901592,3.5994474325130854,0.2,0.5556408414064897,0.4640000000000002,1
10,20,144,562,787,1349,self,6.737180168858615,3.5994474325130854,0.2,0.5556408414064897,0.6860000000000004,1
10,21,144,562,787,1349,self,7.194215286954736,3.5994474325130854,0.2,0.5556408414064897,0.5630000000000003,1
10,22,144,562,787,1349,self,7.094022085504877,3.5994474325130854,0.2,0.5556408414064897,0.6270000000000003,1
10,23,144,562,787,1349,self,6.922276208444081,3.5994474325130854,0.2,0.5556408414064897,0.8200000000000005,1
10,24,144,562,787,1349,stranger,1.7492428748989233,3.5994474325130854,0.2,0.5556408414064897,1.349,0
10,25,144,562,787,1349,self,6.295179504413027,3.5994474325130854,0.2,0.5556408414064897,0.5710000000000003,1
10,26,144,562,787,1349,stranger,1.6065659077279275,3.5994474325130854,0.2,0.5556408414064897,1.6279999999999535,1
10,27,144,562,787,1349,stranger,1.0345872878342055,3.5994474325130854,0.2,0.5556408414064897,1.349,0
10,28,144,562,787,1349,self,7.908315404240218,3.5994474325130854,0.2,0.5556408414064897,0.7860000000000005,1
10,29,144,562,787,1349,self,7.375165802933941,3.5994474325130854,0.2,0.5556408414064897,0.6610000000000004,1
10,30,144,562,787,1349,self,7.9679975892004045,3.5994474325130854,0.2,0.5556408414064897,0.6260000000000003,1
10,31,144,562,787,1349,self,6.778881455195555,3.5994474325130854,0.2,0.5556408414064897,0.6820000000000004,1
10,32,144,562,787,1349,self,8.123660452310046,3.5994474325130854,0.2,0.5556408414064897,0.7210000000000003,1
10,33,144,562,787,1349,self,7.385425036813924,3.5994474325130854,0.2,0.5556408414064897,0.5700000000000003,1
10,34,144,562,787,1349,stranger,1.5058906680399402,3.5994474325130854,0.2,0.5556408414064897,1.8479999999999293,1
10,35,144,562,787,1349,stranger,1.7360375578183027,3.5994474325130854,0.2,0.5556408414064897,2.1449999999998965,1
10,36,144,562,787,1349,stranger,1.9151321269176758,3.5994474325130854,0.2,0.5556408414064897,1.8299999999999312,1
10,37,144,562,787,1349,stranger,1.7484078310465847,3.5994474325130854,0.2,0.5556408414064897,2.051999999999907,1
10,38,144,562,787,1349,self,7.85379096425179,3.5994474325130854,0.2,0.5556408414064897,0.4570000000000002,1
10,39,144,562,787,1349,stranger,2.224022613083818,3.5994474325130854,0.2,0.5556408414064897,2.0999999999999015,1
10,40,144,562,787,1349,stranger,1.5739989974361122,3.5994474325130854,0.2,0.5556408414064897,1.349,0
10,41,144,562,787,1349,self,6.793599433331039,3.5994474325130854,0.2,0.5556408414064897,0.6490000000000004,1
10,42,144,562,787,1349,self,7.095110266442652,3.5994474325130854,0.2,0.5556408414064897,0.6040000000000003,1
10,43,144,562,787,1349,stranger,0.2871884940142837,3.5994474325130854,0.2,0.5556408414064897,0.2760000000000001,0
10,44,144,562,787,1349,stranger,1.024720237304225,3.5994474325130854,0.2,0.5556408414064897,1.7979999999999348,1
10,45,144,562,787,1349,stranger,1.9674038794287636,3.5994474325130854,0.2,0.5556408414064897,0.9990000000000006,1
10,46,144,562,787,1349,self,8.498444276598809,3.5994474325130854,0.2,0.5556408414064897,0.5250000000000002,1
10,47,144,562,787,1349,stranger,1.7210280728241325,3.5994474325130854,0.2,0.5556408414064897,1.1540000000000008,1
10,48,144,562,787,1349,stranger,1.3966362465955884,3.5994474325130854,0.2,0.5556408414064897,1.349,0
10,49,144,562,787,1349,stranger,2.4472447798877233,3.5994474325130854,0.2,0.5556408414064897,1.349,0
10,50,144,562,787,1349,self,7.948809651918859,3.5994474325130854,0.2,0.5556408414064897,0.6440000000000003,1
10,51,144,562,787,1349,stranger,2.313856865034491,3.5994474325130854,0.2,0.5556408414064897,1.9939999999999132,1
10,52,144,562,787,1349,self,7.103250496860817,3.5994474325130854,0.2,0.5556408414064897,0.4950000000000002,1
10,53,144,562,787,1349,self,6.6681237506174815,3.5994474325130854,0.2,0.5556408414064897,0.7670000000000003,1
10,54,144,562,787,1349,self,6.554638234218716,3.5994474325130854,0.2,0.5556408414064897,0.6740000000000004,1
10,55,144,562,787,1349,stranger,1.707745991486923,3.5994474325130854,0.2,0.5556408414064897,1.349,0
10,56,144,562,787,1349,self,7.70761392347116,3.5994474325130854,0.2,0.5556408414064897,0.6850000000000004,1
10,57,144,562,787,1349,self,7.261918208579123,3.5994474325130854,0.2,0.5556408414064897,0.5750000000000003,1
10,58,144,562,787,1349,stranger,2.688993393221812,3.5994474325130854,0.2,0.5556408414064897,0.2830000000000001,0
10,59,144,562,787,1349,stranger,1.1779572588070624,3.5994474325130854,0.2,0.5556408414064897,1.349,0
10,60,144,562,787,1349,stranger,1.9520575180609612,3.5994474325130854,0.2,0.5556408414064897,1.9169999999999217,1
11,1,86,21,1108,1129,stranger,1.3355969828061558,3.3852531653959526,0.2,0.5907977637962188,1.4309999999999752,1
11,2,86,21,1108,1129,self,2.9873009932366923,3.3852531653959526,0.2,0.5907977637962188,0.9350000000000005,1
11,3,86,21,1108,1129,self,2.8216787917328308,3.3852531653959526,0.2,0.5907977637962188,0.8730000000000004,1
11,4,86,21,1108,1129,stranger,1.1957446454102398,3.3852531653959526,0.2,0.5907977637962188,1.0660000000000007,1
11,5,86,21,1108,1129,stranger,1.4769099734340574,3.3852531653959526,0.2,0.5907977637962188,0.9390000000000005,1
11,6,86,21,1108,1129,stranger,0.34042810352056596,3.3852531653959526,0.2,0.5907977637962188,1.129,0
11,7,86,21,1108,1129,self,2.6758049828203143,3.3852531653959526,0.2,0.5907977637962188,1.1540000000000008,1
11,8,86,21,1108,1129,stranger,0.5084700320966871,3.3852531653959526,0.2,0.5907977637962188,1.129,0
11,9,86,21,1108,1129,stranger,0.8936463380984164,3.3852531653959526,0.2,0.5907977637962188,1.129,0
11,10,86,21,1108,1129,self,2.8909235027713227,3.3852531653959526,0.2,0.5907977637962188,1.1020000000000008,1
11,11,86,21,1108,1129,self,3.463526727814498,3.3852531653959526,0.2,0.5907977637962188,1.0440000000000007,1
11,12,86,21,1108,1129,self,2.785125237826868,3.3852531653959526,0.2,0.5907977637962188,0.9460000000000006,1
11,13,86,21,1108,1129,stranger,0.44300960285121793,3.3852531653959526,0.2,0.5907977637962188,1.129,0
11,14,86,21,1108,1129,self,2.1188936618707466,3.3852531653959526,0.2,0.5907977637962188,0.9990000000000006,1
11,15,86,21,1108,1129,stranger,1.0931470816757551,3.3852531653959526,0.2,0.5907977637962188,0.7940000000000005,0
11,16,86,21,1108,1129,stranger,2.0568627975693428,3.3852531653959526,0.2,0.5907977637962188,1.0540000000000007,1
11,17,86,21,1108,1129,self,3.063701547599888,3.3852531653959526,0.2,0.5907977637962188,1.0760000000000007,1
11,18,86,21,1108,1129,self,2.9156050009971226,3.3852531653959526,0.2,0.5907977637962188,0.7160000000000004,1
11,19,86,21,1108,1129,stranger,0.9615637234260079,3.3852531653959526,0.2,0.5907977637962188,2.0279999999999094,1
11,20,86,21,1108,1129,stranger,1.342934755191198,3.3852531653959526,0.2,0.5907977637962188,1.129,0
11,21,86,21,1108,1129,stranger,1.7019068523099237,3.3852531653959526,0.2,0.5907977637962188,1.129,0
11,22,86,21,1108,1129,stranger,1.498555018861413,3.3852531653959526,0.2,0.5907977637962188,1.4279999999999755,1
11,23,86,21,1108,1129,stranger,1.3337779934643788,3.3852531653959526,0.2,0.5907977637962188,2.003999999999912,1
11,24,86,21,1108,1129,self,2.9242223458718803,3.3852531653959526,0.2,0.5907977637962188,0.9980000000000007,1
11,25,86,21,1108,1129,self,2.7756785102777273,3.3852531653959526,0.2,0.5907977637962188,1.0640000000000007,1
11,26,86,21,1108,1129,self,2.972847444223835,3.3852531653959526,0.2,0.5907977637962188,0.8100000000000005,1
11,27,86,21,1108,1129,self,2.732158481336881,3.3852531653959526,0.2,0.5907977637962188,1.585999999999958,1
11,28,86,21,1108,1129,self,3.1280200702647893,3.3852531653959526,0.2,0.5907977637962188,0.8750000000000004,1
11,29,86,21,1108,1129,self,2.571644226704927,3.3852531653959526,0.2,0.5907977637962188,0.9430000000000005,1
11,30,86,21,1108,1129,self,3.0719403778054732,3.3852531653959526,0.2,0.5907977637962188,0.8690000000000004,1
11,31,86,21,1108,1129,self,2.7037187050436824,3.3852531653959526,0.2,0.5907977637962188,1.2000000000000006,1
11,32,86,21,1108,1129,self,2.890442891256558,3.3852531653959526,0.2,0.5907977637962188,0.6770000000000004,1
11,33,86,21,1108,1129,self,2.694893110246023,3.3852531653959526,0.2,0.5907977637962188,0.8990000000000005,1
11,34,86,21,1108,1129,stranger,1.1536870394343919,3.3852531653959526,0.2,0.5907977637962188,1.129,0
11,35,86,21,1108,1129,self,3.000724396975194,3.3852531653959526,0.2,0.5907977637962188,1.259999999999994,1
11,36,86,21,1108,1129,stranger,1.7466201783417317,3.3852531653959526,0.2,0.5907977637962188,1.6699999999999489,1
11,37,86,21,1108,1129,stranger,1.1657846831428222,3.3852531653959526,0.2,0.5907977637962188,1.8059999999999339,1
11,38,86,21,1108,1129,self,2.9556918981434412,3.3852531653959526,0.2,0.5907977637962188,1.3859999999999801,1
11,39,86,21,1108,1129,self,3.4726511920971888,3.3852531653959526,0.2,0.5907977637962188,0.9420000000000006,1
11,40,86,21,1108,1129,self,3.890829870988225,3.3852531653959526,0.2,0.5907977637962188,0.9950000000000006,1
11,41,86,21,1108,1129,stranger,1.627442473607871,3.3852531653959526,0.2,0.5907977637962188,2.1919999999998914,1
11,42,86,21,1108,1129,stranger,0.8717456532017782,3.3852531653959526,0.2,0.5907977637962188,1.241999999999996,1
11,43,86,21,1108,1129,stranger,1.7392958659050137,3.3852531653959526,0.2,0.5907977637962188,0.3020000000000001,0
11,44,86,21,1108,1129,self,3.158966049707302,3.3852531653959526,0.2,0.5907977637962188,1.1540000000000008,1
11,45,86,21,1108,1129,stranger,1.862268305730045,3.3852531653959526,0.2,0.5907977637962188,1.350999999999984,1
11,46,86,21,1108,1129,stranger,0.3300166463894809,3.3852531653959526,0.2,0.5907977637962188,0.3790000000000001,0
11,47,86,21,1108,1129,self,2.790472245452272,3.3852531653959526,0.2,0.5907977637962188,1.0720000000000007,1
11,48,86,21,1108,1129,self,3.0131272604468835,3.3852531653959526,0.2,0.5907977637962188,0.8760000000000006,1
11,49,86,21,1108,1129,stranger,0.9205001196012059,3.3852531653959526,0.2,0.5907977637962188,2.1109999999999003,1
11,50,86,21,1108,1129,stranger,0.39981675645525705,3.3852531653959526,0.2,0.5907977637962188,0.7930000000000004,0
11,51,86,21,1108,1129,self,2.7006234538230296,3.3852531653959526,0.2,0.5907977637962188,0.8930000000000005,1
11,52,86,21,1108,1129,self,2.429866695241885,3.3852531653959526,0.2,0.5907977637962188,1.3009999999999895,1
11,53,86,21,1108,1129,stranger,1.8435322951683277,3.3852531653959526,0.2,0.5907977637962188,1.129,0
11,54,86,21,1108,1129,stranger,0.9039180414578047,3.3852531653959526,0.2,0.5907977637962188,1.6569999999999503,1
11,55,86,21,1108,1129,stranger,-0.05999017176812926,3.3852531653959526,0.2,0.5907977637962188,0.42500000000000016,0
11,56,86,21,1108,1129,stranger,1.2041765795966302,3.3852531653959526,0.2,0.5907977637962188,1.129,0
11,57,86,21,1108,1129,self,3.383990449674115,3.3852531653959526,0.2,0.5907977637962188,1.2159999999999989,1
11,58,86,21,1108,1129,stranger,1.2076410194182547,3.3852531653959526,0.2,0.5907977637962188,2.1619999999998947,1
11,59,86,21,1108,1129,stranger,1.07118731276463,3.3852531653959526,0.2,0.5907977637962188,1.129,0
11,60,86,21,1108,1129,self,3.221292887269711,3.3852531653959526,0.2,0.5907977637962188,1.7289999999999424,1
12,1,130,277,1460,1737,stranger,1.0459925136513377,3.5064622952976294,0.2,0.5703754472655008,1.737,0
12,2,130,277,1460,1737,self,6.881733522837911,3.5064622952976294,0.2,0.5703754472655008,0.4810000000000002,1
12,3,130,277,1460,1737,stranger,2.0422830633305646,3.5064622952976294,0.2,0.5703754472655008,1.3809999999999807,1
12,4,130,277,1460,1737,stranger,1.7778648080856307,3.5064622952976294,0.2,0.5703754472655008,0.9920000000000007,1
12,5,130,277,1460,1737,stranger,2.380442012663794,3.5064622952976294,0.2,0.5703754472655008,1.631999999999953,1
12,6,130,277,1460,1737,stranger,2.260797381968455,3.5064622952976294,0.2,0.5703754472655008,0.26800000000000007,0
12,7,130,277,1460,1737,stranger,1.2895037093788126,3.5064622952976294,0.2,0.5703754472655008,1.3439999999999848,1
12,8,130,277,1460,1737,stranger,2.129333055503279,3.5064622952976294,0.2,0.5703754472655008,1.714999999999944,1
12,9,130,277,1460,1737,self,7.124934014259391,3.5064622952976294,0.2,0.5703754472655008,0.6450000000000004,1
12,10,130,277,1460,1737,stranger,1.0103976501033527,3.5064622952976294,0.2,0.5703754472655008,0.3340000000000001,0
12,11,130,277,1460,1737,self,6.190580045679994,3.5064622952976294,0.2,0.5703754472655008,0.6570000000000004,1
12,12,130,277,1460,1737,self,6.839378896534737,3.5064622952976294,0.2,0.5703754472655008,0.7000000000000004,1
12,13,130,277,1460,1737,stranger,1.4979035572561452,3.5064622952976294,0.2,0.5703754472655008,1.5029999999999673,1
12,14,130,277,1460,1737,self,6.359914673423206,3.5064622952976294,0.2,0.5703754472655008,0.5700000000000003,1
12,15,130,277,1460,1737,self,6.891496667979701,3.5064622952976294,0.2,0.5703754472655008,0.8660000000000005,1
12,16,130,277,1460,1737,self,6.683963750569877,3.5064622952976294,0.2,0.5703754472655008,0.5800000000000003,1
12,17,130,277,1460,1737,stranger,1.4011741165206097,3.5064622952976294,0.2,0.5703754472655008,1.737,0
12,18,130,277,1460,1737,self,7.0818789737000705,3.5064622952976294,0.2,0.5703754472655008,0.5520000000000003,1
12,19,130,277,1460,1737,self,6.760757025356899,3.5064622952976294,0.2,0.5703754472655008,0.5800000000000003,1
12,20,130,277,1460,1737,self,6.562922157005807,3.5064622952976294,0.2,0.5703754472655008,0.5540000000000003,1
12,21,130,277,1460,1737,stranger,2.386818902565535,3.5064622952976294,0.2,0.5703754472655008,1.1610000000000007,1
12,22,130,277,1460,1737,self,7.108152133854677,3.5064622952976294,0.2,0.5703754472655008,0.6880000000000004,1
12,23,130,277,1460,1737,self,7.213076726057453,3.5064622952976294,0.2,0.5703754472655008,0.6370000000000003,1
12,24,130,277,1460,1737,self,6.71118824998388,3.5064622952976294,0.2,0.5703754472655008,0.8660000000000005,1
12,25,130,277,1460,1737,stranger,2.0748386071818032,3.5064622952976294,0.2,0.5703754472655008,1.4069999999999778,1
12,26,130,277,1460,1737,self,5.715380843276731,3.5064622952976294,0.2,0.5703754472655008,0.6520000000000004,1
12,27,130,277,1460,1737,stranger,1.2478729667160324,3.5064622952976294,0.2,0.5703754472655008,2.0989999999999016,1
12,28,130,277,1460,1737,stranger,1.5280840475876418,3.5064622952976294,0.2,0.5703754472655008,1.3179999999999876,1
12,29,130,277,1460,1737,self,6.420912707217662,3.5064622952976294,0.2,0.5703754472655008,0.7320000000000004,1
12,30,130,277,1460,1737,stranger,2.028446837567782,3.5064622952976294,0.2,0.5703754472655008,1.8369999999999305,1
12,31,130,277,1460,1737,self,5.648213005754418,3.5064622952976294,0.2,0.5703754472655008,0.6040000000000003,1
12,32,130,277,1460,1737,stranger,1.9559259149848982,3.5064622952976294,0.2,0.5703754472655008,1.737,0
12,33,130,277,1460,1737,stranger,1.4322336768257795,3.5064622952976294,0.2,0.5703754472655008,1.5099999999999665,1
12,34,130,277,1460,1737,self,5.778611292764646,3.5064622952976294,0.2,0.5703754472655008,0.6590000000000004,1
12,35,130,277,1460,1737,self,6.922588366040435,3.5064622952976294,0.2,0.5703754472655008,0.6450000000000004,1
12,36,130,277,1460,1737,stranger,1.2205412949868182,3.5064622952976294,0.2,0.5703754472655008,1.4489999999999732,1
12,37,130,277,1460,1737,self,5.798807445207445,3.5064622952976294,0.2,0.5703754472655008,0.5820000000000003,1
12,38,130,277,1460,1737,self,6.715930829191154,3.5064622952976294,0.2,0.5703754472655008,0.5420000000000003,1
12,39,130,277,1460,1737,stranger,1.1108644998060955,3.5064622952976294,0.2,0.5703754472655008,1.8289999999999313,1
12,40,130,277,1460,1737,stranger,0.9170446904827624,3.5064622952976294,0.2,0.5703754472655008,0.5340000000000003,0
12,41,130,277,1460,1737,stranger,1.3374773680200978,3.5064622952976294,0.2,0.5703754472655008,2.103999999999901,1
12,42,130,277,1460,1737,self,6.3401054802224905,3.5064622952976294,0.2,0.5703754472655008,0.43000000000000016,1
12,43,130,277,1460,1737,stranger,1.2070978979477007,3.5064622952976294,0.2,0.5703754472655008,1.8019999999999343,1
12,44,130,277,1460,1737,self,6.34979883125177,3.5064622952976294,0.2,0.5703754472655008,0.6500000000000004,1
12,45,130,277,1460,1737,stranger,2.065097997421403,3.5064622952976294,0.2,0.5703754472655008,1.0550000000000006,1
12,46,130,277,1460,1737,self,6.450845414012885,3.5064622952976294,0.2,0.5703754472655008,0.7350000000000003,1
12,47,130,277,1460,1737,stranger,0.9664374745829837,3.5064622952976294,0.2,0.5703754472655008,1.737,0
12,48,130,277,1460,1737,stranger,0.5973746884824035,3.5064622952976294,0.2,0.5703754472655008,0.39500000000000013,0
12,49,130,277,1460,1737,self,6.819937003625961,3.5064622952976294,0.2,0.5703754472655008,0.7040000000000004,1
12,50,130,277,1460,1737,self,7.407689007281254,3.5064622952976294,0.2,0.5703754472655008,0.4950000000000002,1
12,51,130,277,1460,1737,stranger,1.4943577398185095,3.5064622952976294,0.2,0.5703754472655008,1.1210000000000007,1
12,52,130,277,1460,1737,stranger,0.8157533380342781,3.5064622952976294,0.2,0.5703754472655008,0.5780000000000003,0
12,53,130,277,1460,1737,self,6.7911074792251656,3.5064622952976294,0.2,0.5703754472655008,0.5800000000000003,1
12,54,130,277,1460,1737,self,7.163747472815451,3.5064622952976294,0.2,0.5703754472655008,0.7080000000000004,1
12,55,130,277,1460,1737,stranger,0.8884244240035967,3.5064622952976294,0.2,0.5703754472655008,1.737,0
12,56,130,277,1460,1737,stranger,0.9449498177266059,3.5064622952976294,0.2,0.5703754472655008,0.4760000000000002,0
12,57,130,277,1460,1737,self,6.698421644372421,3.5064622952976294,0.2,0.5703754472655008,0.7770000000000004,1
12,58,130,277,1460,1737,self,6.5996270847363725,3.5064622952976294,0.2,0.5703754472655008,0.5750000000000003,1
12,59,130,277,1460,1737,stranger,1.836294931951895,3.5064622952976294,0.2,0.5703754472655008,0.8430000000000004,1
12,60,130,277,1460,1737,self,6.255780448083753,3.5064622952976294,0.2,0.5703754472655008,0.7830000000000004,1
13,1,120,293,1330,1623,self,7.444054133465088,3.1760063599032105,0.2,0.6297216609040261,0.6570000000000004,1
13,2,120,293,1330,1623,self,7.307283740993856,3.1760063599032105,0.2,0.6297216609040261,0.5220000000000002,1
13,3,120,293,1330,1623,stranger,2.349605711151528,3.1760063599032105,0.2,0.6297216609040261,0.8080000000000005,1
13,4,120,293,1330,1623,self,7.575387699260794,3.1760063599032105,0.2,0.6297216609040261,0.5080000000000002,1
13,5,120,293,1330,1623,stranger,2.8683527910095137,3.1760063599032105,0.2,0.6297216609040261,0.8580000000000005,1
13,6,120,293,1330,1623,stranger,2.5030440330571864,3.1760063599032105,0.2,0.6297216609040261,1.559999999999961,1
13,7,120,293,1330,1623,self,6.742701217725593,3.1760063599032105,0.2,0.6297216609040261,0.7020000000000004,1
13,8,120,293,1330,1623,stranger,1.9801603752004673,3.1760063599032105,0.2,0.6297216609040261,1.8819999999999255,1
13,9,120,293,1330,1623,stranger,1.5014612146386437,3.1760063599032105,0.2,0.6297216609040261,1.1260000000000008,1
13,10,120,293,1330,1623,self,6.374274685597837,3.1760063599032105,0.2,0.6297216609040261,0.6530000000000004,1
13,11,120,293,1330,1623,self,7.0386704158669735,3.1760063599032105,0.2,0.6297216609040261,0.4730000000000002,1
13,12,120,293,1330,1623,self,6.940874945977511,3.1760063599032105,0.2,0.6297216609040261,0.6160000000000003,1
13,13,120,293,1330,1623,self,7.926586767207227,3.1760063599032105,0.2,0.6297216609040261,0.5610000000000003,1
13,14,120,293,1330,1623,stranger,2.933463004908875,3.1760063599032105,0.2,0.6297216609040261,1.431999999999975,1
13,15,120,293,1330,1623,self,6.579807161845762,3.1760063599032105,0.2,0.6297216609040261,0.6780000000000004,1
13,16,120,293,1330,1623,self,7.164600961788144,3.1760063599032105,0.2,0.6297216609040261,0.5930000000000003,1
13,17,120,293,1330,1623,self,6.308475277440556,3.1760063599032105,0.2,0.6297216609040261,0.5650000000000003,1
13,18,120,293,1330,1623,stranger,1.5929978842497445,3.1760063599032105,0.2,0.6297216609040261,1.623,0
13,19,120,293,1330,1623,stranger,1.3313531931113518,3.1760063599032105,0.2,0.6297216609040261,1.623,0
13,20,120,293,1330,1623,stranger,2.034995327112449,3.1760063599032105,0.2,0.6297216609040261,1.459999999999972,1
13,21,120,293,1330,1623,stranger,2.402683381041368,3.1760063599032105,0.2,0.6297216609040261,0.2890000000000001,0
13,22,120,293,1330,1623,stranger,1.979526777595614,3.1760063599032105,0.2,0.6297216609040261,0.8220000000000005,1
13,23,120,293,1330,1623,self,6.408065292376747,3.1760063599032105,0.2,0.6297216609040261,0.5340000000000003,1
13,24,120,293,1330,1623,stranger,2.322272528182718,3.1760063599032105,0.2,0.6297216609040261,1.0400000000000007,1
13,25,120,293,1330,1623,stranger,1.934402809445721,3.1760063599032105,0.2,0.6297216609040261,1.2939999999999903,1
13,26,120,293,1330,1623,self,6.633148652323514,3.1760063599032105,0.2,0.6297216609040261,0.5480000000000003,1
13,27,120,293,1330,1623,self,6.320076384859929,3.1760063599032105,0.2,0.6297216609040261,0.5280000000000002,1
13,28,120,293,1330,1623,self,6.818191083786537,3.1760063599032105,0.2,0.6297216609040261,0.7350000000000003,1
13,29,120,293,1330,1623,self,6.718550119201787,3.1760063599032105,0.2,0.6297216609040261,0.7000000000000004,1
13,30,120,293,1330,1623,self,7.589254147238807,3.1760063599032105,0.2,0.6297216609040261,0.5000000000000002,1
13,31,120,293,1330,1623,stranger,1.9141812523825168,3.1760063599032105,0.2,0.6297216609040261,1.1670000000000007,1
13,32,120,293,1330,1623,self,6.524649611878092,3.1760063599032105,0.2,0.6297216609040261,0.39800000000000013,1
13,33,120,293,1330,1623,stranger,2.0046435837133987,3.1760063599032105,0.2,0.6297216609040261,1.4009999999999785,1
13,34,120,293,1330,1623,stranger,2.2517450180860474,3.1760063599032105,0.2,0.6297216609040261,0.9900000000000007,1
13,35,120,293,1330,1623,stranger,1.2401440525024032,3.1760063599032105,0.2,0.6297216609040261,1.4649999999999714,1
13,36,120,293,1330,1623,self,6.535320978145089,3.1760063599032105,0.2,0.6297216609040261,0.5850000000000003,1
13,37,120,293,1330,1623,stranger,2.0159755720914485,3.1760063599032105,0.2,0.6297216609040261,1.6209999999999543,1
13,38,120,293,1330,1623,stranger,0.6156684756371263,3.1760063599032105,0.2,0.6297216609040261,0.3530000000000001,0
13,39,120,293,1330,1623,self,6.338973201879037,3.1760063599032105,0.2,0.6297216609040261,0.6430000000000003,1
13,40,120,293,1330,1623,self,5.685052479653008,3.1760063599032105,0.2,0.6297216609040261,0.6590000000000004,1
13,41,120,293,1330,1623,self,8.092373513808946,3.1760063599032105,0.2,0.6297216609040261,0.5720000000000003,1
13,42,120,293,1330,1623,stranger,1.613767690149269,3.1760063599032105,0.2,0.6297216609040261,0.7020000000000004,0
13,43,120,293,1330,1623,stranger,1.7126007202472668,3.1760063599032105,0.2,0.6297216609040261,0.40600000000000014,0
13,44,120,293,1330,1623,self,6.6982242437692605,3.1760063599032105,0.2,0.6297216609040261,0.6210000000000003,1
13,45,120,293,1330,1623,self,6.134639367000354,3.1760063599032105,0.2,0.6297216609040261,0.5580000000000003,1
13,46,120,293,1330,1623,self,5.9219928443692815,3.1760063599032105,0.2,0.6297216609040261,0.6980000000000004,1
13,47,120,293,1330,1623,self,5.866966762643957,3.1760063599032105,0.2,0.6297216609040261,0.4730000000000002,1
13,48,120,293,1330,1623,stranger,1.3366409232570033,3.1760063599032105,0.2,0.6297216609040261,1.7119999999999442,1
13,49,120,293,1330,1623,self,7.074044988877083,3.1760063599032105,0.2,0.6297216609040261,0.5590000000000003,1
13,50,120,293,1330,1623,self,6.387906921992447,3.1760063599032105,0.2,0.6297216609040261,0.6020000000000003,1
13,51,120,293,1330,1623,stranger,1.1811332920129014,3.1760063599032105,0.2,0.6297216609040261,1.93199999999992,1
13,52,120,293,1330,1623,self,7.083782369700559,3.1760063599032105,0.2,0.6297216609040261,0.5690000000000003,1
13,53,120,293,1330,1623,stranger,2.9251283478683856,3.1760063599032105,0.2,0.6297216609040261,0.8730000000000004,1
13,54,120,293,1330,1623,stranger,2.0678403440075868,3.1760063599032105,0.2,0.6297216609040261,0.9410000000000005,1
13,55,120,293,1330,1623,stranger,0.8762284592608426,3.1760063599032105,0.2,0.6297216609040261,0.4480000000000002,0
13,56,120,293,1330,1623,stranger,2.1262615726095624,3.1760063599032105,0.2,0.6297216609040261,1.0240000000000007,1
13,57,120,293,1330,1623,self,6.812913908676448,3.1760063599032105,0.2,0.6297216609040261,0.5810000000000003,1
13,58,120,293,1330,1623,stranger,2.058497521118806,3.1760063599032105,0.2,0.6297216609040261,1.8189999999999324,1
13,59,120,293,1330,1623,stranger,2.4577070362127573,3.1760063599032105,0.2,0.6297216609040261,0.7860000000000005,1
13,60,120,293,1330,1623,stranger,2.5275546561060143,3.1760063599032105,0.2,0.6297216609040261,0.8690000000000004,1
14,1,54,202,1342,1544,stranger,1.9814764096517476,3.3437544282586553,0.2,0.5981300489945222,1.2179999999999986,1
14,2,54,202,1342,1544,self,4.9071731314505325,3.3437544282586553,0.2,0.5981300489945222,0.7430000000000003,1
14,3,54,202,1342,1544,self,4.923689066646798,3.3437544282586553,0.2,0.5981300489945222,0.6380000000000003,1
14,4,54,202,1342,1544,stranger,1.4597265901638599,3.3437544282586553,0.2,0.5981300489945222,1.544,0
14,5,54,202,1342,1544,stranger,0.5720163889522302,3.3437544282586553,0.2,0.5981300489945222,0.3750000000000001,0
14,6,54,202,1342,1544,stranger,0.9384253433425807,3.3437544282586553,0.2,0.5981300489945222,0.2830000000000001,0
14,7,54,202,1342,1544,stranger,1.2499424355807414,3.3437544282586553,0.2,0.5981300489945222,1.6109999999999554,1
14,8,54,202,1342,1544,stranger,1.1098796915530211,3.3437544282586553,0.2,0.5981300489945222,2.095999999999902,1
14,9,54,202,1342,1544,self,4.879609471243299,3.3437544282586553,0.2,0.5981300489945222,0.8270000000000004,1
14,10,54,202,1342,1544,self,4.509016490122022,3.3437544282586553,0.2,0.5981300489945222,0.8780000000000006,1
14,11,54,202,1342,1544,stranger,1.034976109671559,3.3437544282586553,0.2,0.5981300489945222,0.40900000000000014,0
14,12,54,202,1342,1544,stranger,0.7763812267471332,3.3437544282586553,0.2,0.5981300489945222,0.40800000000000014,0
14,13,54,202,1342,1544,self,5.049456499115892,3.3437544282586553,0.2,0.5981300489945222,0.7620000000000005,1
14,14,54,202,1342,1544,self,5.287206038606111,3.3437544282586553,0.2,0.5981300489945222,0.9310000000000005,1
14,15,54,202,1342,1544,stranger,0.11527459269176135,3.3437544282586553,0.2,0.5981300489945222,1.6729999999999485,0
14,16,54,202,1342,1544,self,5.664895332407711,3.3437544282586553,0.2,0.5981300489945222,0.6360000000000003,1
14,17,54,202,1342,1544,stranger,0.975769558353248,3.3437544282586553,0.2,0.5981300489945222,1.3099999999999885,1
14,18,54,202,1342,1544,stranger,0.9814712691962779,3.3437544282586553,0.2,0.5981300489945222,2.131999999999898,1
14,19,54,202,1342,1544,stranger,1.6704398741491893,3.3437544282586553,0.2,0.5981300489945222,0.3240000000000001,0
14,20,54,202,1342,1544,stranger,1.8542840318060023,3.3437544282586553,0.2,0.5981300489945222,1.4739999999999704,1
14,21,54,202,1342,1544,self,4.964301981234498,3.3437544282586553,0.2,0.5981300489945222,0.9080000000000006,1
14,22,54,202,1342,1544,stranger,0.5655940778780938,3.3437544282586553,0.2,0.5981300489945222,1.544,0
14,23,54,202,1342,1544,stranger,0.8138605283669194,3.3437544282586553,0.2,0.5981300489945222,2.0529999999999067,1
14,24,54,202,1342,1544,self,5.068881048226023,3.3437544282586553,0.2,0.5981300489945222,0.8090000000000004,1
14,25,54,202,1342,1544,self,5.8791898851299536,3.3437544282586553,0.2,0.5981300489945222,0.6900000000000004,1
14,26,54,202,1342,1544,self,5.1355332768820485,3.3437544282586553,0.2,0.5981300489945222,0.6470000000000004,1
14,27,54,202,1342,1544,stranger,1.3048627564809319,3.3437544282586553,0.2,0.5981300489945222,0.40000000000000013,0
14,28,54,202,1342,1544,stranger,0.43702462180540746,3.3437544282586553,0.2,0.5981300489945222,1.322999999999987,0
14,29,54,202,1342,1544,stranger,1.967811769665624,3.3437544282586553,0.2,0.5981300489945222,1.240999999999996,1
14,30,54,202,1342,1544,stranger,0.5276614524629121,3.3437544282586553,0.2,0.5981300489945222,1.544,0
14,31,54,202,1342,1544,self,5.4071110667059905,3.3437544282586553,0.2,0.5981300489945222,0.6870000000000004,1
14,32,54,202,1342,1544,stranger,1.1686122491675008,3.3437544282586553,0.2,0.5981300489945222,0.7000000000000004,0
14,33,54,202,1342,1544,self,5.792539472544708,3.3437544282586553,0.2,0.5981300489945222,0.7120000000000004,1
14,34,54,202,1342,1544,self,5.143087614529802,3.3437544282586553,0.2,0.5981300489945222,0.8940000000000006,1
14,35,54,202,1342,1544,self,6.169749909327002,3.3437544282586553,0.2,0.5981300489945222,0.6860000000000004,1
14,36,54,202,1342,1544,stranger,1.7311645956355373,3.3437544282586553,0.2,0.5981300489945222,0.3080000000000001,0
14,37,54,202,1342,1544,self,4.716423063476301,3.3437544282586553,0.2,0.5981300489945222,0.5390000000000003,1
14,38,54,202,1342,1544,self,5.058676629395747,3.3437544282586553,0.2,0.5981300489945222,0.6110000000000003,1
14,39,54,202,1342,1544,self,4.56578628893455,3.3437544282586553,0.2,0.5981300489945222,0.7610000000000003,1
14,40,54,202,1342,1544,stranger,1.3288287370910048,3.3437544282586553,0.2,0.5981300489945222,0.32900000000000007,0
14,41,54,202,1342,1544,self,4.744646111978789,3.3437544282586553,0.2,0.5981300489945222,0.5620000000000003,1
14,42,54,202,1342,1544,self,4.6479857432949325,3.3437544282586553,0.2,0.5981300489945222,1.1290000000000007,1
14,43,54,202,1342,1544,stranger,1.679667305313836,3.3437544282586553,0.2,0.5981300489945222,1.7189999999999435,1
14,44,54,202,1342,1544,self,5.257054202101987,3.3437544282586553,0.2,0.5981300489945222,0.7640000000000005,1
14,45,54,202,1342,1544,self,5.7522745194719525,3.3437544282586553,0.2,0.5981300489945222,0.8520000000000005,1
14,46,54,202,1342,1544,stranger,0.9158834148475512,3.3437544282586553,0.2,0.5981300489945222,1.544,0
14,47,54,202,1342,1544,self,5.615563716044527,3.3437544282586553,0.2,0.5981300489945222,0.8550000000000004,1
14,48,54,202,1342,1544,self,4.834498246274675,3.3437544282586553,0.2,0.5981300489945222,0.6450000000000004,1
14,49,54,202,1342,1544,stranger,0.7571366044158675,3.3437544282586553,0.2,0.5981300489945222,1.0850000000000006,0
14,50,54,202,1342,1544,stranger,0.45059887691961376,3.3437544282586553,0.2,0.5981300489945222,0.6760000000000004,0
14,51,54,202,1342,1544,stranger,0.7316704993720128,3.3437544282586553,0.2,0.5981300489945222,1.544,0
14,52,54,202,1342,1544,self,6.267619025163693,3.3437544282586553,0.2,0.5981300489945222,0.5020000000000002,1
14,53,54,202,1342,1544,stranger,0.6072934168029211,3.3437544282586553,0.2,0.5981300489945222,2.0009999999999124,1
14,54,54,202,1342,1544,self,5.594399208068356,3.3437544282586553,0.2,0.5981300489945222,1.0110000000000006,1
14,55,54,202,1342,1544,self,5.464741389094573,3.3437544282586553,0.2,0.5981300489945222,0.9280000000000006,1
14,56,54,202,1342,1544,stranger,1.0067664650056944,3.3437544282586553,0.2,0.5981300489945222,1.544,0
14,57,54,202,1342,1544,self,5.420613925690564,3.3437544282586553,0.2,0.5981300489945222,0.7540000000000004,1
14,58,54,202,1342,1544,self,5.821276759258577,3.3437544282586553,0.2,0.5981300489945222,0.7310000000000003,1
14,59,54,202,1342,1544,stranger,1.3401760550804211,3.3437544282586553,0.2,0.5981300489945222,1.544,0
14,60,54,202,1342,1544,self,5.044448010810792,3.3437544282586553,0.2,0.5981300489945222,0.7600000000000005,1
15,1,88,464,924,1388,stranger,2.1062574890097476,3.483366106344644,0.2,0.574157277455613,1.3799999999999808,1
15,2,88,464,924,1388,self,7.78673061921249,3.483366106344644,0.2,0.574157277455613,0.4460000000000002,1
15,3,88,464,924,1388,stranger,1.2778916376351979,3.483366106344644,0.2,0.574157277455613,1.4759999999999702,1
15,4,88,464,924,1388,stranger,1.2428480710246033,3.483366106344644,0.2,0.574157277455613,0.7510000000000003,0
15,5,88,464,924,1388,stranger,1.5349766640136173,3.483366106344644,0.2,0.574157277455613,1.3880000000000001,0
15,6,88,464,924,1388,stranger,1.3950720009658972,3.483366106344644,0.2,0.574157277455613,1.540999999999963,1
15,7,88,464,924,1388,stranger,1.289161562121328,3.483366106344644,0.2,0.574157277455613,1.3880000000000001,0
15,8,88,464,924,1388,stranger,1.454226281874017,3.483366106344644,0.2,0.574157277455613,2.0359999999999085,1
15,9,88,464,924,1388,self,7.635491026613662,3.483366106344644,0.2,0.574157277455613,0.5900000000000003,1
15,10,88,464,924,1388,self,6.311637166715121,3.483366106344644,0.2,0.574157277455613,0.6350000000000003,1
15,11,88,464,924,1388,self,6.561399630232444,3.483366106344644,0.2,0.574157277455613,0.5920000000000003,1
15,12,88,464,924,1388,self,7.472836446020313,3.483366106344644,0.2,0.574157277455613,0.6390000000000003,1
15,13,88,464,924,1388,self,7.490446091883172,3.483366106344644,0.2,0.574157277455613,0.6010000000000003,1
15,14,88,464,924,1388,stranger,1.3240430495957916,3.483366106344644,0.2,0.574157277455613,1.3880000000000001,0
15,15,88,464,924,1388,stranger,1.492211726667505,3.483366106344644,0.2,0.574157277455613,1.9199999999999213,1
15,16,88,464,924,1388,self,6.736510555214089,3.483366106344644,0.2,0.574157277455613,0.6720000000000004,1
15,17,88,464,924,1388,stranger,1.4727381381641975,3.483366106344644,0.2,0.574157277455613,1.2819999999999916,1
15,18,88,464,924,1388,self,6.880946690906187,3.483366106344644,0.2,0.574157277455613,0.7110000000000003,1
15,19,88,464,924,1388,self,7.435280573420512,3.483366106344644,0.2,0.574157277455613,0.5420000000000003,1
15,20,88,464,924,1388,stranger,1.2815264165051639,3.483366106344644,0.2,0.574157277455613,1.9529999999999177,1
15,21,88,464,924,1388,stranger,1.055386031373374,3.483366106344644,0.2,0.574157277455613,1.5449999999999626,1
15,22,88,464,924,1388,self,7.839024645707033,3.483366106344644,0.2,0.574157277455613,0.6960000000000004,1
15,23,88,464,924,1388,self,7.293126767067394,3.483366106344644,0.2,0.574157277455613,0.5220000000000002,1
15,24,88,464,924,1388,stranger,0.549381874389252,3.483366106344644,0.2,0.574157277455613,1.3880000000000001,0
15,25,88,464,924,1388,self,6.483555011465693,3.483366106344644,0.2,0.574157277455613,0.7490000000000003,1
15,26,88,464,924,1388,stranger,1.213676656523991,3.483366106344644,0.2,0.574157277455613,2.078999999999904,1
15,27,88,464,924,1388,stranger,0.8460868940592172,3.483366106344644,0.2,0.574157277455613,1.3880000000000001,0
15,28,88,464,924,1388,stranger,2.2173257022847985,3.483366106344644,0.2,0.574157277455613,1.3880000000000001,0
15,29,88,464,924,1388,stranger,1.2862051306158941,3.483366106344644,0.2,0.574157277455613,1.2179999999999986,1
15,30,88,464,924,1388,stranger,2.0021578405111025,3.483366106344644,0.2,0.574157277455613,1.885999999999925,1
15,31,88,464,924,1388,self,7.111758039603622,3.483366106344644,0.2,0.574157277455613,0.6060000000000003,1
15,32,88,464,924,1388,self,6.817546352197931,3.483366106344644,0.2,0.574157277455613,0.6290000000000003,1
15,33,88,464,924,1388,stranger,0.7350299197785697,3.483366106344644,0.2,0.574157277455613,1.3880000000000001,0
15,34,88,464,924,1388,stranger,2.1898676116642632,3.483366106344644,0.2,0.574157277455613,1.395999999999979,1
15,35,88,464,924,1388,stranger,0.7399556706543655,3.483366106344644,0.2,0.574157277455613,0.8440000000000005,0
15,36,88,464,924,1388,stranger,1.4068525867873678,3.483366106344644,0.2,0.574157277455613,1.540999999999963,1
15,37,88,464,924,1388,self,7.474594447934146,3.483366106344644,0.2,0.574157277455613,0.6020000000000003,1
15,38,88,464,924,1388,self,6.577132409176032,3.483366106344644,0.2,0.574157277455613,0.6840000000000004,1
15,39,88,464,924,1388,self,7.365194477432187,3.483366106344644,0.2,0.574157277455613,0.5580000000000003,1
15,40,88,464,924,1388,self,6.137359383944741,3.483366106344644,0.2,0.574157277455613,0.7020000000000004,1
15,41,88,464,924,1388,self,7.98969380251793,3.483366106344644,0.2,0.574157277455613,0.6850000000000004,1
15,42,88,464,924,1388,self,7.3239262561781615,3.483366106344644,0.2,0.574157277455613,0.6650000000000004,1
15,43,88,464,924,1388,stranger,1.976736750380526,3.483366106344644,0.2,0.574157277455613,1.7809999999999366,1
15,44,88,464,924,1388,self,6.051911054977721,3.483366106344644,0.2,0.574157277455613,0.8300000000000005,1
15,45,88,464,924,1388,self,7.278634334938767,3.483366106344644,0.2,0.574157277455613,0.5840000000000003,1
15,46,88,464,924,1388,stranger,1.6250982391091124,3.483366106344644,0.2,0.574157277455613,1.3880000000000001,0
15,47,88,464,924,1388,stranger,1.7193596147544103,3.483366106344644,0.2,0.574157277455613,1.7189999999999435,1
15,48,88,464,924,1388,stranger,1.1666882877828677,3.483366106344644,0.2,0.574157277455613,0.41300000000000014,0
15,49,88,464,924,1388,stranger,2.0835214857743622,3.483366106344644,0.2,0.574157277455613,1.9969999999999128,1
15,50,88,464,924,1388,stranger,1.7296234655983524,3.483366106344644,0.2,0.574157277455613,2.1889999999998917,1
15,51,88,464,924,1388,stranger,1.3828714234465076,3.483366106344644,0.2,0.574157277455613,1.3880000000000001,0
15,52,88,464,924,1388,self,6.896447570436093,3.483366106344644,0.2,0.574157277455613,0.4740000000000002,1
15,53,88,464,924,1388,self,6.266603555141543,3.483366106344644,0.2,0.574157277455613,0.6290000000000003,1
15,54,88,464,924,1388,self,6.638183103940033,3.483366106344644,0.2,0.574157277455613,0.6090000000000003,1
15,55,88,464,924,1388,self,6.000159186918399,3.483366106344644,0.2,0.574157277455613,0.6910000000000004,1
15,56,88,464,924,1388,stranger,1.8363577813601202,3.483366106344644,0.2,0.574157277455613,2.068999999999905,1
15,57,88,464,924,1388,self,6.494076789298402,3.483366106344644,0.2,0.574157277455613,0.5020000000000002,1
15,58,88,464,924,1388,self,7.274949547314224,3.483366106344644,0.2,0.574157277455613,0.5790000000000003,1
15,59,88,464,924,1388,self,5.957892285769049,3.483366106344644,0.2,0.574157277455613,0.5440000000000003,1
15,60,88,464,924,1388,self,7.3652166845131966,3.483366106344644,0.2,0.574157277455613,0.5550000000000003,1
16,1,14,60,523,583,stranger,-0.2756474002925208,1.6445817489551735,0.2,1.2161146755219854,0.2790000000000001,1
16,2,14,60,523,583,self,1.6203918943227718,1.6445817489551735,0.2,1.2161146755219854,0.8270000000000004,1
16,3,14,60,523,583,self,0.7892259986900048,1.6445817489551735,0.2,1.2161146755219854,0.6640000000000004,1
16,4,14,60,523,583,stranger,-0.14062551479107138,1.6445817489551735,0.2,1.2161146755219854,0.6440000000000003,0
16,5,14,60,523,583,stranger,-0.2038775031170455,1.6445817489551735,0.2,1.2161146755219854,1.1070000000000007,0
16,6,14,60,523,583,stranger,-0.8399416461824276,1.6445817489551735,0.2,1.2161146755219854,0.583,0
16,7,14,60,523,583,self,1.981096368253109,1.6445817489551735,0.2,1.2161146755219854,0.26800000000000007,1
16,8,14,60,523,583,self,1.7345558467384794,1.6445817489551735,0.2,1.2161146755219854,0.3700000000000001,1
16,9,14,60,523,583,stranger,0.5326092169858245,1.6445817489551735,0.2,1.2161146755219854,1.213999999999999,1
16,10,14,60,523,583,self,1.0996679199720159,1.6445817489551735,0.2,1.2161146755219854,0.24200000000000005,1
16,11,14,60,523,583,stranger,-0.8660052222137034,1.6445817489551735,0.2,1.2161146755219854,0.24900000000000005,1
16,12,14,60,523,583,stranger,0.08054196911967271,1.6445817489551735,0.2,1.2161146755219854,0.2820000000000001,1
16,13,14,60,523,583,stranger,-1.1220147895685646,1.6445817489551735,0.2,1.2161146755219854,0.43800000000000017,1
16,14,14,60,523,583,stranger,-0.5733944542760352,1.6445817489551735,0.2,1.2161146755219854,0.41200000000000014,1
16,15,14,60,523,583,stranger,0.2636208608398858,1.6445817489551735,0.2,1.2161146755219854,0.6040000000000003,1
16,16,14,60,523,583,stranger,-0.1413060935960614,1.6445817489551735,0.2,1.2161146755219854,0.583,0
16,17,14,60,523,583,self,2.0398558937119606,1.6445817489551735,0.2,1.2161146755219854,0.7200000000000004,1
16,18,14,60,523,583,stranger,-0.08440344324816174,1.6445817489551735,0.2,1.2161146755219854,1.596999999999957,0
16,19,14,60,523,583,stranger,0.3634575413469878,1.6445817489551735,0.2,1.2161146755219854,0.23400000000000004,1
16,20,14,60,523,583,self,1.6816451538386226,1.6445817489551735,0.2,1.2161146755219854,0.3430000000000001,1
16,21,14,60,523,583,stranger,0.07133821132338736,1.6445817489551735,0.2,1.2161146755219854,0.4540000000000002,1
16,22,14,60,523,583,self,1.5234600195137527,1.6445817489551735,0.2,1.2161146755219854,0.2780000000000001,1
16,23,14,60,523,583,stranger,0.6357226191189709,1.6445817489551735,0.2,1.2161146755219854,0.2710000000000001,1
16,24,14,60,523,583,self,0.510441792104545,1.6445817489551735,0.2,1.2161146755219854,0.583,0
16,25,14,60,523,583,self,1.5418394624957303,1.6445817489551735,0.2,1.2161146755219854,0.3810000000000001,1
16,26,14,60,523,583,stranger,-1.3007875067894792,1.6445817489551735,0.2,1.2161146755219854,1.705999999999945,0
16,27,14,60,523,583,stranger,-0.4112673645559733,1.6445817489551735,0.2,1.2161146755219854,0.4720000000000002,1
16,28,14,60,523,583,stranger,-0.12586782231643778,1.6445817489551735,0.2,1.2161146755219854,0.26300000000000007,1
16,29,14,60,523,583,self,1.3554339013082304,1.6445817489551735,0.2,1.2161146755219854,0.5060000000000002,1
16,30,14,60,523,583,self,0.6275626372995149,1.6445817489551735,0.2,1.2161146755219854,1.5739999999999594,0
16,31,14,60,523,583,stranger,-0.18996447564910024,1.6445817489551735,0.2,1.2161146755219854,0.8180000000000005,1
16,32,14,60,523,583,self,1.4841889614375943,1.6445817489551735,0.2,1.2161146755219854,0.4680000000000002,1
16,33,14,60,523,583,self,1.702769098655457,1.6445817489551735,0.2,1.2161146755219854,0.39700000000000013,1
16,34,14,60,523,583,stranger,-0.13040535624473742,1.6445817489551735,0.2,1.2161146755219854,0.25800000000000006,1
16,35,14,60,523,583,self,1.2001240887139577,1.6445817489551735,0.2,1.2161146755219854,0.4770000000000002,1
16,36,14,60,523,583,self,1.485753272954738,1.6445817489551735,0.2,1.2161146755219854,0.3130000000000001,1
16,37,14,60,523,583,stranger,-0.2989649542135825,1.6445817489551735,0.2,1.2161146755219854,0.583,0
16,38,14,60,523,583,stranger,0.15801398031627245,1.6445817489551735,0.2,1.2161146755219854,0.3640000000000001,1
16,39,14,60,523,583,self,1.0499050674709105,1.6445817489551735,0.2,1.2161146755219854,0.24800000000000005,1
16,40,14,60,523,583,self,2.142554229990165,1.6445817489551735,0.2,1.2161146755219854,0.3150000000000001,1
16,41,14,60,523,583,self,1.2198687883740462,1.6445817489551735,0.2,1.2161146755219854,0.6660000000000004,1
16,42,14,60,523,583,stranger,0.05151414391260811,1.6445817489551735,0.2,1.2161146755219854,0.23000000000000004,1
16,43,14,60,523,583,stranger,0.7598357207689272,1.6445817489551735,0.2,1.2161146755219854,0.40500000000000014,1
16,44,14,60,523,583,self,1.1589008332732957,1.6445817489551735,0.2,1.2161146755219854,0.6900000000000004,1
16,45,14,60,523,583,self,2.1984450124811215,1.6445817489551735,0.2,1.2161146755219854,0.26100000000000007,1
16,46,14,60,523,583,stranger,-0.7934993909777013,1.6445817489551735,0.2,1.2161146755219854,0.8050000000000004,0
16,47,14,60,523,583,self,1.8030622575223239,1.6445817489551735,0.2,1.2161146755219854,0.2770000000000001,1
16,48,14,60,523,583,stranger,-0.23776217752573392,1.6445817489551735,0.2,1.2161146755219854,0.8340000000000005,1
16,49,14,60,523,583,self,1.2653744388466783,1.6445817489551735,0.2,1.2161146755219854,0.5140000000000002,1
16,50,14,60,523,583,self,1.7887179207883508,1.6445817489551735,0.2,1.2161146755219854,1.4889999999999688,0
16,51,14,60,523,583,stranger,-0.7976423071110712,1.6445817489551735,0.2,1.2161146755219854,1.9109999999999223,1
16,52,14,60,523,583,stranger,-0.41472123975530056,1.6445817489551735,0.2,1.2161146755219854,0.8600000000000005,1
16,53,14,60,523,583,stranger,-0.5913437529253822,1.6445817489551735,0.2,1.2161146755219854,0.5050000000000002,1
16,54,14,60,523,583,self,0.2950027043375575,1.6445817489551735,0.2,1.2161146755219854,0.26300000000000007,1
16,55,14,60,523,583,self,0.6735099066670853,1.6445817489551735,0.2,1.2161146755219854,0.6990000000000004,1
16,56,14,60,523,583,stranger,-0.02788660049457825,1.6445817489551735,0.2,1.2161146755219854,1.0510000000000006,1
16,57,14,60,523,583,self,1.26360218452271,1.6445817489551735,0.2,1.2161146755219854,0.2720000000000001,1
16,58,14,60,523,583,self,1.5881143398108393,1.6445817489551735,0.2,1.2161146755219854,0.3030000000000001,1
16,59,14,60,523,583,self,0.5057686150624796,1.6445817489551735,0.2,1.2161146755219854,0.3800000000000001,1
16,60,14,60,523,583,self,1.5462788644600443,1.6445817489551735,0.2,1.2161146755219854,0.25900000000000006,1
17,1,121,19,881,900,self,2.4131593207056574,3.313097442975628,0.2,0.6036647078522744,2.138999999999897,1
17,2,121,19,881,900,stranger,0.6310942819709644,3.313097442975628,0.2,0.6036647078522744,2.038999999999908,1
17,3,121,19,881,900,stranger,0.45253486926367376,3.313097442975628,0.2,0.6036647078522744,0.9,0
17,4,121,19,881,900,stranger,0.6281153818555995,3.313097442975628,0.2,0.6036647078522744,0.9,0
17,5,121,19,881,900,self,2.1672373328947385,3.313097442975628,0.2,0.6036647078522744,0.9,0
17,6,121,19,881,900,stranger,1.0854746404498594,3.313097442975628,0.2,0.6036647078522744,0.9,0
17,7,121,19,881,900,stranger,0.7844681526872272,3.313097442975628,0.2,0.6036647078522744,2.1529999999998957,1
17,8,121,19,881,900,stranger,0.8746225446362235,3.313097442975628,0.2,0.6036647078522744,0.9,0
17,9,121,19,881,900,self,2.9256887095780924,3.313097442975628,0.2,0.6036647078522744,1.1510000000000007,1
17,10,121,19,881,900,stranger,0.3186226693572236,3.313097442975628,0.2,0.6036647078522744,1.8539999999999286,1
17,11,121,19,881,900,stranger,0.35275419863417123,3.313097442975628,0.2,0.6036647078522744,0.9,0
17,12,121,19,881,900,stranger,1.1340136044699176,3.313097442975628,0.2,0.6036647078522744,0.9,0
17,13,121,19,881,900,stranger,-0.7507422688936422,3.313097442975628,0.2,0.6036647078522744,0.32500000000000007,0
17,14,121,19,881,900,self,2.4109486795642385,3.313097442975628,0.2,0.6036647078522744,1.4289999999999754,1
17,15,121,19,881,900,self,2.122356088863054,3.313097442975628,0.2,0.6036647078522744,0.25600000000000006,0
17,16,121,19,881,900,stranger,1.2466503373890765,3.313097442975628,0.2,0.6036647078522744,1.277999999999992,1
17,17,121,19,881,900,stranger,1.2969382638923403,3.313097442975628,0.2,0.6036647078522744,1.9069999999999228,1
17,18,121,19,881,900,stranger,0.5549711011370041,3.313097442975628,0.2,0.6036647078522744,0.9,0
17,19,121,19,881,900,self,1.881735297164098,3.313097442975628,0.2,0.6036647078522744,0.9340000000000006,1
17,20,121,19,881,900,stranger,-0.15336113684271957,3.313097442975628,0.2,0.6036647078522744,0.5120000000000002,0
17,21,121,19,881,900,stranger,0.6756501680599615,3.313097442975628,0.2,0.6036647078522744,0.6290000000000003,0
17,22,121,19,881,900,self,1.9716975121521911,3.313097442975628,0.2,0.6036647078522744,1.7639999999999385,1
17,23,121,19,881,900,stranger,0.7760893147550261,3.313097442975628,0.2,0.6036647078522744,2.1899999999998916,1
17,24,121,19,881,900,self,2.58445312387398,3.313097442975628,0.2,0.6036647078522744,0.9070000000000005,1
17,25,121,19,881,900,self,2.1470871076111306,3.313097442975628,0.2,0.6036647078522744,0.5530000000000003,0
17,26,121,19,881,900,self,2.6694688531483255,3.313097442975628,0.2,0.6036647078522744,1.2119999999999993,1
17,27,121,19,881,900,self,2.503612676847258,3.313097442975628,0.2,0.6036647078522744,1.5159999999999658,1
17,28,121,19,881,900,stranger,0.9633640046300063,3.313097442975628,0.2,0.6036647078522744,0.9,0
17,29,121,19,881,900,self,2.018513349981599,3.313097442975628,0.2,0.6036647078522744,1.6299999999999533,1
17,30,121,19,881,900,self,1.7836590746098848,3.313097442975628,0.2,0.6036647078522744,0.7030000000000003,1
17,31,121,19,881,900,self,2.1187768009983943,3.313097442975628,0.2,0.6036647078522744,1.6669999999999492,1
17,32,121,19,881,900,self,2.041429373374865,3.313097442975628,0.2,0.6036647078522744,1.7729999999999375,1
17,33,121,19,881,900,self,1.6472597415573937,3.313097442975628,0.2,0.6036647078522744,0.9,0
17,34,121,19,881,900,self,2.4647349832881833,3.313097442975628,0.2,0.6036647078522744,1.6629999999999496,1
17,35,121,19,881,900,self,1.7154527924819412,3.313097442975628,0.2,0.6036647078522744,2.011999999999911,1
17,36,121,19,881,900,self,1.5593290984330301,3.313097442975628,0.2,0.6036647078522744,1.1580000000000008,1
17,37,121,19,881,900,stranger,-0.11044009588916526,3.313097442975628,0.2,0.6036647078522744,0.5520000000000003,0
17,38,121,19,881,900,stranger,-0.0807913740803391,3.313097442975628,0.2,0.6036647078522744,0.8260000000000005,0
17,39,121,19,881,900,stranger,0.15565367801875551,3.313097442975628,0.2,0.6036647078522744,0.7260000000000004,0
17,40,121,19,881,900,self,1.8734268659097653,3.313097442975628,0.2,0.6036647078522744,1.0290000000000006,1
17,41,121,19,881,900,stranger,-0.036215914881299494,3.313097442975628,0.2,0.6036647078522744,0.7140000000000004,0
17,42,121,19,881,900,stranger,1.6948312910212646,3.313097442975628,0.2,0.6036647078522744,1.3899999999999797,1
17,43,121,19,881,900,stranger,0.4191415296947145,3.313097442975628,0.2,0.6036647078522744,0.7820000000000005,0
17,44,121,19,881,900,stranger,0.7831321458482176,3.313097442975628,0.2,0.6036647078522744,1.3529999999999838,0
17,45,121,19,881,900,self,2.5856962558529606,3.313097442975628,0.2,0.6036647078522744,1.1570000000000007,1
17,46,121,19,881,900,self,2.5142093792171276,3.313097442975628,0.2,0.6036647078522744,1.0650000000000006,1
17,47,121,19,881,900,self,2.225476522584412,3.313097442975628,0.2,0.6036647078522744,1.0100000000000007,1
17,48,121,19,881,900,stranger,0.842858551484899,3.313097442975628,0.2,0.6036647078522744,0.6350000000000003,0
17,49,121,19,881,900,stranger,0.5053216939737851,3.313097442975628,0.2,0.6036647078522744,0.9,0
17,50,121,19,881,900,self,1.0313837060197384,3.313097442975628,0.2,0.6036647078522744,0.5570000000000003,0
17,51,121,19,881,900,stranger,0.29219221571465626,3.313097442975628,0.2,0.6036647078522744,1.2909999999999906,0
17,52,121,19,881,900,stranger,0.6088632532032047,3.313097442975628,0.2,0.6036647078522744,0.4800000000000002,0
17,53,121,19,881,900,self,2.4409472052606427,3.313097442975628,0.2,0.6036647078522744,0.9,0
17,54,121,19,881,900,stranger,0.7865812438825736,3.313097442975628,0.2,0.6036647078522744,0.6510000000000004,0
17,55,121,19,881,900,self,3.220618007967996,3.313097442975628,0.2,0.6036647078522744,1.2829999999999915,1
17,56,121,19,881,900,self,2.824638283589993,3.313097442975628,0.2,0.6036647078522744,1.5009999999999675,1
17,57,121,19,881,900,stranger,0.40572387664137854,3.313097442975628,0.2,0.6036647078522744,0.3640000000000001,0
17,58,121,19,881,900,self,2.82385784242671,3.313097442975628,0.2,0.6036647078522744,1.2569999999999943,1
17,59,121,19,881,900,self,2.2743590117537917,3.313097442975628,0.2,0.6036647078522744,1.1610000000000007,1
17,60,121,19,881,900,self,2.189587599394591,3.313097442975628,0.2,0.6036647078522744,1.2899999999999907,1
18,1,135,82,1293,1375,self,3.3368781694650527,2.793357178593743,0.2,0.715984341467874,0.7280000000000004,1
18,2,135,82,1293,1375,self,4.351387377096065,2.793357178593743,0.2,0.715984341467874,0.7740000000000005,1
18,3,135,82,1293,1375,stranger,1.7318825299991967,2.793357178593743,0.2,0.715984341467874,1.3199999999999874,1
18,4,135,82,1293,1375,stranger,1.2135375291792072,2.793357178593743,0.2,0.715984341467874,0.7360000000000004,1
18,5,135,82,1293,1375,self,3.172815016475677,2.793357178593743,0.2,0.715984341467874,1.0130000000000006,1
18,6,135,82,1293,1375,self,4.538246487096976,2.793357178593743,0.2,0.715984341467874,0.6790000000000004,1
18,7,135,82,1293,1375,self,4.522566050460811,2.793357178593743,0.2,0.715984341467874,0.6450000000000004,1
18,8,135,82,1293,1375,self,3.6792178500445796,2.793357178593743,0.2,0.715984341467874,0.5940000000000003,1
18,9,135,82,1293,1375,stranger,1.0491448522654687,2.793357178593743,0.2,0.715984341467874,1.375,0
18,10,135,82,1293,1375,self,3.6077813386841227,2.793357178593743,0.2,0.715984341467874,1.0140000000000007,1
18,11,135,82,1293,1375,self,3.6709511992963475,2.793357178593743,0.2,0.715984341467874,0.4520000000000002,1
18,12,135,82,1293,1375,self,3.861793608918074,2.793357178593743,0.2,0.715984341467874,0.7330000000000003,1
18,13,135,82,1293,1375,stranger,1.2769479005331292,2.793357178593743,0.2,0.715984341467874,1.375,0
18,14,135,82,1293,1375,stranger,1.4631493605301888,2.793357178593743,0.2,0.715984341467874,0.5830000000000003,1
18,15,135,82,1293,1375,stranger,0.9083878673084991,2.793357178593743,0.2,0.715984341467874,2.0159999999999108,1
18,16,135,82,1293,1375,self,3.5164329013390025,2.793357178593743,0.2,0.715984341467874,0.7060000000000004,1
18,17,135,82,1293,1375,stranger,1.1426412953521778,2.793357178593743,0.2,0.715984341467874,1.558999999999961,1
18,18,135,82,1293,1375,stranger,0.627483536345036,2.793357178593743,0.2,0.715984341467874,1.8179999999999326,1
18,19,135,82,1293,1375,self,3.0598945636988826,2.793357178593743,0.2,0.715984341467874,1.513999999999966,1
18,20,135,82,1293,1375,stranger,1.2700611356173648,2.793357178593743,0.2,0.715984341467874,0.5510000000000003,0
18,21,135,82,1293,1375,self,3.5046291279475708,2.793357178593743,0.2,0.715984341467874,0.6000000000000003,1
18,22,135,82,1293,1375,self,3.4576050657415895,2.793357178593743,0.2,0.715984341467874,0.9080000000000006,1
18,23,135,82,1293,1375,stranger,1.1414360405040576,2.793357178593743,0.2,0.715984341467874,0.7270000000000003,1
18,24,135,82,1293,1375,self,2.7312097923921903,2.793357178593743,0.2,0.715984341467874,0.8500000000000005,1
18,25,135,82,1293,1375,stranger,1.1554261723243036,2.793357178593743,0.2,0.715984341467874,1.395999999999979,1
18,26,135,82,1293,1375,stranger,0.4602960550204291,2.793357178593743,0.2,0.715984341467874,1.4929999999999684,1
18,27,135,82,1293,1375,stranger,0.8858399285313923,2.793357178593743,0.2,0.715984341467874,1.375,0
18,28,135,82,1293,1375,self,2.888120578243691,2.793357178593743,0.2,0.715984341467874,0.7470000000000003,1
18,29,135,82,1293,1375,self,3.441842221828224,2.793357178593743,0.2,0.715984341467874,0.7910000000000004,1
18,30,135,82,1293,1375,stranger,1.7935462056408982,2.793357178593743,0.2,0.715984341467874,2.0889999999999027,1
18,31,135,82,1293,1375,stranger,0.9019328555085588,2.793357178593743,0.2,0.715984341467874,0.6450000000000004,1
18,32,135,82,1293,1375,self,3.009261716624849,2.793357178593743,0.2,0.715984341467874,1.0870000000000006,1
18,33,135,82,1293,1375,self,3.4426990249724163,2.793357178593743,0.2,0.715984341467874,0.8290000000000004,1
18,34,135,82,1293,1375,stranger,0.9403073201334555,2.793357178593743,0.2,0.715984341467874,1.375,0
18,35,135,82,1293,1375,stranger,1.6790332661469596,2.793357178593743,0.2,0.715984341467874,0.7170000000000003,1
18,36,135,82,1293,1375,stranger,0.5700401394596013,2.793357178593743,0.2,0.715984341467874,1.375,0
18,37,135,82,1293,1375,self,4.19317631023632,2.793357178593743,0.2,0.715984341467874,0.7450000000000003,1
18,38,135,82,1293,1375,stranger,0.34801751508484285,2.793357178593743,0.2,0.715984341467874,0.8020000000000005,0
18,39,135,82,1293,1375,stranger,0.5588671219608545,2.793357178593743,0.2,0.715984341467874,1.3709999999999818,0
18,40,135,82,1293,1375,self,4.102056592698301,2.793357178593743,0.2,0.715984341467874,0.6140000000000003,1
18,41,135,82,1293,1375,stranger,0.5197580447686164,2.793357178593743,0.2,0.715984341467874,0.32900000000000007,0
18,42,135,82,1293,1375,self,3.78315081380006,2.793357178593743,0.2,0.715984341467874,0.9540000000000006,1
18,43,135,82,1293,1375,self,2.9726265985115994,2.793357178593743,0.2,0.715984341467874,1.2729999999999926,1
18,44,135,82,1293,1375,stranger,0.5880322041174844,2.793357178593743,0.2,0.715984341467874,1.375,0
18,45,135,82,1293,1375,stranger,0.11567331108123119,2.793357178593743,0.2,0.715984341467874,0.9490000000000005,0
18,46,135,82,1293,1375,self,3.2352842294393107,2.793357178593743,0.2,0.715984341467874,1.1780000000000008,1
18,47,135,82,1293,1375,stranger,1.105710173664725,2.793357178593743,0.2,0.715984341467874,0.4890000000000002,0
18,48,135,82,1293,1375,stranger,0.5668478203472473,2.793357178593743,0.2,0.715984341467874,1.375,0
18,49,135,82,1293,1375,self,4.247741156985666,2.793357178593743,0.2,0.715984341467874,0.8290000000000004,1
18,50,135,82,1293,1375,self,2.9251328121202707,2.793357178593743,0.2,0.715984341467874,1.0400000000000007,1
18,51,135,82,1293,1375,stranger,0.6575611103147903,2.793357178593743,0.2,0.715984341467874,1.7639999999999385,1
18,52,135,82,1293,1375,self,3.694825513109656,2.793357178593743,0.2,0.715984341467874,0.6360000000000003,1
18,53,135,82,1293,1375,stranger,0.6978640836799084,2.793357178593743,0.2,0.715984341467874,2.095999999999902,1
18,54,135,82,1293,1375,self,2.973303035907817,2.793357178593743,0.2,0.715984341467874,0.9560000000000006,1
18,55,135,82,1293,1375,self,3.2164509734151108,2.793357178593743,0.2,0.715984341467874,0.9440000000000006,1
18,56,135,82,1293,1375,stranger,0.6959845619707197,2.793357178593743,0.2,0.715984341467874,1.375,0
18,57,135,82,1293,1375,self,3.5063284525099494,2.793357178593743,0.2,0.715984341467874,0.7740000000000005,1
18,58,135,82,1293,1375,self,3.4209419402780714,2.793357178593743,0.2,0.715984341467874,0.7020000000000004,1
18,59,135,82,1293,1375,stranger,0.6031601476922219,2.793357178593743,0.2,0.715984341467874,1.375,0
18,60,135,82,1293,1375,stranger,0.5775048705006831,2.793357178593743,0.2,0.715984341467874,2.1169999999998996,1
19,1,149,93,1177,1270,self,3.999923046718198,3.5731414340829386,0.2,0.559731551883926,0.7160000000000004,1
19,2,149,93,1177,1270,stranger,0.20056589308159656,3.5731414340829386,0.2,0.559731551883926,1.27,0
19,3,149,93,1177,1270,stranger,1.156342470614924,3.5731414340829386,0.2,0.559731551883926,0.7810000000000004,1
19,4,149,93,1177,1270,stranger,1.1082184501320724,3.5731414340829386,0.2,0.559731551883926,1.27,0
19,5,149,93,1177,1270,self,3.7412688904447116,3.5731414340829386,0.2,0.559731551883926,0.8720000000000006,1
19,6,149,93,1177,1270,self,4.289332795207917,3.5731414340829386,0.2,0.559731551883926,0.9520000000000006,1
19,7,149,93,1177,1270,stranger,0.4310879411624882,3.5731414340829386,0.2,0.559731551883926,0.4620000000000002,0
19,8,149,93,1177,1270,stranger,1.6670322040714982,3.5731414340829386,0.2,0.559731551883926,1.7159999999999438,1
19,9,149,93,1177,1270,stranger,1.3303812973912164,3.5731414340829386,0.2,0.559731551883926,1.27,0
19,10,149,93,1177,1270,self,2.873850917827914,3.5731414340829386,0.2,0.559731551883926,1.3289999999999864,1
19,11,149,93,1177,1270,stranger,1.4345414776747272,3.5731414340829386,0.2,0.559731551883926,2.187999999999892,1
19,12,149,93,1177,1270,stranger,1.3125839176835068,3.5731414340829386,0.2,0.559731551883926,1.4009999999999785,1
19,13,149,93,1177,1270,self,3.6898436666696863,3.5731414340829386,0.2,0.559731551883926,1.2809999999999917,1
19,14,149,93,1177,1270,stranger,0.4950500626850439,3.5731414340829386,0.2,0.559731551883926,0.5400000000000003,0
19,15,149,93,1177,1270,stranger,0.4778578407954973,3.5731414340829386,0.2,0.559731551883926,1.27,0
19,16,149,93,1177,1270,self,2.860766794113917,3.5731414340829386,0.2,0.559731551883926,1.3649999999999824,1
19,17,149,93,1177,1270,self,3.3860714245149475,3.5731414340829386,0.2,0.559731551883926,0.9730000000000005,1
19,18,149,93,1177,1270,stranger,0.6257103296600358,3.5731414340829386,0.2,0.559731551883926,1.903999999999923,0
19,19,149,93,1177,1270,stranger,0.26062351166454156,3.5731414340829386,0.2,0.559731551883926,0.5220000000000002,0
19,20,149,93,1177,1270,self,3.5718741761265513,3.5731414340829386,0.2,0.559731551883926,1.314999999999988,1
19,21,149,93,1177,1270,stranger,0.40174115637341806,3.5731414340829386,0.2,0.559731551883926,1.27,0
19,22,149,93,1177,1270,stranger,1.085402944198867,3.5731414340829386,0.2,0.559731551883926,1.27,0
19,23,149,93,1177,1270,self,4.034992092232467,3.5731414340829386,0.2,0.559731551883926,1.2489999999999952,1
19,24,149,93,1177,1270,self,4.469217272545758,3.5731414340829386,0.2,0.559731551883926,0.8380000000000005,1
19,25,149,93,1177,1270,self,3.4958297218363508,3.5731414340829386,0.2,0.559731551883926,0.6270000000000003,1
19,26,149,93,1177,1270,self,4.301155018550569,3.5731414340829386,0.2,0.559731551883926,1.0280000000000007,1
19,27,149,93,1177,1270,self,3.0163556126792397,3.5731414340829386,0.2,0.559731551883926,0.8380000000000005,1
19,28,149,93,1177,1270,stranger,0.6825360455133639,3.5731414340829386,0.2,0.559731551883926,1.27,0
19,29,149,93,1177,1270,self,4.166165239563585,3.5731414340829386,0.2,0.559731551883926,0.9070000000000005,1
19,30,149,93,1177,1270,stranger,1.1122318779794589,3.5731414340829386,0.2,0.559731551883926,1.27,0
19,31,149,93,1177,1270,self,4.359959825700058,3.5731414340829386,0.2,0.559731551883926,1.0580000000000007,1
19,32,149,93,1177,1270,stranger,1.476903694667722,3.5731414340829386,0.2,0.559731551883926,1.0930000000000006,1
19,33,149,93,1177,1270,self,4.035152431660947,3.5731414340829386,0.2,0.559731551883926,1.1330000000000007,1
19,34,149,93,1177,1270,self,4.220329715806756,3.5731414340829386,0.2,0.559731551883926,0.8340000000000005,1
19,35,149,93,1177,1270,self,4.486697661074535,3.5731414340829386,0.2,0.559731551883926,0.7990000000000004,1
19,36,149,93,1177,1270,stranger,1.74750181470145,3.5731414340829386,0.2,0.559731551883926,1.360999999999983,1
19,37,149,93,1177,1270,self,3.9816302086864095,3.5731414340829386,0.2,0.559731551883926,0.8530000000000004,1
19,38,149,93,1177,1270,self,3.9326743522915772,3.5731414340829386,0.2,0.559731551883926,0.3670000000000001,0
19,39,149,93,1177,1270,self,3.4228932334632605,3.5731414340829386,0.2,0.559731551883926,1.0080000000000007,1
19,40,149,93,1177,1270,self,4.2511249813616105,3.5731414340829386,0.2,0.559731551883926,0.6940000000000004,1
19,41,149,93,1177,1270,self,3.124087099417782,3.5731414340829386,0.2,0.559731551883926,0.6970000000000004,1
19,42,149,93,1177,1270,stranger,0.7059033646996618,3.5731414340829386,0.2,0.559731551883926,1.27,0
19,43,149,93,1177,1270,self,4.340263254910973,3.5731414340829386,0.2,0.559731551883926,0.8600000000000005,1
19,44,149,93,1177,1270,stranger,0.22838036273460127,3.5731414340829386,0.2,0.559731551883926,0.4620000000000002,0
19,45,149,93,1177,1270,self,4.248617661125637,3.5731414340829386,0.2,0.559731551883926,1.340999999999985,1
19,46,149,93,1177,1270,stranger,1.6229221045192221,3.5731414340829386,0.2,0.559731551883926,2.1569999999998952,1
19,47,149,93,1177,1270,self,3.553080075694899,3.5731414340829386,0.2,0.559731551883926,1.7479999999999403,1
19,48,149,93,1177,1270,stranger,1.4091753760012933,3.5731414340829386,0.2,0.559731551883926,0.40100000000000013,0
19,49,149,93,1177,1270,stranger,0.33850727854992424,3.5731414340829386,0.2,0.559731551883926,1.27,0
19,50,149,93,1177,1270,self,3.473693923857722,3.5731414340829386,0.2,0.559731551883926,1.3829999999999805,1
19,51,149,93,1177,1270,stranger,0.3751114160137768,3.5731414340829386,0.2,0.559731551883926,0.3680000000000001,0
19,52,149,93,1177,1270,stranger,1.0005464033770999,3.5731414340829386,0.2,0.559731551883926,1.27,0
19,53,149,93,1177,1270,stranger,0.7934853673685943,3.5731414340829386,0.2,0.559731551883926,1.27,0
19,54,149,93,1177,1270,self,3.9939910150527864,3.5731414340829386,0.2,0.559731551883926,0.6580000000000004,1
19,55,149,93,1177,1270,self,3.324083562396038,3.5731414340829386,0.2,0.559731551883926,0.5660000000000003,1
19,56,149,93,1177,1270,stranger,1.4348884526632,3.5731414340829386,0.2,0.559731551883926,1.0350000000000006,1
19,57,149,93,1177,1270,stranger,0.8589594848172896,3.5731414340829386,0.2,0.559731551883926,1.6309999999999532,0
19,58,149,93,1177,1270,stranger,0.16814880765674145,3.5731414340829386,0.2,0.559731551883926,0.6820000000000004,0
19,59,149,93,1177,1270,stranger,1.417849779939873,3.5731414340829386,0.2,0.559731551883926,1.9089999999999225,1
19,60,149,93,1177,1270,self,2.9910169171195466,3.5731414340829386,0.2,0.559731551883926,1.0800000000000007,1
20,1,19,475,465,940,stranger,0.6365136494745852,2.6978690123664832,0.2,0.741325835625231,0.9400000000000001,0
20,2,19,475,465,940,self,5.39652352218824,2.6978690123664832,0.2,0.741325835625231,0.5080000000000002,1
20,3,19,475,465,940,stranger,1.4422184419026127,2.6978690123664832,0.2,0.741325835625231,1.0480000000000007,1
20,4,19,475,465,940,self,4.7817142852449015,2.6978690123664832,0.2,0.741325835625231,0.4790000000000002,1
20,5,19,475,465,940,stranger,1.0624643739626438,2.6978690123664832,0.2,0.741325835625231,0.8910000000000005,1
20,6,19,475,465,940,self,5.348369055250222,2.6978690123664832,0.2,0.741325835625231,0.6010000000000003,1
20,7,19,475,465,940,stranger,1.0149457334357057,2.6978690123664832,0.2,0.741325835625231,1.2020000000000004,1
20,8,19,475,465,940,stranger,0.7501202595847452,2.6978690123664832,0.2,0.741325835625231,0.9400000000000001,0
20,9,19,475,465,940,self,5.252146943742869,2.6978690123664832,0.2,0.741325835625231,0.4650000000000002,1
20,10,19,475,465,940,stranger,1.4259477161605965,2.6978690123664832,0.2,0.741325835625231,1.1010000000000006,1
20,11,19,475,465,940,stranger,0.9796037880011398,2.6978690123664832,0.2,0.741325835625231,0.6110000000000003,1
20,12,19,475,465,940,stranger,0.9640756436849208,2.6978690123664832,0.2,0.741325835625231,0.7800000000000005,1
20,13,19,475,465,940,stranger,0.9611148292341901,2.6978690123664832,0.2,0.741325835625231,0.9400000000000001,0
20,14,19,475,465,940,self,5.275180834439146,2.6978690123664832,0.2,0.741325835625231,0.5650000000000003,1
20,15,19,475,465,940,self,4.108672521539945,2.6978690123664832,0.2,0.741325835625231,1.0450000000000006,1
20,16,19,475,465,940,self,4.884777702724788,2.6978690123664832,0.2,0.741325835625231,0.5370000000000003,1
20,17,19,475,465,940,self,4.351206051607306,2.6978690123664832,0.2,0.741325835625231,0.8020000000000005,1
20,18,19,475,465,940,self,4.621133530571096,2.6978690123664832,0.2,0.741325835625231,0.6380000000000003,1
20,19,19,475,465,940,stranger,1.564084497198071,2.6978690123664832,0.2,0.741325835625231,0.9620000000000006,1
20,20,19,475,465,940,self,4.054816283163278,2.6978690123664832,0.2,0.741325835625231,1.0010000000000006,1
20,21,19,475,465,940,self,4.056691438746563,2.6978690123664832,0.2,0.741325835625231,0.9940000000000007,1
20,22,19,475,465,940,self,5.1603146399193855,2.6978690123664832,0.2,0.741325835625231,0.6320000000000003,1
20,23,19,475,465,940,self,4.917297695664519,2.6978690123664832,0.2,0.741325835625231,0.5590000000000003,1
20,24,19,475,465,940,stranger,0.7046041083488669,2.6978690123664832,0.2,0.741325835625231,1.7389999999999413,0
20,25,19,475,465,940,self,5.14134070463068,2.6978690123664832,0.2,0.741325835625231,0.6240000000000003,1
20,26,19,475,465,940,stranger,1.020142819001755,2.6978690123664832,0.2,0.741325835625231,0.4500000000000002,0
20,27,19,475,465,940,self,4.8436500101343825,2.6978690123664832,0.2,0.741325835625231,0.5990000000000003,1
20,28,19,475,465,940,self,5.178174543318598,2.6978690123664832,0.2,0.741325835625231,0.42300000000000015,1
20,29,19,475,465,940,stranger,1.5630934623729313,2.6978690123664832,0.2,0.741325835625231,0.7750000000000004,1
20,30,19,475,465,940,stranger,1.3009366097225736,2.6978690123664832,0.2,0.741325835625231,1.1380000000000008,1
20,31,19,475,465,940,self,5.699005075463596,2.6978690123664832,0.2,0.741325835625231,0.5590000000000003,1
20,32,19,475,465,940,stranger,1.5209927540147352,2.6978690123664832,0.2,0.741325835625231,1.4119999999999773,1
20,33,19,475,465,940,stranger,1.8769349080228257,2.6978690123664832,0.2,0.741325835625231,0.8310000000000004,1
20,34,19,475,465,940,self,4.494414726052731,2.6978690123664832,0.2,0.741325835625231,0.6820000000000004,1
20,35,19,475,465,940,stranger,1.8226579360626567,2.6978690123664832,0.2,0.741325835625231,1.4609999999999719,1
20,36,19,475,465,940,self,5.784094143675861,2.6978690123664832,0.2,0.741325835625231,0.4580000000000002,1
20,37,19,475,465,940,stranger,0.2802143293831698,2.6978690123664832,0.2,0.741325835625231,0.9410000000000005,1
20,38,19,475,465,940,self,5.124464389925605,2.6978690123664832,0.2,0.741325835625231,0.6720000000000004,1
20,39,19,475,465,940,stranger,0.7340454146129433,2.6978690123664832,0.2,0.741325835625231,1.5629999999999606,1
20,40,19,475,465,940,self,4.0015363474643575,2.6978690123664832,0.2,0.741325835625231,0.5450000000000003,1
20,41,19,475,465,940,self,5.445040388399801,2.6978690123664832,0.2,0.741325835625231,0.4990000000000002,1
20,42,19,475,465,940,stranger,1.6139175743939091,2.6978690123664832,0.2,0.741325835625231,1.0840000000000007,1
20,43,19,475,465,940,self,5.174522317277027,2.6978690123664832,0.2,0.741325835625231,0.7170000000000003,1
20,44,19,475,465,940,stranger,0.9724278575543531,2.6978690123664832,0.2,0.741325835625231,1.5789999999999589,1
20,45,19,475,465,940,self,5.400954365399561,2.6978690123664832,0.2,0.741325835625231,0.5300000000000002,1
20,46,19,475,465,940,stranger,1.0701618708769194,2.6978690123664832,0.2,0.741325835625231,1.8919999999999244,1
20,47,19,475,465,940,stranger,0.8533889086590832,2.6978690123664832,0.2,0.741325835625231,1.6349999999999527,1
20,48,19,475,465,940,self,4.55792994808154,2.6978690123664832,0.2,0.741325835625231,0.5830000000000003,1
20,49,19,475,465,940,stranger,2.1110048741908076,2.6978690123664832,0.2,0.741325835625231,0.6400000000000003,1
20,50,19,475,465,940,self,6.027085561561294,2.6978690123664832,0.2,0.741325835625231,0.5350000000000003,1
20,51,19,475,465,940,stranger,0.6530056865323824,2.6978690123664832,0.2,0.741325835625231,0.8750000000000004,0
20,52,19,475,465,940,self,5.098900506344207,2.6978690123664832,0.2,0.741325835625231,0.7200000000000004,1
20,53,19,475,465,940,self,4.096928327037651,2.6978690123664832,0.2,0.741325835625231,0.7590000000000003,1
20,54,19,475,465,940,stranger,0.32401900664204786,2.6978690123664832,0.2,0.741325835625231,0.7810000000000004,0
20,55,19,475,465,940,stranger,1.5528854996010473,2.6978690123664832,0.2,0.741325835625231,1.1340000000000008,1
20,56,19,475,465,940,stranger,1.3851569276320506,2.6978690123664832,0.2,0.741325835625231,0.9400000000000001,0
20,57,19,475,465,940,stranger,0.6722947716334687,2.6978690123664832,0.2,0.741325835625231,0.6080000000000003,0
20,58,19,475,465,940,stranger,1.2382901100238306,2.6978690123664832,0.2,0.741325835625231,0.6140000000000003,1
20,59,19,475,465,940,self,5.2798569963304365,2.6978690123664832,0.2,0.741325835625231,0.4520000000000002,1
20,60,19,475,465,940,self,4.571553518522657,2.6978690123664832,0.2,0.741325835625231,1.0830000000000006,1
21,1,79,272,599,871,stranger,1.847856182090366,3.5626917163468823,0.2,0.5613732984033664,0.7500000000000004,0
21,2,79,272,599,871,stranger,2.248045756817865,3.5626917163468823,0.2,0.5613732984033664,1.641999999999952,1
21,3,79,272,599,871,self,6.56265394309978,3.5626917163468823,0.2,0.5613732984033664,0.7590000000000003,1
21,4,79,272,599,871,self,6.776238890678443,3.5626917163468823,0.2,0.5613732984033664,0.6980000000000004,1
21,5,79,272,599,871,stranger,1.893437863730676,3.5626917163468823,0.2,0.5613732984033664,1.977999999999915,1
21,6,79,272,599,871,self,6.781838764769059,3.5626917163468823,0.2,0.5613732984033664,0.8400000000000005,1
21,7,79,272,599,871,stranger,1.8115639197125306,3.5626917163468823,0.2,0.5613732984033664,1.0550000000000006,1
21,8,79,272,599,871,self,5.533597603618436,3.5626917163468823,0.2,0.5613732984033664,0.9130000000000005,1
21,9,79,272,599,871,stranger,1.8351180104955955,3.5626917163468823,0.2,0.5613732984033664,0.871,0
21,10,79,272,599,871,stranger,1.8940619627946838,3.5626917163468823,0.2,0.5613732984033664,0.3330000000000001,0
21,11,79,272,599,871,self,6.319973548782374,3.5626917163468823,0.2,0.5613732984033664,0.5600000000000003,1
21,12,79,272,599,871,self,6.248145700541247,3.5626917163468823,0.2,0.5613732984033664,0.6220000000000003,1
21,13,79,272,599,871,self,6.495762075830181,3.5626917163468823,0.2,0.5613732984033664,0.9340000000000006,1
21,14,79,272,599,871,self,6.755677406605216,3.5626917163468823,0.2,0.5613732984033664,0.7440000000000004,1
21,15,79,272,599,871,self,6.832124635766099,3.5626917163468823,0.2,0.5613732984033664,0.7510000000000003,1
21,16,79,272,599,871,self,7.4986658785360465,3.5626917163468823,0.2,0.5613732984033664,0.5770000000000003,1
21,17,79,272,599,871,stranger,1.769989212068222,3.5626917163468823,0.2,0.5613732984033664,1.8359999999999306,1
21,18,79,272,599,871,self,6.380797523229682,3.5626917163468823,0.2,0.5613732984033664,0.7810000000000004,1
21,19,79,272,599,871,stranger,1.8990316781413168,3.5626917163468823,0.2,0.5613732984033664,0.871,0
21,20,79,272,599,871,stranger,1.9555351113153168,3.5626917163468823,0.2,0.5613732984033664,1.1150000000000007,1
21,21,79,272,599,871,stranger,1.103072910208135,3.5626917163468823,0.2,0.5613732984033664,0.871,0
21,22,79,272,599,871,self,6.790310123667132,3.5626917163468823,0.2,0.5613732984033664,0.5340000000000003,1
21,23,79,272,599,871,stranger,0.2484674647012305,3.5626917163468823,0.2,0.5613732984033664,0.871,0
21,24,79,272,599,871,self,6.467615376312264,3.5626917163468823,0.2,0.5613732984033664,0.5390000000000003,1
21,25,79,272,599,871,self,7.27202021211296,3.5626917163468823,0.2,0.5613732984033664,0.6780000000000004,1
21,26,79,272,599,871,stranger,0.9587560275248186,3.5626917163468823,0.2,0.5613732984033664,0.871,0
21,27,79,272,599,871,stranger,0.9661113622403853,3.5626917163468823,0.2,0.5613732984033664,0.871,0
21,28,79,272,599,871,self,6.121806772782416,3.5626917163468823,0.2,0.5613732984033664,0.7010000000000003,1
21,29,79,272,599,871,self,6.892762359387825,3.5626917163468823,0.2,0.5613732984033664,0.6440000000000003,1
21,30,79,272,599,871,self,7.4476374951656945,3.5626917163468823,0.2,0.5613732984033664,0.6410000000000003,1
21,31,79,272,599,871,self,7.10767091192626,3.5626917163468823,0.2,0.5613732984033664,0.6340000000000003,1
21,32,79,272,599,871,stranger,0.8466412787015247,3.5626917163468823,0.2,0.5613732984033664,0.3390000000000001,0
21,33,79,272,599,871,self,6.748731695922796,3.5626917163468823,0.2,0.5613732984033664,0.8130000000000004,1
21,34,79,272,599,871,self,7.12168337544123,3.5626917163468823,0.2,0.5613732984033664,0.7220000000000004,1
21,35,79,272,599,871,stranger,2.1705182862600196,3.5626917163468823,0.2,0.5613732984033664,2.003999999999912,1
21,36,79,272,599,871,self,6.502265918763526,3.5626917163468823,0.2,0.5613732984033664,0.6500000000000004,1
21,37,79,272,599,871,self,7.24019173509793,3.5626917163468823,0.2,0.5613732984033664,0.5470000000000003,1
21,38,79,272,599,871,stranger,1.4739707487379645,3.5626917163468823,0.2,0.5613732984033664,1.7439999999999407,1
21,39,79,272,599,871,stranger,1.5618758322201138,3.5626917163468823,0.2,0.5613732984033664,1.0200000000000007,1
21,40,79,272,599,871,stranger,1.6586780298847756,3.5626917163468823,0.2,0.5613732984033664,1.4569999999999723,1
21,41,79,272,599,871,self,6.740876498586894,3.5626917163468823,0.2,0.5613732984033664,0.5930000000000003,1
21,42,79,272,599,871,self,6.716704090803543,3.5626917163468823,0.2,0.5613732984033664,0.6290000000000003,1
21,43,79,272,599,871,self,5.737931723627119,3.5626917163468823,0.2,0.5613732984033664,0.7790000000000004,1
21,44,79,272,599,871,self,6.680825336266521,3.5626917163468823,0.2,0.5613732984033664,0.5600000000000003,1
21,45,79,272,599,871,self,5.201326587773597,3.5626917163468823,0.2,0.5613732984033664,0.7430000000000003,1
21,46,79,272,599,871,stranger,1.7810846203305104,3.5626917163468823,0.2,0.5613732984033664,1.7889999999999358,1
21,47,79,272,599,871,stranger,1.8744012757726076,3.5626917163468823,0.2,0.5613732984033664,1.0550000000000006,1
21,48,79,272,599,871,stranger,1.0274783651762356,3.5626917163468823,0.2,0.5613732984033664,1.2769999999999921,1
21,49,79,272,599,871,stranger,1.546307999997039,3.5626917163468823,0.2,0.5613732984033664,0.871,0
21,50,79,272,599,871,stranger,2.787526071923132,3.5626917163468823,0.2,0.5613732984033664,1.4549999999999725,1
21,51,79,272,599,871,self,6.412529924608785,3.5626917163468823,0.2,0.5613732984033664,0.6430000000000003,1
21,52,79,272,599,871,stranger,1.4242654806227413,3.5626917163468823,0.2,0.5613732984033664,0.871,0
21,53,79,272,599,871,stranger,1.4862695309422231,3.5626917163468823,0.2,0.5613732984033664,1.2639999999999936,1
21,54,79,272,599,871,self,6.832757743295556,3.5626917163468823,0.2,0.5613732984033664,0.5750000000000003,1
21,55,79,272,599,871,stranger,1.4426833080999297,3.5626917163468823,0.2,0.5613732984033664,0.871,0
21,56,79,272,599,871,stranger,1.4634731961272247,3.5626917163468823,0.2,0.5613732984033664,0.871,0
21,57,79,272,599,871,stranger,1.2444811763581622,3.5626917163468823,0.2,0.5613732984033664,0.871,0
21,58,79,272,599,871,self,6.6210430459619225,3.5626917163468823,0.2,0.5613732984033664,0.5620000000000003,1
21,59,79,272,599,871,stranger,1.8341931432367504,3.5626917163468823,0.2,0.5613732984033664,1.3089999999999886,1
21,60,79,272,599,871,stranger,1.1595450129765044,3.5626917163468823,0.2,0.5613732984033664,1.941999999999919,1
22,1,41,236,220,456,self,5.267789248994486,0.8854813644866966,0.2,2.258658488153929,0.201,1
22,2,41,236,220,456,stranger,0.7265602988433799,0.8854813644866966,0.2,2.258658488153929,0.201,1
22,3,41,236,220,456,stranger,0.5175120977768254,0.8854813644866966,0.2,2.258658488153929,0.201,1
22,4,41,236,220,456,stranger,0.8347806365937014,0.8854813644866966,0.2,2.258658488153929,0.201,1
22,5,41,236,220,456,self,5.563701404251647,0.8854813644866966,0.2,2.258658488153929,0.201,1
22,6,41,236,220,456,stranger,0.8404287866777616,0.8854813644866966,0.2,2.258658488153929,0.201,1
22,7,41,236,220,456,stranger,0.45737696153817964,0.8854813644866966,0.2,2.258658488153929,0.201,1
22,8,41,236,220,456,self,5.664276992645655,0.8854813644866966,0.2,2.258658488153929,0.201,1
22,9,41,236,220,456,self,6.002642670585183,0.8854813644866966,0.2,2.258658488153929,0.201,1
22,10,41,236,220,456,stranger,1.4955192886584612,0.8854813644866966,0.2,2.258658488153929,0.201,1
22,11,41,236,220,456,stranger,0.8659030608025933,0.8854813644866966,0.2,2.258658488153929,0.201,1
22,12,41,236,220,456,self,6.425291762212027,0.8854813644866966,0.2,2.258658488153929,0.201,1
22,13,41,236,220,456,stranger,1.2457597905194435,0.8854813644866966,0.2,2.258658488153929,0.201,1
22,14,41,236,220,456,self,6.0539870763437165,0.8854813644866966,0.2,2.258658488153929,0.201,1
22,15,41,236,220,456,self,5.796819426638486,0.8854813644866966,0.2,2.258658488153929,0.201,1
22,16,41,236,220,456,self,4.925236668452042,0.8854813644866966,0.2,2.258658488153929,0.201,1
22,17,41,236,220,456,stranger,0.8748059196644014,0.8854813644866966,0.2,2.258658488153929,0.201,1
22,18,41,236,220,456,stranger,1.4093926407150714,0.8854813644866966,0.2,2.258658488153929,0.201,1
22,19,41,236,220,456,self,4.852742993153041,0.8854813644866966,0.2,2.258658488153929,0.201,1
22,20,41,236,220,456,stranger,0.9365217896141065,0.8854813644866966,0.2,2.258658488153929,0.201,1
22,21,41,236,220,456,self,6.376596726250975,0.8854813644866966,0.2,2.258658488153929,0.201,1
22,22,41,236,220,456,stranger,0.5297318217602273,0.8854813644866966,0.2,2.258658488153929,0.201,1
22,23,41,236,220,456,stranger,1.8134141938737012,0.8854813644866966,0.2,2.258658488153929,0.201,1
22,24,41,236,220,456,self,4.903823855200229,0.8854813644866966,0.2,2.258658488153929,0.201,1
22,25,41,236,220,456,self,5.543573552587738,0.8854813644866966,0.2,2.258658488153929,0.201,1
22,26,41,236,220,456,stranger,1.072043694858748,0.8854813644866966,0.2,2.258658488153929,0.201,1
22,27,41,236,220,456,stranger,0.8275054858819189,0.8854813644866966,0.2,2.258658488153929,0.201,1
22,28,41,236,220,456,stranger,0.528162719344461,0.8854813644866966,0.2,2.258658488153929,0.201,1
22,29,41,236,220,456,stranger,1.2034550926176342,0.8854813644866966,0.2,2.258658488153929,0.201,1
22,30,41,236,220,456,stranger,0.4044041013317916,0.8854813644866966,0.2,2.258658488153929,0.201,1
22,31,41,236,220,456,stranger,0.7387847021097533,0.8854813644866966,0.2,2.258658488153929,0.201,1
22,32,41,236,220,456,self,5.737034525746611,0.8854813644866966,0.2,2.258658488153929,0.201,1
22,33,41,236,220,456,stranger,0.4400509898100591,0.8854813644866966,0.2,2.258658488153929,0.201,1
22,34,41,236,220,456,self,6.017236860632701,0.8854813644866966,0.2,2.258658488153929,0.201,1
22,35,41,236,220,456,self,5.2798156720342995,0.8854813644866966,0.2,2.258658488153929,0.201,1
22,36,41,236,220,456,self,5.815454437520553,0.8854813644866966,0.2,2.258658488153929,0.201,1
22,37,41,236,220,456,self,5.023624950840034,0.8854813644866966,0.2,2.258658488153929,0.201,1
22,38,41,236,220,456,stranger,1.3027343777679652,0.8854813644866966,0.2,2.258658488153929,0.201,1
22,39,41,236,220,456,self,5.584172238771263,0.8854813644866966,0.2,2.258658488153929,0.201,1
22,40,41,236,220,456,stranger,1.392066591401753,0.8854813644866966,0.2,2.258658488153929,0.201,1
22,41,41,236,220,456,self,5.736223996515446,0.8854813644866966,0.2,2.258658488153929,0.201,1
22,42,41,236,220,456,self,5.83172035137967,0.8854813644866966,0.2,2.258658488153929,0.201,1
22,43,41,236,220,456,stranger,1.149507365224546,0.8854813644866966,0.2,2.258658488153929,0.201,1
22,44,41,236,220,456,self,6.098594298082584,0.8854813644866966,0.2,2.258658488153929,0.201,1
22,45,41,236,220,456,self,4.937186898164321,0.8854813644866966,0.2,2.258658488153929,0.201,1
22,46,41,236,220,456,self,6.301736977262395,0.8854813644866966,0.2,2.258658488153929,0.201,1
22,47,41,236,220,456,stranger,1.5792660933396039,0.8854813644866966,0.2,2.258658488153929,0.201,1
22,48,41,236,220,456,self,5.994914493288254,0.8854813644866966,0.2,2.258658488153929,0.201,1
22,49,41,236,220,456,stranger,0.9583664279058097,0.8854813644866966,0.2,2.258658488153929,0.201,1
22,50,41,236,220,456,self,5.916802336278286,0.8854813644866966,0.2,2.258658488153929,0.201,1
22,51,41,236,220,456,stranger,0.07200624805459932,0.8854813644866966,0.2,2.258658488153929,0.201,1
22,52,41,236,220,456,self,5.657328699244067,0.8854813644866966,0.2,2.258658488153929,0.201,1
22,53,41,236,220,456,self,5.6581737056789425,0.8854813644866966,0.2,2.258658488153929,0.201,1
22,54,41,236,220,456,stranger,1.7977112586722572,0.8854813644866966,0.2,2.258658488153929,0.201,1
22,55,41,236,220,456,self,5.485188694395449,0.8854813644866966,0.2,2.258658488153929,0.201,1
22,56,41,236,220,456,self,5.3450784504164055,0.8854813644866966,0.2,2.258658488153929,0.201,1
22,57,41,236,220,456,stranger,0.37035763274861344,0.8854813644866966,0.2,2.258658488153929,0.201,1
22,58,41,236,220,456,stranger,1.5263317493449606,0.8854813644866966,0.2,2.258658488153929,0.201,1
22,59,41,236,220,456,self,5.309296937911565,0.8854813644866966,0.2,2.258658488153929,0.201,1
22,60,41,236,220,456,stranger,1.0878296757507953,0.8854813644866966,0.2,2.258658488153929,0.201,1
23,1,95,359,719,1078,self,6.336891139489644,3.214072161982752,0.2,0.6222635644764758,0.5420000000000003,1
23,2,95,359,719,1078,stranger,1.3633102378365007,3.214072161982752,0.2,0.6222635644764758,1.4629999999999717,1
23,3,95,359,719,1078,self,7.483517362299413,3.214072161982752,0.2,0.6222635644764758,0.44200000000000017,1
23,4,95,359,719,1078,self,8.027540767228324,3.214072161982752,0.2,0.6222635644764758,0.5150000000000002,1
23,5,95,359,719,1078,self,6.609372853003505,3.214072161982752,0.2,0.6222635644764758,0.5850000000000003,1
23,6,95,359,719,1078,stranger,1.6433158042266234,3.214072161982752,0.2,0.6222635644764758,1.7359999999999416,1
23,7,95,359,719,1078,stranger,0.8214344713101835,3.214072161982752,0.2,0.6222635644764758,0.3050000000000001,0
23,8,95,359,719,1078,stranger,2.1539079349067873,3.214072161982752,0.2,0.6222635644764758,1.631999999999953,1
23,9,95,359,719,1078,self,7.202007257923955,3.214072161982752,0.2,0.6222635644764758,0.5040000000000002,1
23,10,95,359,719,1078,stranger,2.1396599804301673,3.214072161982752,0.2,0.6222635644764758,1.4009999999999785,1
23,11,95,359,719,1078,self,6.956369744349235,3.214072161982752,0.2,0.6222635644764758,0.7030000000000003,1
23,12,95,359,719,1078,self,7.7240228542502285,3.214072161982752,0.2,0.6222635644764758,0.5510000000000003,1
23,13,95,359,719,1078,self,6.989906575369263,3.214072161982752,0.2,0.6222635644764758,0.6420000000000003,1
23,14,95,359,719,1078,self,6.9533360401320365,3.214072161982752,0.2,0.6222635644764758,0.5560000000000003,1
23,15,95,359,719,1078,stranger,1.8493906893838075,3.214072161982752,0.2,0.6222635644764758,0.6410000000000003,0
23,16,95,359,719,1078,self,7.049018052230075,3.214072161982752,0.2,0.6222635644764758,0.5960000000000003,1
23,17,95,359,719,1078,stranger,0.8873149189956065,3.214072161982752,0.2,0.6222635644764758,0.3710000000000001,0
23,18,95,359,719,1078,self,6.825747695259901,3.214072161982752,0.2,0.6222635644764758,0.5340000000000003,1
23,19,95,359,719,1078,stranger,1.1941807002508462,3.214072161982752,0.2,0.6222635644764758,1.078,0
23,20,95,359,719,1078,self,7.739864916502506,3.214072161982752,0.2,0.6222635644764758,0.4910000000000002,1
23,21,95,359,719,1078,stranger,2.319838668874046,3.214072161982752,0.2,0.6222635644764758,1.3249999999999869,1
23,22,95,359,719,1078,self,7.342272486978109,3.214072161982752,0.2,0.6222635644764758,0.6140000000000003,1
23,23,95,359,719,1078,stranger,1.0149178805741734,3.214072161982752,0.2,0.6222635644764758,1.7249999999999428,1
23,24,95,359,719,1078,stranger,2.1819585519115408,3.214072161982752,0.2,0.6222635644764758,1.7209999999999432,1
23,25,95,359,719,1078,stranger,1.293325583363685,3.214072161982752,0.2,0.6222635644764758,1.7849999999999362,1
23,26,95,359,719,1078,stranger,2.14982162437963,3.214072161982752,0.2,0.6222635644764758,0.8940000000000006,1
23,27,95,359,719,1078,self,7.474679968053556,3.214072161982752,0.2,0.6222635644764758,0.6740000000000004,1
23,28,95,359,719,1078,stranger,1.2279720902203781,3.214072161982752,0.2,0.6222635644764758,1.2929999999999904,1
23,29,95,359,719,1078,stranger,1.9376032386237163,3.214072161982752,0.2,0.6222635644764758,1.358999999999983,1
23,30,95,359,719,1078,self,7.145355946207025,3.214072161982752,0.2,0.6222635644764758,0.5770000000000003,1
23,31,95,359,719,1078,stranger,1.7152744200615937,3.214072161982752,0.2,0.6222635644764758,1.078,0
23,32,95,359,719,1078,stranger,1.5283569858381727,3.214072161982752,0.2,0.6222635644764758,0.4530000000000002,0
23,33,95,359,719,1078,self,6.854679852401586,3.214072161982752,0.2,0.6222635644764758,0.6960000000000004,1
23,34,95,359,719,1078,stranger,2.647835529215256,3.214072161982752,0.2,0.6222635644764758,1.3189999999999875,1
23,35,95,359,719,1078,self,6.541843225591394,3.214072161982752,0.2,0.6222635644764758,0.5000000000000002,1
23,36,95,359,719,1078,self,6.905775058056252,3.214072161982752,0.2,0.6222635644764758,0.5280000000000002,1
23,37,95,359,719,1078,stranger,2.0477746196137754,3.214072161982752,0.2,0.6222635644764758,0.3560000000000001,0
23,38,95,359,719,1078,self,7.116349811690423,3.214072161982752,0.2,0.6222635644764758,0.5510000000000003,1
23,39,95,359,719,1078,stranger,1.8323004239202065,3.214072161982752,0.2,0.6222635644764758,1.4469999999999734,1
23,40,95,359,719,1078,stranger,1.160315035550391,3.214072161982752,0.2,0.6222635644764758,1.8519999999999288,1
23,41,95,359,719,1078,stranger,1.8986048011960177,3.214072161982752,0.2,0.6222635644764758,1.078,0
23,42,95,359,719,1078,stranger,1.8577985533861296,3.214072161982752,0.2,0.6222635644764758,1.078,0
23,43,95,359,719,1078,self,6.609268129968036,3.214072161982752,0.2,0.6222635644764758,0.7330000000000003,1
23,44,95,359,719,1078,self,8.061875060418526,3.214072161982752,0.2,0.6222635644764758,0.5180000000000002,1
23,45,95,359,719,1078,stranger,1.5685365005487797,3.214072161982752,0.2,0.6222635644764758,0.8250000000000004,0
23,46,95,359,719,1078,self,7.349347494725812,3.214072161982752,0.2,0.6222635644764758,0.4850000000000002,1
23,47,95,359,719,1078,self,7.683469309584432,3.214072161982752,0.2,0.6222635644764758,0.5010000000000002,1
23,48,95,359,719,1078,self,7.372540890253805,3.214072161982752,0.2,0.6222635644764758,0.5130000000000002,1
23,49,95,359,719,1078,self,7.3297866541687595,3.214072161982752,0.2,0.6222635644764758,0.5740000000000003,1
23,50,95,359,719,1078,self,7.096566967345426,3.214072161982752,0.2,0.6222635644764758,0.5570000000000003,1
23,51,95,359,719,1078,stranger,1.1307651502577107,3.214072161982752,0.2,0.6222635644764758,1.9079999999999226,1
23,52,95,359,719,1078,self,6.938185874244496,3.214072161982752,0.2,0.6222635644764758,0.4870000000000002,1
23,53,95,359,719,1078,stranger,1.5509876871213022,3.214072161982752,0.2,0.6222635644764758,0.8810000000000004,1
23,54,95,359,719,1078,self,7.0202500982135865,3.214072161982752,0.2,0.6222635644764758,0.6790000000000004,1
23,55,95,359,719,1078,self,6.30005343047949,3.214072161982752,0.2,0.6222635644764758,0.7820000000000005,1
23,56,95,359,719,1078,stranger,1.5310742775836537,3.214072161982752,0.2,0.6222635644764758,1.078,0
23,57,95,359,719,1078,stranger,2.1679710829609733,3.214072161982752,0.2,0.6222635644764758,0.5950000000000003,1
23,58,95,359,719,1078,stranger,1.8079414755581709,3.214072161982752,0.2,0.6222635644764758,1.450999999999973,1
23,59,95,359,719,1078,stranger,2.7401487271875355,3.214072161982752,0.2,0.6222635644764758,0.8470000000000004,1
23,60,95,359,719,1078,self,7.447802300293383,3.214072161982752,0.2,0.6222635644764758,0.4590000000000002,1
24,1,148,406,501,907,self,8.06390188418856,3.687617716010186,0.2,0.5423555677468374,0.6540000000000004,1
24,2,148,406,501,907,stranger,3.270979346026246,3.687617716010186,0.2,0.5423555677468374,0.6290000000000003,1
24,3,148,406,501,907,self,7.898868590718773,3.687617716010186,0.2,0.5423555677468374,0.5350000000000003,1
24,4,148,406,501,907,stranger,2.3610770856056846,3.687617716010186,0.2,0.5423555677468374,1.694999999999946,1
24,5,148,406,501,907,self,8.42735583746652,3.687617716010186,0.2,0.5423555677468374,0.4580000000000002,1
24,6,148,406,501,907,self,7.7927529982459145,3.687617716010186,0.2,0.5423555677468374,0.6750000000000004,1
24,7,148,406,501,907,self,8.022216378992521,3.687617716010186,0.2,0.5423555677468374,0.5830000000000003,1
24,8,148,406,501,907,stranger,3.2976273637310385,3.687617716010186,0.2,0.5423555677468374,1.206,1
24,9,148,406,501,907,stranger,2.232348921520212,3.687617716010186,0.2,0.5423555677468374,1.4609999999999719,1
24,10,148,406,501,907,stranger,2.296527270970959,3.687617716010186,0.2,0.5423555677468374,1.1290000000000007,1
24,11,148,406,501,907,stranger,2.6694907598638635,3.687617716010186,0.2,0.5423555677468374,1.322999999999987,1
24,12,148,406,501,907,stranger,3.395566679758341,3.687617716010186,0.2,0.5423555677468374,0.9500000000000006,1
24,13,148,406,501,907,self,7.963906631568844,3.687617716010186,0.2,0.5423555677468374,0.5460000000000003,1
24,14,148,406,501,907,stranger,2.250613875528778,3.687617716010186,0.2,0.5423555677468374,0.8290000000000004,1
24,15,148,406,501,907,stranger,2.211987858400818,3.687617716010186,0.2,0.5423555677468374,2.1119999999999,1
24,16,148,406,501,907,stranger,2.8152501878412317,3.687617716010186,0.2,0.5423555677468374,1.4579999999999722,1
24,17,148,406,501,907,self,8.758781915185919,3.687617716010186,0.2,0.5423555677468374,0.5260000000000002,1
24,18,148,406,501,907,self,8.178023787060074,3.687617716010186,0.2,0.5423555677468374,0.6550000000000004,1
24,19,148,406,501,907,self,7.30676973739604,3.687617716010186,0.2,0.5423555677468374,0.7480000000000004,1
24,20,148,406,501,907,self,8.736692654928698,3.687617716010186,0.2,0.5423555677468374,0.5180000000000002,1
24,21,148,406,501,907,self,8.466385246284409,3.687617716010186,0.2,0.5423555677468374,0.6040000000000003,1
24,22,148,406,501,907,self,8.597292093493548,3.687617716010186,0.2,0.5423555677468374,0.43400000000000016,1
24,23,148,406,501,907,stranger,3.1278390158102005,3.687617716010186,0.2,0.5423555677468374,0.4610000000000002,0
24,24,148,406,501,907,self,7.969457297064269,3.687617716010186,0.2,0.5423555677468374,0.5030000000000002,1
24,25,148,406,501,907,stranger,3.223459759654005,3.687617716010186,0.2,0.5423555677468374,1.1260000000000008,1
24,26,148,406,501,907,self,7.5928150106665635,3.687617716010186,0.2,0.5423555677468374,0.5880000000000003,1
24,27,148,406,501,907,stranger,2.759173601289644,3.687617716010186,0.2,0.5423555677468374,1.4549999999999725,1
24,28,148,406,501,907,stranger,3.3702671417658276,3.687617716010186,0.2,0.5423555677468374,1.0750000000000006,1
24,29,148,406,501,907,self,7.359554862028701,3.687617716010186,0.2,0.5423555677468374,0.6720000000000004,1
24,30,148,406,501,907,stranger,2.8741541096736665,3.687617716010186,0.2,0.5423555677468374,1.5529999999999617,1
24,31,148,406,501,907,self,8.231349191661902,3.687617716010186,0.2,0.5423555677468374,0.5690000000000003,1
24,32,148,406,501,907,stranger,3.096244713026414,3.687617716010186,0.2,0.5423555677468374,1.1340000000000008,1
24,33,148,406,501,907,stranger,3.021872176321895,3.687617716010186,0.2,0.5423555677468374,1.2819999999999916,1
24,34,148,406,501,907,stranger,3.460407787161413,3.687617716010186,0.2,0.5423555677468374,1.1580000000000008,1
24,35,148,406,501,907,stranger,3.483882648211028,3.687617716010186,0.2,0.5423555677468374,0.6800000000000004,1
24,36,148,406,501,907,self,9.055543794294891,3.687617716010186,0.2,0.5423555677468374,0.4870000000000002,1
24,37,148,406,501,907,stranger,2.453464742724462,3.687617716010186,0.2,0.5423555677468374,1.487999999999969,1
24,38,148,406,501,907,stranger,3.0181429935076403,3.687617716010186,0.2,0.5423555677468374,1.814999999999933,1
24,39,148,406,501,907,stranger,2.396516668949004,3.687617716010186,0.2,0.5423555677468374,0.9350000000000005,1
24,40,148,406,501,907,self,8.546442654271345,3.687617716010186,0.2,0.5423555677468374,0.5880000000000003,1
24,41,148,406,501,907,self,7.399402428507034,3.687617716010186,0.2,0.5423555677468374,0.7160000000000004,1
24,42,148,406,501,907,self,7.717843496761593,3.687617716010186,0.2,0.5423555677468374,0.5410000000000003,1
24,43,148,406,501,907,stranger,3.469460364162351,3.687617716010186,0.2,0.5423555677468374,1.6269999999999536,1
24,44,148,406,501,907,self,8.29726300099631,3.687617716010186,0.2,0.5423555677468374,0.4860000000000002,1
24,45,148,406,501,907,self,8.22097336083629,3.687617716010186,0.2,0.5423555677468374,0.4610000000000002,1
24,46,148,406,501,907,self,8.479811670868411,3.687617716010186,0.2,0.5423555677468374,0.4820000000000002,1
24,47,148,406,501,907,self,7.5883644842496665,3.687617716010186,0.2,0.5423555677468374,0.4670000000000002,1
24,48,148,406,501,907,self,7.767642411847013,3.687617716010186,0.2,0.5423555677468374,0.5440000000000003,1
24,49,148,406,501,907,stranger,2.766136543123426,3.687617716010186,0.2,0.5423555677468374,1.1930000000000007,1
24,50,148,406,501,907,self,7.654291825733649,3.687617716010186,0.2,0.5423555677468374,0.4850000000000002,1
24,51,148,406,501,907,stranger,2.654018473066621,3.687617716010186,0.2,0.5423555677468374,1.7349999999999417,1
24,52,148,406,501,907,stranger,2.6624616136754264,3.687617716010186,0.2,0.5423555677468374,1.2729999999999926,1
24,53,148,406,501,907,self,8.604332254299557,3.687617716010186,0.2,0.5423555677468374,0.5940000000000003,1
24,54,148,406,501,907,self,7.7445861956611814,3.687617716010186,0.2,0.5423555677468374,0.6180000000000003,1
24,55,148,406,501,907,stranger,2.9346979182097077,3.687617716010186,0.2,0.5423555677468374,1.6569999999999503,1
24,56,148,406,501,907,stranger,2.2586231836292803,3.687617716010186,0.2,0.5423555677468374,1.1220000000000008,1
24,57,148,406,501,907,self,6.956351015874053,3.687617716010186,0.2,0.5423555677468374,0.6900000000000004,1
24,58,148,406,501,907,self,8.529221326364617,3.687617716010186,0.2,0.5423555677468374,0.6170000000000003,1
24,59,148,406,501,907,stranger,3.0007217901265504,3.687617716010186,0.2,0.5423555677468374,1.1630000000000007,1
24,60,148,406,501,907,stranger,3.0485480739378312,3.687617716010186,0.2,0.5423555677468374,1.6479999999999513,1
25,1,111,75,1236,1311,stranger,0.6954980999399437,2.8618791190466384,0.2,0.6988415362093451,0.8770000000000004,0
25,2,111,75,1236,1311,self,3.7993316055749267,2.8618791190466384,0.2,0.6988415362093451,0.6250000000000003,1
25,3,111,75,1236,1311,self,2.9917841634337283,2.8618791190466384,0.2,0.6988415362093451,0.5870000000000003,1
25,4,111,75,1236,1311,stranger,1.379042679794112,2.8618791190466384,0.2,0.6988415362093451,1.311,0
25,5,111,75,1236,1311,stranger,0.11701317741314629,2.8618791190466384,0.2,0.6988415362093451,0.40000000000000013,0
25,6,111,75,1236,1311,stranger,1.2776363873935315,2.8618791190466384,0.2,0.6988415362093451,1.311,0
25,7,111,75,1236,1311,self,2.53924623205638,2.8618791190466384,0.2,0.6988415362093451,0.7030000000000003,1
25,8,111,75,1236,1311,stranger,2.045364189949603,2.8618791190466384,0.2,0.6988415362093451,0.8250000000000004,1
25,9,111,75,1236,1311,stranger,0.6707939038120575,2.8618791190466384,0.2,0.6988415362093451,0.7310000000000003,0
25,10,111,75,1236,1311,self,3.850293607788266,2.8618791190466384,0.2,0.6988415362093451,0.5110000000000002,1
25,11,111,75,1236,1311,stranger,1.4750326349960226,2.8618791190466384,0.2,0.6988415362093451,1.3569999999999833,1
25,12,111,75,1236,1311,self,3.2548600376466292,2.8618791190466384,0.2,0.6988415362093451,1.2089999999999996,1
25,13,111,75,1236,1311,self,3.4223598464778213,2.8618791190466384,0.2,0.6988415362093451,0.5750000000000003,1
25,14,111,75,1236,1311,stranger,0.6893899403520422,2.8618791190466384,0.2,0.6988415362093451,1.4669999999999712,0
25,15,111,75,1236,1311,stranger,0.3984527328218501,2.8618791190466384,0.2,0.6988415362093451,0.43400000000000016,0
25,16,111,75,1236,1311,stranger,1.2638274843075286,2.8618791190466384,0.2,0.6988415362093451,0.2780000000000001,0
25,17,111,75,1236,1311,stranger,1.1385679887538716,2.8618791190466384,0.2,0.6988415362093451,1.3559999999999834,1
25,18,111,75,1236,1311,self,3.6410315116970504,2.8618791190466384,0.2,0.6988415362093451,0.8550000000000004,1
25,19,111,75,1236,1311,self,3.4822280455369663,2.8618791190466384,0.2,0.6988415362093451,1.0810000000000006,1
25,20,111,75,1236,1311,self,2.9837972046193917,2.8618791190466384,0.2,0.6988415362093451,1.0980000000000008,1
25,21,111,75,1236,1311,self,3.0155757397174456,2.8618791190466384,0.2,0.6988415362093451,0.7600000000000005,1
25,22,111,75,1236,1311,self,2.5555994025162825,2.8618791190466384,0.2,0.6988415362093451,1.0340000000000007,1
25,23,111,75,1236,1311,self,3.7051213142802983,2.8618791190466384,0.2,0.6988415362093451,1.0660000000000007,1
25,24,111,75,1236,1311,stranger,0.24670122601427943,2.8618791190466384,0.2,0.6988415362093451,2.0439999999999077,1
25,25,111,75,1236,1311,stranger,1.2480751677650996,2.8618791190466384,0.2,0.6988415362093451,1.311,0
25,26,111,75,1236,1311,self,2.5309869877878564,2.8618791190466384,0.2,0.6988415362093451,0.9320000000000006,1
25,27,111,75,1236,1311,self,3.8354968768136044,2.8618791190466384,0.2,0.6988415362093451,0.8910000000000005,1
25,28,111,75,1236,1311,self,4.585341851090628,2.8618791190466384,0.2,0.6988415362093451,0.7750000000000004,1
25,29,111,75,1236,1311,stranger,0.45742434480280925,2.8618791190466384,0.2,0.6988415362093451,1.340999999999985,0
25,30,111,75,1236,1311,stranger,1.1427932810842851,2.8618791190466384,0.2,0.6988415362093451,1.7519999999999398,1
25,31,111,75,1236,1311,stranger,1.1316140983335592,2.8618791190466384,0.2,0.6988415362093451,1.4209999999999763,1
25,32,111,75,1236,1311,stranger,0.4168665671109658,2.8618791190466384,0.2,0.6988415362093451,1.7219999999999431,1
25,33,111,75,1236,1311,stranger,1.0702313686171876,2.8618791190466384,0.2,0.6988415362093451,0.5270000000000002,0
25,34,111,75,1236,1311,self,4.188985165258202,2.8618791190466384,0.2,0.6988415362093451,0.7980000000000005,1
25,35,111,75,1236,1311,stranger,1.112374550749159,2.8618791190466384,0.2,0.6988415362093451,1.486999999999969,1
25,36,111,75,1236,1311,stranger,1.3410186854255537,2.8618791190466384,0.2,0.6988415362093451,0.7940000000000005,1
25,37,111,75,1236,1311,self,3.1924196951446997,2.8618791190466384,0.2,0.6988415362093451,0.9330000000000005,1
25,38,111,75,1236,1311,self,3.659609286321582,2.8618791190466384,0.2,0.6988415362093451,0.5630000000000003,1
25,39,111,75,1236,1311,stranger,1.0537546593082516,2.8618791190466384,0.2,0.6988415362093451,1.1150000000000007,1
25,40,111,75,1236,1311,stranger,0.9554557938136486,2.8618791190466384,0.2,0.6988415362093451,1.0040000000000007,1
25,41,111,75,1236,1311,self,3.778338656744215,2.8618791190466384,0.2,0.6988415362093451,0.7550000000000003,1
25,42,111,75,1236,1311,stranger,1.360229297032195,2.8618791190466384,0.2,0.6988415362093451,1.0220000000000007,1
25,43,111,75,1236,1311,self,2.335420884323631,2.8618791190466384,0.2,0.6988415362093451,1.0740000000000007,1
25,44,111,75,1236,1311,self,3.4302592552915105,2.8618791190466384,0.2,0.6988415362093451,1.2939999999999903,1
25,45,111,75,1236,1311,stranger,0.5475086382449532,2.8618791190466384,0.2,0.6988415362093451,0.4640000000000002,0
25,46,111,75,1236,1311,self,2.8757188994584486,2.8618791190466384,0.2,0.6988415362093451,1.1480000000000008,1
25,47,111,75,1236,1311,self,3.4933105746361615,2.8618791190466384,0.2,0.6988415362093451,0.7610000000000003,1
25,48,111,75,1236,1311,self,3.385084614439465,2.8618791190466384,0.2,0.6988415362093451,1.0160000000000007,1
25,49,111,75,1236,1311,stranger,0.5660534794803087,2.8618791190466384,0.2,0.6988415362093451,0.8020000000000005,0
25,50,111,75,1236,1311,stranger,0.6669967065633043,2.8618791190466384,0.2,0.6988415362093451,1.0820000000000007,1
25,51,111,75,1236,1311,self,3.3572136928282155,2.8618791190466384,0.2,0.6988415362093451,1.3439999999999848,1
25,52,111,75,1236,1311,self,4.415093584282702,2.8618791190466384,0.2,0.6988415362093451,0.9170000000000005,1
25,53,111,75,1236,1311,self,3.6526009990072352,2.8618791190466384,0.2,0.6988415362093451,0.7710000000000004,1
25,54,111,75,1236,1311,stranger,0.6031162693642382,2.8618791190466384,0.2,0.6988415362093451,1.311,0
25,55,111,75,1236,1311,self,2.742840080693866,2.8618791190466384,0.2,0.6988415362093451,0.9130000000000005,1
25,56,111,75,1236,1311,stranger,1.4876002778258932,2.8618791190466384,0.2,0.6988415362093451,1.3269999999999866,1
25,57,111,75,1236,1311,self,3.3365891957157796,2.8618791190466384,0.2,0.6988415362093451,0.6540000000000004,1
25,58,111,75,1236,1311,stranger,0.5639028215480003,2.8618791190466384,0.2,0.6988415362093451,1.311,0
25,59,111,75,1236,1311,stranger,1.2508965962729015,2.8618791190466384,0.2,0.6988415362093451,0.5010000000000002,0
25,60,111,75,1236,1311,self,3.3730628245757566,2.8618791190466384,0.2,0.6988415362093451,0.6780000000000004,1
26,1,149,220,863,1083,stranger,2.447486747929135,3.5862721400324924,0.2,0.5576821618400325,1.3039999999999892,1
26,2,149,220,863,1083,stranger,0.8896686838682374,3.5862721400324924,0.2,0.5576821618400325,1.083,0
26,3,149,220,863,1083,self,5.754559960466193,3.5862721400324924,0.2,0.5576821618400325,0.5370000000000003,1
26,4,149,220,863,1083,self,5.8461361472298865,3.5862721400324924,0.2,0.5576821618400325,0.7180000000000004,1
26,5,149,220,863,1083,stranger,0.9102092255784702,3.5862721400324924,0.2,0.5576821618400325,0.8270000000000004,1
26,6,149,220,863,1083,self,5.593394117192522,3.5862721400324924,0.2,0.5576821618400325,0.9120000000000006,1
26,7,149,220,863,1083,self,6.036341202248231,3.5862721400324924,0.2,0.5576821618400325,0.6130000000000003,1
26,8,149,220,863,1083,self,6.500201565284341,3.5862721400324924,0.2,0.5576821618400325,0.7730000000000004,1
26,9,149,220,863,1083,self,4.9820038991207864,3.5862721400324924,0.2,0.5576821618400325,1.1420000000000008,1
26,10,149,220,863,1083,stranger,1.1140433993336685,3.5862721400324924,0.2,0.5576821618400325,2.0799999999999037,1
26,11,149,220,863,1083,stranger,0.7868881738827462,3.5862721400324924,0.2,0.5576821618400325,0.7320000000000004,0
26,12,149,220,863,1083,stranger,1.777037669423294,3.5862721400324924,0.2,0.5576821618400325,1.083,0
26,13,149,220,863,1083,stranger,1.0420906571129362,3.5862721400324924,0.2,0.5576821618400325,1.083,0
26,14,149,220,863,1083,stranger,1.1491833870337411,3.5862721400324924,0.2,0.5576821618400325,1.083,0
26,15,149,220,863,1083,stranger,1.3924617917628292,3.5862721400324924,0.2,0.5576821618400325,2.158999999999895,1
26,16,149,220,863,1083,stranger,1.2340150394981488,3.5862721400324924,0.2,0.5576821618400325,1.2829999999999915,1
26,17,149,220,863,1083,stranger,1.1459934896223412,3.5862721400324924,0.2,0.5576821618400325,0.24900000000000005,0
26,18,149,220,863,1083,self,5.685887897065594,3.5862721400324924,0.2,0.5576821618400325,0.5710000000000003,1
26,19,149,220,863,1083,self,5.879311841180261,3.5862721400324924,0.2,0.5576821618400325,0.7000000000000004,1
26,20,149,220,863,1083,stranger,1.4536953658091996,3.5862721400324924,0.2,0.5576821618400325,1.083,0
26,21,149,220,863,1083,stranger,1.2686592694356122,3.5862721400324924,0.2,0.5576821618400325,1.083,0
26,22,149,220,863,1083,self,5.544789415720601,3.5862721400324924,0.2,0.5576821618400325,0.7490000000000003,1
26,23,149,220,863,1083,stranger,0.49498156272109983,3.5862721400324924,0.2,0.5576821618400325,1.083,0
26,24,149,220,863,1083,stranger,0.851670661312121,3.5862721400324924,0.2,0.5576821618400325,1.083,0
26,25,149,220,863,1083,self,6.033937786773371,3.5862721400324924,0.2,0.5576821618400325,0.6770000000000004,1
26,26,149,220,863,1083,self,5.3032631641399375,3.5862721400324924,0.2,0.5576821618400325,0.7220000000000004,1
26,27,149,220,863,1083,stranger,1.1339831555027535,3.5862721400324924,0.2,0.5576821618400325,1.3099999999999885,0
26,28,149,220,863,1083,self,5.875282417632281,3.5862721400324924,0.2,0.5576821618400325,0.7840000000000005,1
26,29,149,220,863,1083,stranger,1.937745486499419,3.5862721400324924,0.2,0.5576821618400325,1.29599999999999,1
26,30,149,220,863,1083,self,6.438846496630869,3.5862721400324924,0.2,0.5576821618400325,0.6950000000000004,1
26,31,149,220,863,1083,self,5.325188016315892,3.5862721400324924,0.2,0.5576821618400325,0.8130000000000004,1
26,32,149,220,863,1083,self,6.178027396791776,3.5862721400324924,0.2,0.5576821618400325,0.6440000000000003,1
26,33,149,220,863,1083,self,5.2525230330488615,3.5862721400324924,0.2,0.5576821618400325,0.7240000000000004,1
26,34,149,220,863,1083,self,7.103608617144512,3.5862721400324924,0.2,0.5576821618400325,0.6610000000000004,1
26,35,149,220,863,1083,stranger,0.8399185820067028,3.5862721400324924,0.2,0.5576821618400325,1.7089999999999446,1
26,36,149,220,863,1083,self,5.947984864525575,3.5862721400324924,0.2,0.5576821618400325,0.6060000000000003,1
26,37,149,220,863,1083,stranger,1.4705037136178298,3.5862721400324924,0.2,0.5576821618400325,1.886999999999925,1
26,38,149,220,863,1083,self,5.518594743962594,3.5862721400324924,0.2,0.5576821618400325,0.8760000000000006,1
26,39,149,220,863,1083,self,6.051561212307751,3.5862721400324924,0.2,0.5576821618400325,0.5330000000000003,1
26,40,149,220,863,1083,self,5.70095841779444,3.5862721400324924,0.2,0.5576821618400325,0.6900000000000004,1
26,41,149,220,863,1083,self,5.277054143497236,3.5862721400324924,0.2,0.5576821618400325,0.8320000000000005,1
26,42,149,220,863,1083,self,5.014220072589407,3.5862721400324924,0.2,0.5576821618400325,0.8250000000000004,1
26,43,149,220,863,1083,self,6.008580558980079,3.5862721400324924,0.2,0.5576821618400325,0.6680000000000004,1
26,44,149,220,863,1083,stranger,2.0391831449371614,3.5862721400324924,0.2,0.5576821618400325,1.3339999999999859,1
26,45,149,220,863,1083,self,6.695355148823501,3.5862721400324924,0.2,0.5576821618400325,0.6350000000000003,1
26,46,149,220,863,1083,self,6.686509395324407,3.5862721400324924,0.2,0.5576821618400325,0.5960000000000003,1
26,47,149,220,863,1083,self,6.006193280483256,3.5862721400324924,0.2,0.5576821618400325,0.6950000000000004,1
26,48,149,220,863,1083,stranger,0.6486482403774853,3.5862721400324924,0.2,0.5576821618400325,2.120999999999899,0
26,49,149,220,863,1083,stranger,0.9694782473174692,3.5862721400324924,0.2,0.5576821618400325,1.083,0
26,50,149,220,863,1083,stranger,1.1276941368723066,3.5862721400324924,0.2,0.5576821618400325,1.5609999999999609,1
26,51,149,220,863,1083,stranger,1.9699987635274558,3.5862721400324924,0.2,0.5576821618400325,1.3389999999999853,1
26,52,149,220,863,1083,stranger,1.6537568201343364,3.5862721400324924,0.2,0.5576821618400325,1.5649999999999604,1
26,53,149,220,863,1083,self,5.320995613193329,3.5862721400324924,0.2,0.5576821618400325,0.7840000000000005,1
26,54,149,220,863,1083,stranger,1.2117520263584876,3.5862721400324924,0.2,0.5576821618400325,0.3780000000000001,0
26,55,149,220,863,1083,stranger,1.2346248830890398,3.5862721400324924,0.2,0.5576821618400325,0.7830000000000004,0
26,56,149,220,863,1083,stranger,1.5976612268870103,3.5862721400324924,0.2,0.5576821618400325,1.6809999999999476,1
26,57,149,220,863,1083,stranger,1.8421156731451025,3.5862721400324924,0.2,0.5576821618400325,1.083,0
26,58,149,220,863,1083,self,5.510046801622664,3.5862721400324924,0.2,0.5576821618400325,0.8380000000000005,1
26,59,149,220,863,1083,self,6.301253345583615,3.5862721400324924,0.2,0.5576821618400325,0.6900000000000004,1
26,60,149,220,863,1083,stranger,0.8694685614965719,3.5862721400324924,0.2,0.5576821618400325,0.40600000000000014,0
27,1,128,304,991,1295,self,7.231908858249019,2.5286838658493664,0.2,0.79092528212427,0.41500000000000015,1
27,2,128,304,991,1295,self,7.306190497744603,2.5286838658493664,0.2,0.79092528212427,0.4750000000000002,1
27,3,128,304,991,1295,stranger,2.8984580562068993,2.5286838658493664,0.2,0.79092528212427,0.7000000000000004,1
27,4,128,304,991,1295,stranger,1.8373127954725783,2.5286838658493664,0.2,0.79092528212427,1.5549999999999615,1
27,5,128,304,991,1295,self,7.8854029134916335,2.5286838658493664,0.2,0.79092528212427,0.4580000000000002,1
27,6,128,304,991,1295,self,7.0436027562783945,2.5286838658493664,0.2,0.79092528212427,0.3820000000000001,1
27,7,128,304,991,1295,self,7.841506040846963,2.5286838658493664,0.2,0.79092528212427,0.42400000000000015,1
27,8,128,304,991,1295,self,7.700316357689516,2.5286838658493664,0.2,0.79092528212427,0.42400000000000015,1
27,9,128,304,991,1295,stranger,2.9902123477151705,2.5286838658493664,0.2,0.79092528212427,0.8320000000000005,1
27,10,128,304,991,1295,self,7.608234113122222,2.5286838658493664,0.2,0.79092528212427,0.5060000000000002,1
27,11,128,304,991,1295,stranger,3.37196813236258,2.5286838658493664,0.2,0.79092528212427,0.8930000000000005,1
27,12,128,304,991,1295,self,7.641400922636034,2.5286838658493664,0.2,0.79092528212427,0.3770000000000001,1
27,13,128,304,991,1295,self,7.290959202071994,2.5286838658493664,0.2,0.79092528212427,0.3600000000000001,1
27,14,128,304,991,1295,self,7.459295487391327,2.5286838658493664,0.2,0.79092528212427,0.3750000000000001,1
27,15,128,304,991,1295,stranger,2.1257602902073365,2.5286838658493664,0.2,0.79092528212427,0.7660000000000005,1
27,16,128,304,991,1295,stranger,2.9878421330036,2.5286838658493664,0.2,0.79092528212427,0.8720000000000006,1
27,17,128,304,991,1295,self,7.6302975124430485,2.5286838658493664,0.2,0.79092528212427,0.3740000000000001,1
27,18,128,304,991,1295,stranger,2.6533310246101207,2.5286838658493664,0.2,0.79092528212427,1.1650000000000007,1
27,19,128,304,991,1295,stranger,3.027790623099997,2.5286838658493664,0.2,0.79092528212427,0.4530000000000002,1
27,20,128,304,991,1295,self,7.708008731313807,2.5286838658493664,0.2,0.79092528212427,0.41600000000000015,1
27,21,128,304,991,1295,self,7.009153311156046,2.5286838658493664,0.2,0.79092528212427,0.32700000000000007,1
27,22,128,304,991,1295,stranger,3.0301188441727307,2.5286838658493664,0.2,0.79092528212427,0.9720000000000006,1
27,23,128,304,991,1295,self,7.441869841016994,2.5286838658493664,0.2,0.79092528212427,0.3560000000000001,1
27,24,128,304,991,1295,stranger,2.4198220468078806,2.5286838658493664,0.2,0.79092528212427,1.0070000000000006,1
27,25,128,304,991,1295,self,8.402661869870519,2.5286838658493664,0.2,0.79092528212427,0.41800000000000015,1
27,26,128,304,991,1295,stranger,2.69584449056402,2.5286838658493664,0.2,0.79092528212427,0.6560000000000004,1
27,27,128,304,991,1295,self,7.493166349011132,2.5286838658493664,0.2,0.79092528212427,0.39600000000000013,1
27,28,128,304,991,1295,self,8.000332200487792,2.5286838658493664,0.2,0.79092528212427,0.42300000000000015,1
27,29,128,304,991,1295,stranger,2.013665236304529,2.5286838658493664,0.2,0.79092528212427,0.6540000000000004,1
27,30,128,304,991,1295,self,7.442877419481162,2.5286838658493664,0.2,0.79092528212427,0.3450000000000001,1
27,31,128,304,991,1295,stranger,2.554202135155233,2.5286838658493664,0.2,0.79092528212427,0.7230000000000003,1
27,32,128,304,991,1295,stranger,1.6628248037113518,2.5286838658493664,0.2,0.79092528212427,1.1540000000000008,1
27,33,128,304,991,1295,stranger,2.4202194867735245,2.5286838658493664,0.2,0.79092528212427,0.8100000000000005,1
27,34,128,304,991,1295,stranger,2.657568106571499,2.5286838658493664,0.2,0.79092528212427,0.9260000000000006,1
27,35,128,304,991,1295,self,7.592889660917034,2.5286838658493664,0.2,0.79092528212427,0.5560000000000003,1
27,36,128,304,991,1295,self,7.478571985963334,2.5286838658493664,0.2,0.79092528212427,0.3860000000000001,1
27,37,128,304,991,1295,self,8.66719949571898,2.5286838658493664,0.2,0.79092528212427,0.43100000000000016,1
27,38,128,304,991,1295,stranger,2.4131104910531684,2.5286838658493664,0.2,0.79092528212427,1.2269999999999976,1
27,39,128,304,991,1295,stranger,2.229917453352181,2.5286838658493664,0.2,0.79092528212427,0.5780000000000003,1
27,40,128,304,991,1295,self,7.067222018820658,2.5286838658493664,0.2,0.79092528212427,0.4940000000000002,1
27,41,128,304,991,1295,self,7.715137426362161,2.5286838658493664,0.2,0.79092528212427,0.41600000000000015,1
27,42,128,304,991,1295,self,7.453029359751307,2.5286838658493664,0.2,0.79092528212427,0.3480000000000001,1
27,43,128,304,991,1295,stranger,2.4784325483819694,2.5286838658493664,0.2,0.79092528212427,0.4850000000000002,1
27,44,128,304,991,1295,stranger,3.177119516432866,2.5286838658493664,0.2,0.79092528212427,1.0610000000000006,1
27,45,128,304,991,1295,stranger,2.8200863505236105,2.5286838658493664,0.2,0.79092528212427,0.5950000000000003,1
27,46,128,304,991,1295,stranger,0.9481983757236433,2.5286838658493664,0.2,0.79092528212427,0.6700000000000004,1
27,47,128,304,991,1295,self,7.873123595895976,2.5286838658493664,0.2,0.79092528212427,0.32500000000000007,1
27,48,128,304,991,1295,self,7.536976411574168,2.5286838658493664,0.2,0.79092528212427,0.3780000000000001,1
27,49,128,304,991,1295,stranger,2.130819929085292,2.5286838658493664,0.2,0.79092528212427,0.6880000000000004,1
27,50,128,304,991,1295,self,7.607417110982254,2.5286838658493664,0.2,0.79092528212427,0.6130000000000003,1
27,51,128,304,991,1295,self,7.4506038694366925,2.5286838658493664,0.2,0.79092528212427,0.40700000000000014,1
27,52,128,304,991,1295,self,8.428190617083537,2.5286838658493664,0.2,0.79092528212427,0.4790000000000002,1
27,53,128,304,991,1295,stranger,3.181099212635881,2.5286838658493664,0.2,0.79092528212427,0.7100000000000004,1
27,54,128,304,991,1295,stranger,1.8382033528738966,2.5286838658493664,0.2,0.79092528212427,0.7690000000000003,1
27,55,128,304,991,1295,stranger,1.5441147153832389,2.5286838658493664,0.2,0.79092528212427,1.295,0
27,56,128,304,991,1295,stranger,2.477446004321797,2.5286838658493664,0.2,0.79092528212427,0.6300000000000003,1
27,57,128,304,991,1295,stranger,3.287064844214058,2.5286838658493664,0.2,0.79092528212427,0.7810000000000004,1
27,58,128,304,991,1295,self,6.259294961308566,2.5286838658493664,0.2,0.79092528212427,0.3900000000000001,1
27,59,128,304,991,1295,stranger,2.1508410531058977,2.5286838658493664,0.2,0.79092528212427,0.7160000000000004,1
27,60,128,304,991,1295,stranger,2.856363362916187,2.5286838658493664,0.2,0.79092528212427,0.7030000000000003,1
28,1,57,174,220,394,stranger,0.32343368414319973,0.7231589367411382,0.2,2.765643758774317,0.201,1
28,2,57,174,220,394,self,3.069353612854873,0.7231589367411382,0.2,2.765643758774317,0.201,1
28,3,57,174,220,394,self,4.875827837078126,0.7231589367411382,0.2,2.765643758774317,0.201,1
28,4,57,174,220,394,stranger,0.45710883601320207,0.7231589367411382,0.2,2.765643758774317,0.201,1
28,5,57,174,220,394,stranger,0.1193816693617159,0.7231589367411382,0.2,2.765643758774317,0.201,1
28,6,57,174,220,394,self,4.133783677061891,0.7231589367411382,0.2,2.765643758774317,0.201,1
28,7,57,174,220,394,self,3.7335009120251543,0.7231589367411382,0.2,2.765643758774317,0.201,1
28,8,57,174,220,394,self,3.8943661025564387,0.7231589367411382,0.2,2.765643758774317,0.201,1
28,9,57,174,220,394,stranger,0.271881581560276,0.7231589367411382,0.2,2.765643758774317,0.201,1
28,10,57,174,220,394,self,4.319272152432925,0.7231589367411382,0.2,2.765643758774317,0.201,1
28,11,57,174,220,394,self,5.291327757968008,0.7231589367411382,0.2,2.765643758774317,0.201,1
28,12,57,174,220,394,stranger,1.0625401401069974,0.7231589367411382,0.2,2.765643758774317,0.201,1
28,13,57,174,220,394,stranger,0.32744074517605803,0.7231589367411382,0.2,2.765643758774317,0.201,1
28,14,57,174,220,394,self,4.216186512779616,0.7231589367411382,0.2,2.765643758774317,0.201,1
28,15,57,174,220,394,stranger,-0.4757127815808937,0.7231589367411382,0.2,2.765643758774317,0.201,1
28,16,57,174,220,394,stranger,0.18419082986706847,0.7231589367411382,0.2,2.765643758774317,0.201,1
28,17,57,174,220,394,stranger,1.4049544931575242,0.7231589367411382,0.2,2.765643758774317,0.201,1
28,18,57,174,220,394,stranger,1.2377373538663703,0.7231589367411382,0.2,2.765643758774317,0.201,1
28,19,57,174,220,394,stranger,0.2901037547670393,0.7231589367411382,0.2,2.765643758774317,0.201,1
28,20,57,174,220,394,stranger,1.171175217460916,0.7231589367411382,0.2,2.765643758774317,0.201,1
28,21,57,174,220,394,stranger,0.5232574735656661,0.7231589367411382,0.2,2.765643758774317,0.201,1
28,22,57,174,220,394,stranger,1.5505088669080036,0.7231589367411382,0.2,2.765643758774317,0.201,1
28,23,57,174,220,394,self,4.002586430180862,0.7231589367411382,0.2,2.765643758774317,0.201,1
28,24,57,174,220,394,stranger,1.126424731861932,0.7231589367411382,0.2,2.765643758774317,0.201,1
28,25,57,174,220,394,self,3.7210999641974594,0.7231589367411382,0.2,2.765643758774317,0.201,1
28,26,57,174,220,394,stranger,0.9507547260612312,0.7231589367411382,0.2,2.765643758774317,0.201,1
28,27,57,174,220,394,stranger,0.742691873022306,0.7231589367411382,0.2,2.765643758774317,0.201,1
28,28,57,174,220,394,self,4.856708206798675,0.7231589367411382,0.2,2.765643758774317,0.201,1
28,29,57,174,220,394,self,4.735925180766762,0.7231589367411382,0.2,2.765643758774317,0.201,1
28,30,57,174,220,394,self,4.583244759029704,0.7231589367411382,0.2,2.765643758774317,0.201,1
28,31,57,174,220,394,stranger,0.3077134256994134,0.7231589367411382,0.2,2.765643758774317,0.201,1
28,32,57,174,220,394,self,4.3186445488226,0.7231589367411382,0.2,2.765643758774317,0.201,1
28,33,57,174,220,394,self,3.875639682329627,0.7231589367411382,0.2,2.765643758774317,0.201,1
28,34,57,174,220,394,stranger,1.329512151655602,0.7231589367411382,0.2,2.765643758774317,0.201,1
28,35,57,174,220,394,stranger,0.20008525942148703,0.7231589367411382,0.2,2.765643758774317,0.201,1
28,36,57,174,220,394,stranger,0.5635686833310853,0.7231589367411382,0.2,2.765643758774317,0.201,1
28,37,57,174,220,394,self,4.36243868538746,0.7231589367411382,0.2,2.765643758774317,0.201,1
28,38,57,174,220,394,stranger,0.7119335788925443,0.7231589367411382,0.2,2.765643758774317,0.201,1
28,39,57,174,220,394,stranger,1.4349413100880055,0.7231589367411382,0.2,2.765643758774317,0.201,1
28,40,57,174,220,394,self,4.774454826724946,0.7231589367411382,0.2,2.765643758774317,0.201,1
28,41,57,174,220,394,stranger,0.975726102289296,0.7231589367411382,0.2,2.765643758774317,0.201,1
28,42,57,174,220,394,self,4.2192681330807655,0.7231589367411382,0.2,2.765643758774317,0.201,1
28,43,57,174,220,394,self,4.113764470426631,0.7231589367411382,0.2,2.765643758774317,0.201,1
28,44,57,174,220,394,stranger,0.7711499869423006,0.7231589367411382,0.2,2.765643758774317,0.201,1
28,45,57,174,220,394,self,5.431401214503518,0.7231589367411382,0.2,2.765643758774317,0.201,1
28,46,57,174,220,394,stranger,0.7985615888786712,0.7231589367411382,0.2,2.765643758774317,0.201,1
28,47,57,174,220,394,stranger,-0.07644100466721748,0.7231589367411382,0.2,2.765643758774317,0.201,1
28,48,57,174,220,394,self,4.240144059187737,0.7231589367411382,0.2,2.765643758774317,0.201,1
28,49,57,174,220,394,self,4.898461415590569,0.7231589367411382,0.2,2.765643758774317,0.201,1
28,50,57,174,220,394,self,4.118604361439506,0.7231589367411382,0.2,2.765643758774317,0.201,1
28,51,57,174,220,394,stranger,1.0000846750992711,0.7231589367411382,0.2,2.765643758774317,0.201,1
28,52,57,174,220,394,self,4.137818242398668,0.7231589367411382,0.2,2.765643758774317,0.201,1
28,53,57,174,220,394,stranger,1.0121688722296898,0.7231589367411382,0.2,2.765643758774317,0.201,1
28,54,57,174,220,394,self,5.2139984325108335,0.7231589367411382,0.2,2.765643758774317,0.201,1
28,55,57,174,220,394,stranger,0.8300398340085415,0.7231589367411382,0.2,2.765643758774317,0.201,1
28,56,57,174,220,394,self,4.637694349762329,0.7231589367411382,0.2,2.765643758774317,0.201,1
28,57,57,174,220,394,self,5.094114593422501,0.7231589367411382,0.2,2.765643758774317,0.201,1
28,58,57,174,220,394,self,3.3337696928055793,0.7231589367411382,0.2,2.765643758774317,0.201,1
28,59,57,174,220,394,self,3.510545829861697,0.7231589367411382,0.2,2.765643758774317,0.201,1
28,60,57,174,220,394,self,4.192995182482905,0.7231589367411382,0.2,2.765643758774317,0.201,1
29,1,109,77,1083,1160,self,3.3262780922494004,2.625714326414122,0.2,0.7616974854729739,0.8910000000000005,1
29,2,109,77,1083,1160,self,3.4603010648309778,2.625714326414122,0.2,0.7616974854729739,0.4840000000000002,1
29,3,109,77,1083,1160,self,3.4531200402374744,2.625714326414122,0.2,0.7616974854729739,0.7240000000000004,1
29,4,109,77,1083,1160,self,3.9309607416283585,2.625714326414122,0.2,0.7616974854729739,0.3830000000000001,1
29,5,109,77,1083,1160,stranger,1.3019226860794897,2.625714326414122,0.2,0.7616974854729739,0.6460000000000004,1
29,6,109,77,1083,1160,self,3.0952194280993957,2.625714326414122,0.2,0.7616974854729739,0.42100000000000015,1
29,7,109,77,1083,1160,stranger,1.6306906186941643,2.625714326414122,0.2,0.7616974854729739,0.7170000000000003,1
29,8,109,77,1083,1160,stranger,2.0470333979671556,2.625714326414122,0.2,0.7616974854729739,1.1920000000000008,1
29,9,109,77,1083,1160,stranger,1.452930636350941,2.625714326414122,0.2,0.7616974854729739,1.93199999999992,1
29,10,109,77,1083,1160,self,4.003060906166343,2.625714326414122,0.2,0.7616974854729739,0.5110000000000002,1
29,11,109,77,1083,1160,stranger,1.2903432279457063,2.625714326414122,0.2,0.7616974854729739,1.16,0
29,12,109,77,1083,1160,stranger,1.1952737634834834,2.625714326414122,0.2,0.7616974854729739,0.8670000000000004,1
29,13,109,77,1083,1160,stranger,0.5448144631725349,2.625714326414122,0.2,0.7616974854729739,0.5930000000000003,0
29,14,109,77,1083,1160,stranger,1.0527001962165763,2.625714326414122,0.2,0.7616974854729739,1.6539999999999506,1
29,15,109,77,1083,1160,stranger,0.9346768408048582,2.625714326414122,0.2,0.7616974854729739,0.9240000000000006,0
29,16,109,77,1083,1160,stranger,1.193122127455423,2.625714326414122,0.2,0.7616974854729739,0.9850000000000005,1
29,17,109,77,1083,1160,stranger,1.537642836896148,2.625714326414122,0.2,0.7616974854729739,1.7649999999999384,1
29,18,109,77,1083,1160,stranger,0.7150353625596986,2.625714326414122,0.2,0.7616974854729739,0.44300000000000017,0
29,19,109,77,1083,1160,self,4.31021568744273,2.625714326414122,0.2,0.7616974854729739,0.5600000000000003,1
29,20,109,77,1083,1160,self,3.7933958535552126,2.625714326414122,0.2,0.7616974854729739,0.7520000000000004,1
29,21,109,77,1083,1160,stranger,0.89876840679965,2.625714326414122,0.2,0.7616974854729739,1.16,0
29,22,109,77,1083,1160,stranger,1.2248054765850422,2.625714326414122,0.2,0.7616974854729739,1.16,0
29,23,109,77,1083,1160,stranger,0.7460608717822634,2.625714326414122,0.2,0.7616974854729739,0.6020000000000003,0
29,24,109,77,1083,1160,stranger,1.6296886606976884,2.625714326414122,0.2,0.7616974854729739,2.166999999999894,1
29,25,109,77,1083,1160,stranger,1.9307780303980797,2.625714326414122,0.2,0.7616974854729739,1.0460000000000007,1
29,26,109,77,1083,1160,self,3.7160415365041812,2.625714326414122,0.2,0.7616974854729739,0.40400000000000014,1
29,27,109,77,1083,1160,self,3.894385725264008,2.625714326414122,0.2,0.7616974854729739,0.7520000000000004,1
29,28,109,77,1083,1160,self,4.074269704671508,2.625714326414122,0.2,0.7616974854729739,0.7450000000000003,1
29,29,109,77,1083,1160,stranger,1.2489201013764657,2.625714326414122,0.2,0.7616974854729739,1.1330000000000007,1
29,30,109,77,1083,1160,self,3.3450615997760744,2.625714326414122,0.2,0.7616974854729739,1.2739999999999925,1
29,31,109,77,1083,1160,stranger,0.8927963054326686,2.625714326414122,0.2,0.7616974854729739,0.6180000000000003,0
29,32,109,77,1083,1160,self,3.186941763302726,2.625714326414122,0.2,0.7616974854729739,0.4980000000000002,1
29,33,109,77,1083,1160,self,3.856046103487851,2.625714326414122,0.2,0.7616974854729739,0.6110000000000003,1
29,34,109,77,1083,1160,self,2.7196712352103054,2.625714326414122,0.2,0.7616974854729739,1.2649999999999935,1
29,35,109,77,1083,1160,self,4.066993981776233,2.625714326414122,0.2,0.7616974854729739,0.43200000000000016,1
29,36,109,77,1083,1160,self,2.6247299674313505,2.625714326414122,0.2,0.7616974854729739,0.6430000000000003,1
29,37,109,77,1083,1160,stranger,0.714367097649762,2.625714326414122,0.2,0.7616974854729739,0.9780000000000006,1
29,38,109,77,1083,1160,self,3.915802566679406,2.625714326414122,0.2,0.7616974854729739,0.5970000000000003,1
29,39,109,77,1083,1160,self,4.013367969627678,2.625714326414122,0.2,0.7616974854729739,0.6070000000000003,1
29,40,109,77,1083,1160,stranger,0.1210445120940335,2.625714326414122,0.2,0.7616974854729739,1.16,0
29,41,109,77,1083,1160,stranger,0.8415075673732786,2.625714326414122,0.2,0.7616974854729739,0.3460000000000001,0
29,42,109,77,1083,1160,self,4.56189790836461,2.625714326414122,0.2,0.7616974854729739,0.3890000000000001,1
29,43,109,77,1083,1160,self,4.0001854763949645,2.625714326414122,0.2,0.7616974854729739,0.6470000000000004,1
29,44,109,77,1083,1160,self,4.7881938611019095,2.625714326414122,0.2,0.7616974854729739,1.0070000000000006,1
29,45,109,77,1083,1160,self,3.179686333910434,2.625714326414122,0.2,0.7616974854729739,0.6180000000000003,1
29,46,109,77,1083,1160,self,3.7901255711491952,2.625714326414122,0.2,0.7616974854729739,0.8360000000000005,1
29,47,109,77,1083,1160,stranger,2.244653312428758,2.625714326414122,0.2,0.7616974854729739,1.0400000000000007,1
29,48,109,77,1083,1160,stranger,0.8972849167357311,2.625714326414122,0.2,0.7616974854729739,1.0280000000000007,1
29,49,109,77,1083,1160,stranger,0.38991529761277405,2.625714326414122,0.2,0.7616974854729739,1.16,0
29,50,109,77,1083,1160,self,3.458297168930264,2.625714326414122,0.2,0.7616974854729739,0.6390000000000003,1
29,51,109,77,1083,1160,self,3.1122769259209595,2.625714326414122,0.2,0.7616974854729739,0.7310000000000003,1
29,52,109,77,1083,1160,self,3.898406234285725,2.625714326414122,0.2,0.7616974854729739,0.4830000000000002,1
29,53,109,77,1083,1160,stranger,0.7028395226736963,2.625714326414122,0.2,0.7616974854729739,1.3949999999999791,0
29,54,109,77,1083,1160,stranger,-0.07908645436947176,2.625714326414122,0.2,0.7616974854729739,1.8489999999999291,0
29,55,109,77,1083,1160,stranger,0.9981965268836048,2.625714326414122,0.2,0.7616974854729739,1.16,0
29,56,109,77,1083,1160,self,3.465384582965402,2.625714326414122,0.2,0.7616974854729739,0.6270000000000003,1
29,57,109,77,1083,1160,stranger,1.2458906406487804,2.625714326414122,0.2,0.7616974854729739,1.3999999999999786,1
29,58,109,77,1083,1160,stranger,0.4397467396505415,2.625714326414122,0.2,0.7616974854729739,1.1890000000000007,0
29,59,109,77,1083,1160,self,3.1270006135822332,2.625714326414122,0.2,0.7616974854729739,0.7850000000000004,1
29,60,109,77,1083,1160,self,3.0779141025490255,2.625714326414122,0.2,0.7616974854729739,0.6580000000000004,1
30,1,128,229,1214,1443,stranger,1.6743836746860725,2.8417737868582993,0.2,0.70378578662698,2.0929999999999023,1
30,2,128,229,1214,1443,self,6.379253643444154,2.8417737868582993,0.2,0.70378578662698,0.6110000000000003,1
30,3,128,229,1214,1443,self,6.567816687827517,2.8417737868582993,0.2,0.70378578662698,0.5870000000000003,1
30,4,128,229,1214,1443,stranger,1.7389883434711229,2.8417737868582993,0.2,0.70378578662698,1.668999999999949,1
30,5,128,229,1214,1443,self,6.518564640926282,2.8417737868582993,0.2,0.70378578662698,0.5150000000000002,1
30,6,128,229,1214,1443,stranger,1.6835960175480267,2.8417737868582993,0.2,0.70378578662698,0.4470000000000002,0
30,7,128,229,1214,1443,stranger,1.861097134066736,2.8417737868582993,0.2,0.70378578662698,1.443,0
30,8,128,229,1214,1443,self,7.167648444447425,2.8417737868582993,0.2,0.70378578662698,0.4560000000000002,1
30,9,128,229,1214,1443,stranger,2.618043260246379,2.8417737868582993,0.2,0.70378578662698,1.0900000000000007,1
30,10,128,229,1214,1443,stranger,1.1418862786489488,2.8417737868582993,0.2,0.70378578662698,2.1559999999998953,1
30,11,128,229,1214,1443,stranger,1.0358299795835477,2.8417737868582993,0.2,0.70378578662698,1.443,0
30,12,128,229,1214,1443,self,5.615895381077214,2.8417737868582993,0.2,0.70378578662698,0.5670000000000003,1
30,13,128,229,1214,1443,self,6.479943505069931,2.8417737868582993,0.2,0.70378578662698,0.41600000000000015,1
30,14,128,229,1214,1443,stranger,1.6392914151455784,2.8417737868582993,0.2,0.70378578662698,2.1729999999998935,1
30,15,128,229,1214,1443,self,7.067381973600391,2.8417737868582993,0.2,0.70378578662698,0.5950000000000003,1
30,16,128,229,1214,1443,stranger,2.713997645223457,2.8417737868582993,0.2,0.70378578662698,1.0890000000000006,1
30,17,128,229,1214,1443,stranger,1.9865837539935018,2.8417737868582993,0.2,0.70378578662698,1.5739999999999594,1
30,18,128,229,1214,1443,stranger,1.8661445950056035,2.8417737868582993,0.2,0.70378578662698,1.287999999999991,1
30,19,128,229,1214,1443,stranger,1.7931170802260248,2.8417737868582993,0.2,0.70378578662698,1.2469999999999954,1
30,20,128,229,1214,1443,self,6.227913264225345,2.8417737868582993,0.2,0.70378578662698,0.5670000000000003,1
30,21,128,229,1214,1443,self,6.168076848063846,2.8417737868582993,0.2,0.70378578662698,0.5480000000000003,1
30,22,128,229,1214,1443,stranger,1.2618383791067587,2.8417737868582993,0.2,0.70378578662698,1.4399999999999742,1
30,23,128,229,1214,1443,self,6.661122241692307,2.8417737868582993,0.2,0.70378578662698,0.4710000000000002,1
30,24,128,229,1214,1443,stranger,0.45861073945951203,2.8417737868582993,0.2,0.70378578662698,1.4169999999999767,1
30,25,128,229,1214,1443,stranger,1.7538563488289118,2.8417737868582993,0.2,0.70378578662698,0.9670000000000005,1
30,26,128,229,1214,1443,stranger,1.9537533146194277,2.8417737868582993,0.2,0.70378578662698,0.8860000000000006,1
30,27,128,229,1214,1443,self,5.830662328908717,2.8417737868582993,0.2,0.70378578662698,0.5250000000000002,1
30,28,128,229,1214,1443,self,6.772382023424709,2.8417737868582993,0.2,0.70378578662698,0.4920000000000002,1
30,29,128,229,1214,1443,self,5.904403274740601,2.8417737868582993,0.2,0.70378578662698,0.6390000000000003,1
30,30,128,229,1214,1443,stranger,1.3963740419901665,2.8417737868582993,0.2,0.70378578662698,1.2219999999999982,1
30,31,128,229,1214,1443,stranger,1.4067240935101601,2.8417737868582993,0.2,0.70378578662698,1.6839999999999473,1
30,32,128,229,1214,1443,stranger,1.7063146898574393,2.8417737868582993,0.2,0.70378578662698,1.2339999999999969,1
30,33,128,229,1214,1443,self,6.137597303032297,2.8417737868582993,0.2,0.70378578662698,0.5160000000000002,1
30,34,128,229,1214,1443,self,6.44569064025717,2.8417737868582993,0.2,0.70378578662698,0.6990000000000004,1
30,35,128,229,1214,1443,self,5.935307479444278,2.8417737868582993,0.2,0.70378578662698,0.4970000000000002,1
30,36,128,229,1214,1443,self,5.928349385054838,2.8417737868582993,0.2,0.70378578662698,0.4840000000000002,1
30,37,128,229,1214,1443,stranger,1.796521994019146,2.8417737868582993,0.2,0.70378578662698,0.8370000000000004,1
30,38,128,229,1214,1443,self,6.503490422133697,2.8417737868582993,0.2,0.70378578662698,0.6890000000000004,1
30,39,128,229,1214,1443,stranger,1.9752341710643795,2.8417737868582993,0.2,0.70378578662698,0.8690000000000004,1
30,40,128,229,1214,1443,stranger,2.226461764613294,2.8417737868582993,0.2,0.70378578662698,0.8590000000000004,1
30,41,128,229,1214,1443,self,5.6450214047739005,2.8417737868582993,0.2,0.70378578662698,0.6540000000000004,1
30,42,128,229,1214,1443,stranger,2.1081820091074226,2.8417737868582993,0.2,0.70378578662698,0.6350000000000003,1
30,43,128,229,1214,1443,self,6.312296452728353,2.8417737868582993,0.2,0.70378578662698,0.4690000000000002,1
30,44,128,229,1214,1443,self,6.6202389284459,2.8417737868582993,0.2,0.70378578662698,0.44300000000000017,1
30,45,128,229,1214,1443,self,6.7468308498259795,2.8417737868582993,0.2,0.70378578662698,0.4730000000000002,1
30,46,128,229,1214,1443,self,6.373602907091212,2.8417737868582993,0.2,0.70378578662698,0.6650000000000004,1
30,47,128,229,1214,1443,self,6.6349945080373445,2.8417737868582993,0.2,0.70378578662698,0.40400000000000014,1
30,48,128,229,1214,1443,self,5.946803920357423,2.8417737868582993,0.2,0.70378578662698,0.6290000000000003,1
30,49,128,229,1214,1443,stranger,1.1063953975771241,2.8417737868582993,0.2,0.70378578662698,1.443,0
30,50,128,229,1214,1443,self,7.081546054855112,2.8417737868582993,0.2,0.70378578662698,0.4990000000000002,1
30,51,128,229,1214,1443,stranger,1.858233317538652,2.8417737868582993,0.2,0.70378578662698,0.6220000000000003,1
30,52,128,229,1214,1443,self,5.712483434009771,2.8417737868582993,0.2,0.70378578662698,0.5770000000000003,1
30,53,128,229,1214,1443,self,5.744581311624712,2.8417737868582993,0.2,0.70378578662698,0.5740000000000003,1
30,54,128,229,1214,1443,self,6.884834663015882,2.8417737868582993,0.2,0.70378578662698,0.5260000000000002,1
30,55,128,229,1214,1443,stranger,1.5130198763045946,2.8417737868582993,0.2,0.70378578662698,1.1440000000000008,1
30,56,128,229,1214,1443,stranger,1.4490084689502722,2.8417737868582993,0.2,0.70378578662698,1.5899999999999577,1
30,57,128,229,1214,1443,stranger,1.727875432383094,2.8417737868582993,0.2,0.70378578662698,0.8380000000000005,1
30,58,128,229,1214,1443,stranger,1.7455358151791842,2.8417737868582993,0.2,0.70378578662698,1.1860000000000008,1
30,59,128,229,1214,1443,stranger,1.9033555521368117,2.8417737868582993,0.2,0.70378578662698,1.4769999999999701,1
30,60,128,229,1214,1443,self,6.1001686314904076,2.8417737868582993,0.2,0.70378578662698,0.5160000000000002,1
31,1,33,286,240,526,self,6.425069595095651,1.9278169434423424,0.2,1.037442899754147,0.3610000000000001,1
31,2,33,286,240,526,stranger,1.6025886738207544,1.9278169434423424,0.2,1.037442899754147,0.8300000000000005,1
31,3,33,286,240,526,stranger,1.7778347148267675,1.9278169434423424,0.2,1.037442899754147,0.8470000000000004,1
31,4,33,286,240,526,stranger,1.480249780438628,1.9278169434423424,0.2,1.037442899754147,0.5680000000000003,1
31,5,33,286,240,526,stranger,1.0317096668519905,1.9278169434423424,0.2,1.037442899754147,0.7620000000000005,1
31,6,33,286,240,526,self,6.112555044965356,1.9278169434423424,0.2,1.037442899754147,0.24600000000000005,1
31,7,33,286,240,526,self,5.596937234257909,1.9278169434423424,0.2,1.037442899754147,0.39600000000000013,1
31,8,33,286,240,526,stranger,1.6690839535205826,1.9278169434423424,0.2,1.037442899754147,0.42100000000000015,1
31,9,33,286,240,526,stranger,1.236480800746613,1.9278169434423424,0.2,1.037442899754147,0.8690000000000004,1
31,10,33,286,240,526,self,5.548072565781665,1.9278169434423424,0.2,1.037442899754147,0.3210000000000001,1
31,11,33,286,240,526,stranger,1.5930648644559162,1.9278169434423424,0.2,1.037442899754147,0.4470000000000002,1
31,12,33,286,240,526,stranger,1.6194165397252946,1.9278169434423424,0.2,1.037442899754147,0.6400000000000003,1
31,13,33,286,240,526,stranger,1.5684923461719185,1.9278169434423424,0.2,1.037442899754147,0.8650000000000004,1
31,14,33,286,240,526,stranger,0.9893728045079084,1.9278169434423424,0.2,1.037442899754147,0.9210000000000005,1
31,15,33,286,240,526,self,5.675043490980973,1.9278169434423424,0.2,1.037442899754147,0.41300000000000014,1
31,16,33,286,240,526,stranger,1.6385264972402411,1.9278169434423424,0.2,1.037442899754147,0.6210000000000003,1
31,17,33,286,240,526,self,6.325920803934354,1.9278169434423424,0.2,1.037442899754147,0.3440000000000001,1
31,18,33,286,240,526,self,5.564555647567607,1.9278169434423424,0.2,1.037442899754147,0.3930000000000001,1
31,19,33,286,240,526,stranger,0.8480513942610095,1.9278169434423424,0.2,1.037442899754147,1.286999999999991,1
31,20,33,286,240,526,self,6.020434028607865,1.9278169434423424,0.2,1.037442899754147,0.3470000000000001,1
31,21,33,286,240,526,stranger,1.5758497493968495,1.9278169434423424,0.2,1.037442899754147,0.43400000000000016,1
31,22,33,286,240,526,stranger,0.9921247681095795,1.9278169434423424,0.2,1.037442899754147,0.4790000000000002,1
31,23,33,286,240,526,self,5.792116619740698,1.9278169434423424,0.2,1.037442899754147,0.3230000000000001,1
31,24,33,286,240,526,stranger,1.7584753190965638,1.9278169434423424,0.2,1.037442899754147,0.42300000000000015,1
31,25,33,286,240,526,stranger,2.2018312470463686,1.9278169434423424,0.2,1.037442899754147,0.5520000000000003,1
31,26,33,286,240,526,stranger,1.3768019245631842,1.9278169434423424,0.2,1.037442899754147,0.3740000000000001,1
31,27,33,286,240,526,self,5.947492382148868,1.9278169434423424,0.2,1.037442899754147,0.5620000000000003,1
31,28,33,286,240,526,self,5.252357607006134,1.9278169434423424,0.2,1.037442899754147,0.41400000000000015,1
31,29,33,286,240,526,self,5.45614037615648,1.9278169434423424,0.2,1.037442899754147,0.33000000000000007,1
31,30,33,286,240,526,self,5.237602483338438,1.9278169434423424,0.2,1.037442899754147,0.26800000000000007,1
31,31,33,286,240,526,stranger,1.2644448328974887,1.9278169434423424,0.2,1.037442899754147,0.6810000000000004,1
31,32,33,286,240,526,stranger,0.8032410663597223,1.9278169434423424,0.2,1.037442899754147,1.0410000000000006,1
31,33,33,286,240,526,stranger,2.0268886537764677,1.9278169434423424,0.2,1.037442899754147,0.7880000000000005,1
31,34,33,286,240,526,self,5.670466318015608,1.9278169434423424,0.2,1.037442899754147,0.3450000000000001,1
31,35,33,286,240,526,self,5.421496228797289,1.9278169434423424,0.2,1.037442899754147,0.5090000000000002,1
31,36,33,286,240,526,stranger,0.4527403734523527,1.9278169434423424,0.2,1.037442899754147,1.350999999999984,0
31,37,33,286,240,526,self,6.60109920103712,1.9278169434423424,0.2,1.037442899754147,0.3460000000000001,1
31,38,33,286,240,526,self,5.997855359711684,1.9278169434423424,0.2,1.037442899754147,0.3700000000000001,1
31,39,33,286,240,526,self,6.84945159069655,1.9278169434423424,0.2,1.037442899754147,0.3150000000000001,1
31,40,33,286,240,526,stranger,1.707835109594688,1.9278169434423424,0.2,1.037442899754147,0.3180000000000001,1
31,41,33,286,240,526,self,6.541096086600247,1.9278169434423424,0.2,1.037442899754147,0.3500000000000001,1
31,42,33,286,240,526,stranger,1.9610199595975677,1.9278169434423424,0.2,1.037442899754147,0.5960000000000003,1
31,43,33,286,240,526,self,6.53966347579463,1.9278169434423424,0.2,1.037442899754147,0.3470000000000001,1
31,44,33,286,240,526,self,5.69535351052846,1.9278169434423424,0.2,1.037442899754147,0.3880000000000001,1
31,45,33,286,240,526,stranger,0.9011200790846092,1.9278169434423424,0.2,1.037442899754147,1.214999999999999,1
31,46,33,286,240,526,stranger,0.9850149066911631,1.9278169434423424,0.2,1.037442899754147,1.2559999999999945,1
31,47,33,286,240,526,self,6.09648194729888,1.9278169434423424,0.2,1.037442899754147,0.3870000000000001,1
31,48,33,286,240,526,self,6.030000326569922,1.9278169434423424,0.2,1.037442899754147,0.32900000000000007,1
31,49,33,286,240,526,self,5.37178888722604,1.9278169434423424,0.2,1.037442899754147,0.40000000000000013,1
31,50,33,286,240,526,stranger,0.4147134101855468,1.9278169434423424,0.2,1.037442899754147,1.4799999999999698,1
31,51,33,286,240,526,stranger,1.510490027736204,1.9278169434423424,0.2,1.037442899754147,0.41700000000000015,1
31,52,33,286,240,526,self,6.298099284906148,1.9278169434423424,0.2,1.037442899754147,0.3160000000000001,1
31,53,33,286,240,526,self,5.770290710222482,1.9278169434423424,0.2,1.037442899754147,0.3540000000000001,1
31,54,33,286,240,526,self,5.630393499104796,1.9278169434423424,0.2,1.037442899754147,0.4780000000000002,1
31,55,33,286,240,526,stranger,1.3937902671858222,1.9278169434423424,0.2,1.037442899754147,0.5090000000000002,1
31,56,33,286,240,526,self,5.632407586739249,1.9278169434423424,0.2,1.037442899754147,0.3680000000000001,1
31,57,33,286,240,526,self,6.606918300655385,1.9278169434423424,0.2,1.037442899754147,0.40300000000000014,1
31,58,33,286,240,526,self,5.554460254395094,1.9278169434423424,0.2,1.037442899754147,0.3030000000000001,1
31,59,33,286,240,526,stranger,1.5404815841500845,1.9278169434423424,0.2,1.037442899754147,0.8330000000000004,1
31,60,33,286,240,526,stranger,2.7798350334358273,1.9278169434423424,0.2,1.037442899754147,0.40400000000000014,1
32,1,37,567,341,908,self,6.842114335099257,2.9668298830405995,0.2,0.6741202154638777,0.3830000000000001,1
32,2,37,567,341,908,stranger,0.3896128830663841,2.9668298830405995,0.2,0.6741202154638777,0.3200000000000001,0
32,3,37,567,341,908,self,8.113835045300352,2.9668298830405995,0.2,0.6741202154638777,0.4870000000000002,1
32,4,37,567,341,908,self,6.210749354200418,2.9668298830405995,0.2,0.6741202154638777,0.6870000000000004,1
32,5,37,567,341,908,self,6.904189063279929,2.9668298830405995,0.2,0.6741202154638777,0.6250000000000003,1
32,6,37,567,341,908,self,5.596853398096295,2.9668298830405995,0.2,0.6741202154638777,0.6730000000000004,1
32,7,37,567,341,908,stranger,0.9905770535547467,2.9668298830405995,0.2,0.6741202154638777,0.908,0
32,8,37,567,341,908,stranger,0.3789109523929748,2.9668298830405995,0.2,0.6741202154638777,0.8690000000000004,0
32,9,37,567,341,908,stranger,1.5837601208362897,2.9668298830405995,0.2,0.6741202154638777,1.3949999999999791,1
32,10,37,567,341,908,stranger,1.2035240732915302,2.9668298830405995,0.2,0.6741202154638777,1.6809999999999476,1
32,11,37,567,341,908,self,6.964554083683526,2.9668298830405995,0.2,0.6741202154638777,0.5440000000000003,1
32,12,37,567,341,908,self,6.810391055729847,2.9668298830405995,0.2,0.6741202154638777,0.5230000000000002,1
32,13,37,567,341,908,self,7.126575607578298,2.9668298830405995,0.2,0.6741202154638777,0.4540000000000002,1
32,14,37,567,341,908,self,6.540328540551428,2.9668298830405995,0.2,0.6741202154638777,0.8110000000000004,1
32,15,37,567,341,908,stranger,1.0113770784618907,2.9668298830405995,0.2,0.6741202154638777,0.3610000000000001,0
32,16,37,567,341,908,stranger,0.6313304851039274,2.9668298830405995,0.2,0.6741202154638777,1.4189999999999765,1
32,17,37,567,341,908,stranger,1.2677628678967148,2.9668298830405995,0.2,0.6741202154638777,0.6670000000000004,0
32,18,37,567,341,908,stranger,1.6194637002976378,2.9668298830405995,0.2,0.6741202154638777,0.8210000000000004,1
32,19,37,567,341,908,stranger,1.5145801909195469,2.9668298830405995,0.2,0.6741202154638777,0.8690000000000004,1
32,20,37,567,341,908,stranger,1.5752938001292778,2.9668298830405995,0.2,0.6741202154638777,0.6190000000000003,0
32,21,37,567,341,908,self,7.8589578917930325,2.9668298830405995,0.2,0.6741202154638777,0.4870000000000002,1
32,22,37,567,341,908,stranger,0.9959002713744176,2.9668298830405995,0.2,0.6741202154638777,0.908,0
32,23,37,567,341,908,stranger,1.6701146189858638,2.9668298830405995,0.2,0.6741202154638777,0.9360000000000006,1
32,24,37,567,341,908,self,6.43111936277389,2.9668298830405995,0.2,0.6741202154638777,0.5700000000000003,1
32,25,37,567,341,908,stranger,1.4081775225954556,2.9668298830405995,0.2,0.6741202154638777,1.9809999999999146,1
32,26,37,567,341,908,self,7.14094985374448,2.9668298830405995,0.2,0.6741202154638777,0.5020000000000002,1
32,27,37,567,341,908,stranger,1.4273788453414844,2.9668298830405995,0.2,0.6741202154638777,1.5829999999999584,1
32,28,37,567,341,908,self,6.157063691975557,2.9668298830405995,0.2,0.6741202154638777,0.4930000000000002,1
32,29,37,567,341,908,self,6.010119551337228,2.9668298830405995,0.2,0.6741202154638777,0.6080000000000003,1
32,30,37,567,341,908,self,6.632144209940387,2.9668298830405995,0.2,0.6741202154638777,0.7430000000000003,1
32,31,37,567,341,908,self,5.793779166386399,2.9668298830405995,0.2,0.6741202154638777,0.6550000000000004,1
32,32,37,567,341,908,stranger,1.1515470390002094,2.9668298830405995,0.2,0.6741202154638777,0.9960000000000007,1
32,33,37,567,341,908,stranger,1.3557775408693837,2.9668298830405995,0.2,0.6741202154638777,0.908,0
32,34,37,567,341,908,stranger,1.047053359172083,2.9668298830405995,0.2,0.6741202154638777,1.369999999999982,1
32,35,37,567,341,908,stranger,0.5392796264437671,2.9668298830405995,0.2,0.6741202154638777,1.4449999999999736,1
32,36,37,567,341,908,stranger,1.6783812273615353,2.9668298830405995,0.2,0.6741202154638777,0.908,0
32,37,37,567,341,908,self,7.1261441367863565,2.9668298830405995,0.2,0.6741202154638777,0.4660000000000002,1
32,38,37,567,341,908,stranger,1.150736061699754,2.9668298830405995,0.2,0.6741202154638777,0.908,0
32,39,37,567,341,908,self,7.190137843838587,2.9668298830405995,0.2,0.6741202154638777,0.5120000000000002,1
32,40,37,567,341,908,self,6.805533990706671,2.9668298830405995,0.2,0.6741202154638777,0.4980000000000002,1
32,41,37,567,341,908,stranger,1.1491323496945327,2.9668298830405995,0.2,0.6741202154638777,0.908,0
32,42,37,567,341,908,self,6.368621843188988,2.9668298830405995,0.2,0.6741202154638777,0.5920000000000003,1
32,43,37,567,341,908,stranger,1.444800453507355,2.9668298830405995,0.2,0.6741202154638777,0.6660000000000004,0
32,44,37,567,341,908,self,6.56567024724078,2.9668298830405995,0.2,0.6741202154638777,0.5910000000000003,1
32,45,37,567,341,908,self,6.333255648756921,2.9668298830405995,0.2,0.6741202154638777,0.7210000000000003,1
32,46,37,567,341,908,stranger,1.0322733416023424,2.9668298830405995,0.2,0.6741202154638777,0.908,0
32,47,37,567,341,908,self,7.3150686416804245,2.9668298830405995,0.2,0.6741202154638777,0.5230000000000002,1
32,48,37,567,341,908,stranger,0.6701810160874795,2.9668298830405995,0.2,0.6741202154638777,2.1829999999998924,1
32,49,37,567,341,908,self,7.105531216839976,2.9668298830405995,0.2,0.6741202154638777,0.6070000000000003,1
32,50,37,567,341,908,stranger,0.5472876848877228,2.9668298830405995,0.2,0.6741202154638777,0.908,0
32,51,37,567,341,908,self,6.665006042244114,2.9668298830405995,0.2,0.6741202154638777,0.5630000000000003,1
32,52,37,567,341,908,stranger,1.1291550175657314,2.9668298830405995,0.2,0.6741202154638777,0.9200000000000006,0
32,53,37,567,341,908,self,7.796688890182033,2.9668298830405995,0.2,0.6741202154638777,0.5400000000000003,1
32,54,37,567,341,908,self,7.216490006264202,2.9668298830405995,0.2,0.6741202154638777,0.4980000000000002,1
32,55,37,567,341,908,self,6.7904948567333445,2.9668298830405995,0.2,0.6741202154638777,0.6120000000000003,1
32,56,37,567,341,908,self,6.51636162893125,2.9668298830405995,0.2,0.6741202154638777,0.6460000000000004,1
32,57,37,567,341,908,stranger,1.492503548249474,2.9668298830405995,0.2,0.6741202154638777,0.6030000000000003,1
32,58,37,567,341,908,self,6.889134593910335,2.9668298830405995,0.2,0.6741202154638777,0.5000000000000002,1
32,59,37,567,341,908,stranger,0.4629237528133907,2.9668298830405995,0.2,0.6741202154638777,0.8590000000000004,0
32,60,37,567,341,908,stranger,1.2936219997957357,2.9668298830405995,0.2,0.6741202154638777,1.5549999999999615,1
33,1,10,44,693,737,stranger,0.3572590212587541,2.993739299529146,0.2,0.668060842944661,0.737,0
33,2,10,44,693,737,stranger,0.2883413860347499,2.993739299529146,0.2,0.668060842944661,0.737,0
33,3,10,44,693,737,stranger,0.5704536274733447,2.993739299529146,0.2,0.668060842944661,0.32500000000000007,0
33,4,10,44,693,737,stranger,-0.17054547601826858,2.993739299529146,0.2,0.668060842944661,0.5980000000000003,0
33,5,10,44,693,737,self,1.1356581279165314,2.993739299529146,0.2,0.668060842944661,1.1140000000000008,0
33,6,10,44,693,737,self,1.4536538165226462,2.993739299529146,0.2,0.668060842944661,1.6349999999999527,1
33,7,10,44,693,737,self,1.0013916975572554,2.993739299529146,0.2,0.668060842944661,1.549999999999962,1
33,8,10,44,693,737,stranger,0.7798991653099117,2.993739299529146,0.2,0.668060842944661,0.2820000000000001,0
33,9,10,44,693,737,self,0.3030725593411754,2.993739299529146,0.2,0.668060842944661,1.6069999999999558,0
33,10,10,44,693,737,self,1.5424300870135272,2.993739299529146,0.2,0.668060842944661,1.260999999999994,1
33,11,10,44,693,737,stranger,0.2845182833852848,2.993739299529146,0.2,0.668060842944661,1.9279999999999204,1
33,12,10,44,693,737,stranger,0.05703761885137887,2.993739299529146,0.2,0.668060842944661,0.737,0
33,13,10,44,693,737,stranger,0.6892223077653596,2.993739299529146,0.2,0.668060842944661,0.737,0
33,14,10,44,693,737,self,1.7217485067741574,2.993739299529146,0.2,0.668060842944661,0.7360000000000004,1
33,15,10,44,693,737,stranger,1.2712573447002653,2.993739299529146,0.2,0.668060842944661,1.5089999999999666,1
33,16,10,44,693,737,stranger,0.5777172083897819,2.993739299529146,0.2,0.668060842944661,2.0899999999999026,1
33,17,10,44,693,737,self,1.1710865641485502,2.993739299529146,0.2,0.668060842944661,1.2349999999999968,1
33,18,10,44,693,737,stranger,-0.08679770939791853,2.993739299529146,0.2,0.668060842944661,0.4990000000000002,0
33,19,10,44,693,737,stranger,-1.0062872491988177,2.993739299529146,0.2,0.668060842944661,1.0000000000000007,0
33,20,10,44,693,737,self,1.2763029907037526,2.993739299529146,0.2,0.668060842944661,1.4829999999999695,1
33,21,10,44,693,737,stranger,0.567043495410961,2.993739299529146,0.2,0.668060842944661,1.4129999999999772,1
33,22,10,44,693,737,self,1.457110830496166,2.993739299529146,0.2,0.668060842944661,1.722999999999943,1
33,23,10,44,693,737,self,1.8910266473913397,2.993739299529146,0.2,0.668060842944661,1.1380000000000008,1
33,24,10,44,693,737,stranger,0.5244324920583887,2.993739299529146,0.2,0.668060842944661,0.737,0
33,25,10,44,693,737,stranger,0.8546181110770932,2.993739299529146,0.2,0.668060842944661,1.205,1
33,26,10,44,693,737,self,1.253828548574618,2.993739299529146,0.2,0.668060842944661,1.7039999999999451,1
33,27,10,44,693,737,self,1.6968866242253269,2.993739299529146,0.2,0.668060842944661,0.9080000000000006,1
33,28,10,44,693,737,stranger,0.3620169517258328,2.993739299529146,0.2,0.668060842944661,0.8070000000000004,0
33,29,10,44,693,737,self,1.2165896067592683,2.993739299529146,0.2,0.668060842944661,1.8119999999999332,1
33,30,10,44,693,737,stranger,0.02716531068988104,2.993739299529146,0.2,0.668060842944661,0.737,0
33,31,10,44,693,737,stranger,0.7518857090848645,2.993739299529146,0.2,0.668060842944661,0.3920000000000001,0
33,32,10,44,693,737,stranger,1.1072337309913067,2.993739299529146,0.2,0.668060842944661,0.9800000000000006,0
33,33,10,44,693,737,self,1.5076825653798012,2.993739299529146,0.2,0.668060842944661,1.0660000000000007,1
33,34,10,44,693,737,self,2.389711431937941,2.993739299529146,0.2,0.668060842944661,0.737,0
33,35,10,44,693,737,self,2.141314366009458,2.993739299529146,0.2,0.668060842944661,1.5109999999999664,1
33,36,10,44,693,737,self,1.3401169719648256,2.993739299529146,0.2,0.668060842944661,2.0289999999999093,1
33,37,10,44,693,737,self,0.9478705189538977,2.993739299529146,0.2,0.668060842944661,1.5799999999999588,1
33,38,10,44,693,737,stranger,0.3231151903022528,2.993739299529146,0.2,0.668060842944661,0.3630000000000001,0
33,39,10,44,693,737,self,2.3221164721111838,2.993739299529146,0.2,0.668060842944661,1.4999999999999676,1
33,40,10,44,693,737,self,1.7505731882664877,2.993739299529146,0.2,0.668060842944661,1.3379999999999854,1
33,41,10,44,693,737,self,1.5538794737441337,2.993739299529146,0.2,0.668060842944661,0.7640000000000005,1
33,42,10,44,693,737,self,0.6554300319766598,2.993739299529146,0.2,0.668060842944661,0.737,0
33,43,10,44,693,737,stranger,0.7132929156291818,2.993739299529146,0.2,0.668060842944661,0.9660000000000006,1
33,44,10,44,693,737,self,0.8038902360485678,2.993739299529146,0.2,0.668060842944661,0.737,0
33,45,10,44,693,737,stranger,0.9133964977300357,2.993739299529146,0.2,0.668060842944661,0.737,0
33,46,10,44,693,737,self,1.1729606052992563,2.993739299529146,0.2,0.668060842944661,0.737,0
33,47,10,44,693,737,stranger,-0.7256696091943771,2.993739299529146,0.2,0.668060842944661,0.3220000000000001,0
33,48,10,44,693,737,self,1.61081885156828,2.993739299529146,0.2,0.668060842944661,0.9740000000000006,1
33,49,10,44,693,737,stranger,-0.32160237929898156,2.993739299529146,0.2,0.668060842944661,0.3020000000000001,0
33,50,10,44,693,737,self,1.9811187656289386,2.993739299529146,0.2,0.668060842944661,1.1990000000000007,1
33,51,10,44,693,737,stranger,-0.7200640326919423,2.993739299529146,0.2,0.668060842944661,1.2899999999999907,1
33,52,10,44,693,737,stranger,1.1523034399082142,2.993739299529146,0.2,0.668060842944661,1.3339999999999859,1
33,53,10,44,693,737,self,1.1393788943479466,2.993739299529146,0.2,0.668060842944661,2.0659999999999052,1
33,54,10,44,693,737,stranger,-0.2817316543813581,2.993739299529146,0.2,0.668060842944661,0.6150000000000003,0
33,55,10,44,693,737,self,1.489609893199956,2.993739299529146,0.2,0.668060842944661,0.737,0
33,56,10,44,693,737,stranger,0.2994440654528592,2.993739299529146,0.2,0.668060842944661,0.737,0
33,57,10,44,693,737,self,1.0947478164798836,2.993739299529146,0.2,0.668060842944661,0.737,0
33,58,10,44,693,737,stranger,0.2902309712980947,2.993739299529146,0.2,0.668060842944661,0.3360000000000001,0
33,59,10,44,693,737,self,1.8586987578738963,2.993739299529146,0.2,0.668060842944661,1.7459999999999405,1
33,60,10,44,693,737,stranger,-0.1251413632512563,2.993739299529146,0.2,0.668060842944661,0.737,0
34,1,26,271,561,832,self,5.054154712407401,3.5745242168649054,0.2,0.5595150231641548,0.8320000000000005,1
34,2,26,271,561,832,self,5.190656196801325,3.5745242168649054,0.2,0.5595150231641548,0.8060000000000005,1
34,3,26,271,561,832,self,4.766796506213814,3.5745242168649054,0.2,0.5595150231641548,0.6140000000000003,1
34,4,26,271,561,832,self,4.7968793280984,3.5745242168649054,0.2,0.5595150231641548,0.8860000000000006,1
34,5,26,271,561,832,stranger,0.9407150105432136,3.5745242168649054,0.2,0.5595150231641548,0.8320000000000001,0
34,6,26,271,561,832,self,5.334801610825402,3.5745242168649054,0.2,0.5595150231641548,0.9030000000000005,1
34,7,26,271,561,832,stranger,0.7081531731068231,3.5745242168649054,0.2,0.5595150231641548,0.8320000000000001,0
34,8,26,271,561,832,self,5.113680639943693,3.5745242168649054,0.2,0.5595150231641548,0.7950000000000004,1
34,9,26,271,561,832,self,5.141115412736903,3.5745242168649054,0.2,0.5595150231641548,0.9250000000000005,1
34,10,26,271,561,832,self,5.283525244060757,3.5745242168649054,0.2,0.5595150231641548,0.6500000000000004,1
34,11,26,271,561,832,self,4.730890971206404,3.5745242168649054,0.2,0.5595150231641548,1.2079999999999997,1
34,12,26,271,561,832,self,5.067547746074547,3.5745242168649054,0.2,0.5595150231641548,0.6750000000000004,1
34,13,26,271,561,832,self,5.360333204302346,3.5745242168649054,0.2,0.5595150231641548,0.6290000000000003,1
34,14,26,271,561,832,stranger,1.335257800126713,3.5745242168649054,0.2,0.5595150231641548,1.2759999999999923,1
34,15,26,271,561,832,stranger,-0.0715842469734278,3.5745242168649054,0.2,0.5595150231641548,2.0339999999999088,0
34,16,26,271,561,832,stranger,0.556272306080974,3.5745242168649054,0.2,0.5595150231641548,2.078999999999904,1
34,17,26,271,561,832,self,5.710789430567218,3.5745242168649054,0.2,0.5595150231641548,0.7770000000000004,1
34,18,26,271,561,832,stranger,1.9594758313284342,3.5745242168649054,0.2,0.5595150231641548,1.2119999999999993,1
34,19,26,271,561,832,self,4.48386939395918,3.5745242168649054,0.2,0.5595150231641548,0.7540000000000004,1
34,20,26,271,561,832,self,4.538843445164231,3.5745242168649054,0.2,0.5595150231641548,0.6590000000000004,1
34,21,26,271,561,832,stranger,1.0869366357444352,3.5745242168649054,0.2,0.5595150231641548,0.8320000000000001,0
34,22,26,271,561,832,self,5.127733525051208,3.5745242168649054,0.2,0.5595150231641548,1.2169999999999987,1
34,23,26,271,561,832,stranger,0.9722438171645653,3.5745242168649054,0.2,0.5595150231641548,1.9929999999999133,1
34,24,26,271,561,832,stranger,0.8178489668596407,3.5745242168649054,0.2,0.5595150231641548,1.4849999999999692,0
34,25,26,271,561,832,self,4.999662019412496,3.5745242168649054,0.2,0.5595150231641548,0.8240000000000005,1
34,26,26,271,561,832,self,4.476021283031409,3.5745242168649054,0.2,0.5595150231641548,0.9290000000000005,1
34,27,26,271,561,832,stranger,0.48142549152400127,3.5745242168649054,0.2,0.5595150231641548,1.6399999999999522,1
34,28,26,271,561,832,stranger,1.0425920937012336,3.5745242168649054,0.2,0.5595150231641548,0.8320000000000001,0
34,29,26,271,561,832,self,5.373085516480692,3.5745242168649054,0.2,0.5595150231641548,0.9440000000000006,1
34,30,26,271,561,832,stranger,1.4824408829066729,3.5745242168649054,0.2,0.5595150231641548,0.3520000000000001,0
34,31,26,271,561,832,self,4.4219705720559475,3.5745242168649054,0.2,0.5595150231641548,0.7060000000000004,1
34,32,26,271,561,832,stranger,0.3765652252284589,3.5745242168649054,0.2,0.5595150231641548,0.6610000000000004,0
34,33,26,271,561,832,stranger,0.3650287159363139,3.5745242168649054,0.2,0.5595150231641548,0.8320000000000001,0
34,34,26,271,561,832,stranger,-0.02256133179066433,3.5745242168649054,0.2,0.5595150231641548,0.8320000000000001,0
34,35,26,271,561,832,stranger,0.6513387777533626,3.5745242168649054,0.2,0.5595150231641548,1.9629999999999166,1
34,36,26,271,561,832,self,4.481497862147006,3.5745242168649054,0.2,0.5595150231641548,1.0660000000000007,1
34,37,26,271,561,832,self,5.434189439469533,3.5745242168649054,0.2,0.5595150231641548,0.6770000000000004,1
34,38,26,271,561,832,self,4.395650809255035,3.5745242168649054,0.2,0.5595150231641548,0.8070000000000004,1
34,39,26,271,561,832,self,4.130919937041698,3.5745242168649054,0.2,0.5595150231641548,0.8440000000000005,1
34,40,26,271,561,832,stranger,0.976671449506755,3.5745242168649054,0.2,0.5595150231641548,0.3720000000000001,0
34,41,26,271,561,832,self,5.319419874022676,3.5745242168649054,0.2,0.5595150231641548,0.9320000000000006,1
34,42,26,271,561,832,stranger,0.6234960792121178,3.5745242168649054,0.2,0.5595150231641548,0.4890000000000002,0
34,43,26,271,561,832,stranger,0.6890180734963243,3.5745242168649054,0.2,0.5595150231641548,2.1379999999998973,1
34,44,26,271,561,832,stranger,0.7946336745666562,3.5745242168649054,0.2,0.5595150231641548,0.2900000000000001,0
34,45,26,271,561,832,self,5.416614276294755,3.5745242168649054,0.2,0.5595150231641548,1.0580000000000007,1
34,46,26,271,561,832,stranger,0.7740860953102717,3.5745242168649054,0.2,0.5595150231641548,0.8320000000000001,0
34,47,26,271,561,832,stranger,1.596931211425601,3.5745242168649054,0.2,0.5595150231641548,0.8320000000000001,0
34,48,26,271,561,832,self,4.620086411954516,3.5745242168649054,0.2,0.5595150231641548,0.9380000000000006,1
34,49,26,271,561,832,self,4.548148962117918,3.5745242168649054,0.2,0.5595150231641548,1.414999999999977,1
34,50,26,271,561,832,stranger,1.6808773142742297,3.5745242168649054,0.2,0.5595150231641548,1.6429999999999518,1
34,51,26,271,561,832,stranger,0.31511498766584145,3.5745242168649054,0.2,0.5595150231641548,0.5600000000000003,0
34,52,26,271,561,832,stranger,0.592319427654296,3.5745242168649054,0.2,0.5595150231641548,0.8320000000000001,0
34,53,26,271,561,832,self,5.142172725805414,3.5745242168649054,0.2,0.5595150231641548,0.7910000000000004,1
34,54,26,271,561,832,stranger,1.2281582388388854,3.5745242168649054,0.2,0.5595150231641548,0.8320000000000001,0
34,55,26,271,561,832,stranger,1.0764495300376777,3.5745242168649054,0.2,0.5595150231641548,0.8320000000000001,0
34,56,26,271,561,832,stranger,0.8819663867311627,3.5745242168649054,0.2,0.5595150231641548,0.8320000000000001,0
34,57,26,271,561,832,stranger,0.853138264468877,3.5745242168649054,0.2,0.5595150231641548,1.2159999999999989,1
34,58,26,271,561,832,self,4.3775786052651755,3.5745242168649054,0.2,0.5595150231641548,0.6340000000000003,1
34,59,26,271,561,832,stranger,-0.07159239416783747,3.5745242168649054,0.2,0.5595150231641548,0.8320000000000001,0
34,60,26,271,561,832,self,4.503019307387675,3.5745242168649054,0.2,0.5595150231641548,0.8940000000000006,1
35,1,126,333,619,952,stranger,1.553113745116839,2.9199004159399604,0.2,0.6849548666392342,0.8630000000000004,1
35,2,126,333,619,952,self,7.968531768158126,2.9199004159399604,0.2,0.6849548666392342,0.5000000000000002,1
35,3,126,333,619,952,stranger,3.929311281692814,2.9199004159399604,0.2,0.6849548666392342,1.1320000000000008,1
35,4,126,333,619,952,self,7.961632136430449,2.9199004159399604,0.2,0.6849548666392342,0.4920000000000002,1
35,5,126,333,619,952,self,7.051613425463727,2.9199004159399604,0.2,0.6849548666392342,0.5230000000000002,1
35,6,126,333,619,952,self,8.009971074527312,2.9199004159399604,0.2,0.6849548666392342,0.5160000000000002,1
35,7,126,333,619,952,stranger,2.582425844760732,2.9199004159399604,0.2,0.6849548666392342,1.1460000000000008,1
35,8,126,333,619,952,stranger,2.833639626581687,2.9199004159399604,0.2,0.6849548666392342,1.1380000000000008,1
35,9,126,333,619,952,self,7.702469217483249,2.9199004159399604,0.2,0.6849548666392342,0.43400000000000016,1
35,10,126,333,619,952,self,8.117279878950173,2.9199004159399604,0.2,0.6849548666392342,0.4710000000000002,1
35,11,126,333,619,952,self,7.873546064393053,2.9199004159399604,0.2,0.6849548666392342,0.7110000000000003,1
35,12,126,333,619,952,stranger,2.844749483158779,2.9199004159399604,0.2,0.6849548666392342,1.1320000000000008,1
35,13,126,333,619,952,stranger,2.5803277282170796,2.9199004159399604,0.2,0.6849548666392342,1.632999999999953,1
35,14,126,333,619,952,self,6.94775713360574,2.9199004159399604,0.2,0.6849548666392342,0.40300000000000014,1
35,15,126,333,619,952,stranger,2.1170933268247665,2.9199004159399604,0.2,0.6849548666392342,0.7350000000000003,1
35,16,126,333,619,952,stranger,1.7194828708976941,2.9199004159399604,0.2,0.6849548666392342,1.822999999999932,1
35,17,126,333,619,952,stranger,2.6305497609213138,2.9199004159399604,0.2,0.6849548666392342,1.0860000000000007,1
35,18,126,333,619,952,self,8.248952028585215,2.9199004159399604,0.2,0.6849548666392342,0.5060000000000002,1
35,19,126,333,619,952,stranger,2.5363489561004533,2.9199004159399604,0.2,0.6849548666392342,1.495999999999968,1
35,20,126,333,619,952,stranger,2.5551322298364822,2.9199004159399604,0.2,0.6849548666392342,1.1500000000000008,1
35,21,126,333,619,952,stranger,3.049580908836598,2.9199004159399604,0.2,0.6849548666392342,0.6810000000000004,1
35,22,126,333,619,952,stranger,2.1569257482096633,2.9199004159399604,0.2,0.6849548666392342,1.0580000000000007,1
35,23,126,333,619,952,self,7.844983213379722,2.9199004159399604,0.2,0.6849548666392342,0.4910000000000002,1
35,24,126,333,619,952,self,7.966148792226944,2.9199004159399604,0.2,0.6849548666392342,0.4560000000000002,1
35,25,126,333,619,952,self,6.595703831008548,2.9199004159399604,0.2,0.6849548666392342,0.4440000000000002,1
35,26,126,333,619,952,self,7.49329048815233,2.9199004159399604,0.2,0.6849548666392342,0.43300000000000016,1
35,27,126,333,619,952,stranger,1.7614156029438586,2.9199004159399604,0.2,0.6849548666392342,0.9290000000000005,1
35,28,126,333,619,952,stranger,2.7986542468582423,2.9199004159399604,0.2,0.6849548666392342,0.6200000000000003,1
35,29,126,333,619,952,stranger,2.6860924883575636,2.9199004159399604,0.2,0.6849548666392342,1.2269999999999976,1
35,30,126,333,619,952,stranger,2.1599381148719665,2.9199004159399604,0.2,0.6849548666392342,0.9520000000000001,0
35,31,126,333,619,952,self,8.139226309694134,2.9199004159399604,0.2,0.6849548666392342,0.4840000000000002,1
35,32,126,333,619,952,self,6.976939430597002,2.9199004159399604,0.2,0.6849548666392342,0.4500000000000002,1
35,33,126,333,619,952,self,8.311509799750283,2.9199004159399604,0.2,0.6849548666392342,0.4520000000000002,1
35,34,126,333,619,952,stranger,2.5517340713330716,2.9199004159399604,0.2,0.6849548666392342,1.0900000000000007,1
35,35,126,333,619,952,self,7.820345784766832,2.9199004159399604,0.2,0.6849548666392342,0.6440000000000003,1
35,36,126,333,619,952,stranger,2.61605000467741,2.9199004159399604,0.2,0.6849548666392342,1.0910000000000006,1
35,37,126,333,619,952,self,7.895402288753394,2.9199004159399604,0.2,0.6849548666392342,0.4650000000000002,1
35,38,126,333,619,952,stranger,2.7920197065584595,2.9199004159399604,0.2,0.6849548666392342,0.5820000000000003,1
35,39,126,333,619,952,self,7.500262248699986,2.9199004159399604,0.2,0.6849548666392342,0.5850000000000003,1
35,40,126,333,619,952,stranger,1.283248675897496,2.9199004159399604,0.2,0.6849548666392342,2.0929999999999023,1
35,41,126,333,619,952,self,7.41799522622342,2.9199004159399604,0.2,0.6849548666392342,0.4640000000000002,1
35,42,126,333,619,952,self,7.319543617176803,2.9199004159399604,0.2,0.6849548666392342,0.5620000000000003,1
35,43,126,333,619,952,stranger,2.2911559429921846,2.9199004159399604,0.2,0.6849548666392342,0.7210000000000003,1
35,44,126,333,619,952,self,6.938751225496251,2.9199004159399604,0.2,0.6849548666392342,0.4760000000000002,1
35,45,126,333,619,952,stranger,3.0609547071504934,2.9199004159399604,0.2,0.6849548666392342,1.0200000000000007,1
35,46,126,333,619,952,self,7.216407898705933,2.9199004159399604,0.2,0.6849548666392342,0.4770000000000002,1
35,47,126,333,619,952,self,6.669054761263827,2.9199004159399604,0.2,0.6849548666392342,0.4620000000000002,1
35,48,126,333,619,952,stranger,2.028948352013102,2.9199004159399604,0.2,0.6849548666392342,1.723999999999943,1
35,49,126,333,619,952,stranger,3.0513508633805824,2.9199004159399604,0.2,0.6849548666392342,0.9280000000000006,1
35,50,126,333,619,952,self,7.463740872087684,2.9199004159399604,0.2,0.6849548666392342,0.4830000000000002,1
35,51,126,333,619,952,self,7.9840664704418645,2.9199004159399604,0.2,0.6849548666392342,0.43700000000000017,1
35,52,126,333,619,952,stranger,2.2932251615026624,2.9199004159399604,0.2,0.6849548666392342,0.6150000000000003,1
35,53,126,333,619,952,stranger,1.836668918831899,2.9199004159399604,0.2,0.6849548666392342,1.7379999999999414,1
35,54,126,333,619,952,self,7.462080099731779,2.9199004159399604,0.2,0.6849548666392342,0.4890000000000002,1
35,55,126,333,619,952,stranger,2.3220645037776384,2.9199004159399604,0.2,0.6849548666392342,1.331999999999986,1
35,56,126,333,619,952,self,7.241231690934104,2.9199004159399604,0.2,0.6849548666392342,0.4730000000000002,1
35,57,126,333,619,952,stranger,2.3266854968182606,2.9199004159399604,0.2,0.6849548666392342,1.1940000000000008,1
35,58,126,333,619,952,self,7.206311872812624,2.9199004159399604,0.2,0.6849548666392342,0.4650000000000002,1
35,59,126,333,619,952,stranger,1.6086836657339214,2.9199004159399604,0.2,0.6849548666392342,0.8010000000000004,1
35,60,126,333,619,952,self,8.428747870114972,2.9199004159399604,0.2,0.6849548666392342,0.5040000000000002,1
36,1,98,429,574,1003,stranger,1.5324911071205136,3.464218235239995,0.2,0.5773308331602393,1.6989999999999457,1
36,2,98,429,574,1003,stranger,1.3949706964671709,3.464218235239995,0.2,0.5773308331602393,1.1940000000000008,0
36,3,98,429,574,1003,stranger,1.2234393509082193,3.464218235239995,0.2,0.5773308331602393,1.0030000000000001,0
36,4,98,429,574,1003,self,6.190254488308055,3.464218235239995,0.2,0.5773308331602393,1.0920000000000007,1
36,5,98,429,574,1003,self,7.493698365988424,3.464218235239995,0.2,0.5773308331602393,0.4770000000000002,1
36,6,98,429,574,1003,self,6.8605039910142915,3.464218235239995,0.2,0.5773308331602393,0.5690000000000003,1
36,7,98,429,574,1003,self,6.610866078930782,3.464218235239995,0.2,0.5773308331602393,0.5780000000000003,1
36,8,98,429,574,1003,stranger,1.8486141093296613,3.464218235239995,0.2,0.5773308331602393,0.5100000000000002,0
36,9,98,429,574,1003,stranger,1.5737750481196775,3.464218235239995,0.2,0.5773308331602393,1.4179999999999766,1
36,10,98,429,574,1003,stranger,0.9416753189024681,3.464218235239995,0.2,0.5773308331602393,0.9330000000000005,0
36,11,98,429,574,1003,stranger,1.0628128207225673,3.464218235239995,0.2,0.5773308331602393,2.078999999999904,1
36,12,98,429,574,1003,stranger,2.0415161964693467,3.464218235239995,0.2,0.5773308331602393,1.9079999999999226,1
36,13,98,429,574,1003,self,6.251697080971907,3.464218235239995,0.2,0.5773308331602393,0.6870000000000004,1
36,14,98,429,574,1003,self,7.153267943565366,3.464218235239995,0.2,0.5773308331602393,0.6390000000000003,1
36,15,98,429,574,1003,stranger,1.170666954475426,3.464218235239995,0.2,0.5773308331602393,1.0030000000000001,0
36,16,98,429,574,1003,self,5.647462675255764,3.464218235239995,0.2,0.5773308331602393,0.8480000000000005,1
36,17,98,429,574,1003,self,6.557856661342002,3.464218235239995,0.2,0.5773308331602393,0.7540000000000004,1
36,18,98,429,574,1003,self,7.375225763872415,3.464218235239995,0.2,0.5773308331602393,0.4760000000000002,1
36,19,98,429,574,1003,self,7.205622805320661,3.464218235239995,0.2,0.5773308331602393,0.5040000000000002,1
36,20,98,429,574,1003,self,7.277548157463492,3.464218235239995,0.2,0.5773308331602393,0.5690000000000003,1
36,21,98,429,574,1003,self,5.989547078172864,3.464218235239995,0.2,0.5773308331602393,0.5920000000000003,1
36,22,98,429,574,1003,self,7.055320180261797,3.464218235239995,0.2,0.5773308331602393,0.6180000000000003,1
36,23,98,429,574,1003,self,6.965679262687223,3.464218235239995,0.2,0.5773308331602393,0.6510000000000004,1
36,24,98,429,574,1003,stranger,1.215903941401527,3.464218235239995,0.2,0.5773308331602393,1.0030000000000001,0
36,25,98,429,574,1003,stranger,2.0227259271250437,3.464218235239995,0.2,0.5773308331602393,1.350999999999984,1
36,26,98,429,574,1003,stranger,0.9151677220633968,3.464218235239995,0.2,0.5773308331602393,1.0030000000000001,0
36,27,98,429,574,1003,self,6.192658965535532,3.464218235239995,0.2,0.5773308331602393,0.8000000000000005,1
36,28,98,429,574,1003,self,6.824682008873032,3.464218235239995,0.2,0.5773308331602393,0.6840000000000004,1
36,29,98,429,574,1003,self,8.03046643380863,3.464218235239995,0.2,0.5773308331602393,0.4830000000000002,1
36,30,98,429,574,1003,self,5.970293154666316,3.464218235239995,0.2,0.5773308331602393,0.6000000000000003,1
36,31,98,429,574,1003,self,6.942248120885076,3.464218235239995,0.2,0.5773308331602393,0.5860000000000003,1
36,32,98,429,574,1003,stranger,1.2899047585455201,3.464218235239995,0.2,0.5773308331602393,1.4809999999999697,1
36,33,98,429,574,1003,stranger,3.1637238536586283,3.464218235239995,0.2,0.5773308331602393,1.1770000000000007,1
36,34,98,429,574,1003,self,6.022882402111,3.464218235239995,0.2,0.5773308331602393,0.7740000000000005,1
36,35,98,429,574,1003,self,6.76082690983755,3.464218235239995,0.2,0.5773308331602393,0.6350000000000003,1
36,36,98,429,574,1003,self,6.94214644128507,3.464218235239995,0.2,0.5773308331602393,0.6750000000000004,1
36,37,98,429,574,1003,stranger,0.5378434672328397,3.464218235239995,0.2,0.5773308331602393,1.0330000000000006,0
36,38,98,429,574,1003,stranger,2.4039657713405114,3.464218235239995,0.2,0.5773308331602393,1.0160000000000007,1
36,39,98,429,574,1003,stranger,1.4477827422205216,3.464218235239995,0.2,0.5773308331602393,1.540999999999963,1
36,40,98,429,574,1003,stranger,2.5610451557356506,3.464218235239995,0.2,0.5773308331602393,1.65999999999995,1
36,41,98,429,574,1003,self,6.828044949996043,3.464218235239995,0.2,0.5773308331602393,0.6840000000000004,1
36,42,98,429,574,1003,stranger,0.9012739128561867,3.464218235239995,0.2,0.5773308331602393,1.0030000000000001,0
36,43,98,429,574,1003,stranger,0.9708466221682223,3.464218235239995,0.2,0.5773308331602393,0.4470000000000002,0
36,44,98,429,574,1003,stranger,1.2812198463577227,3.464218235239995,0.2,0.5773308331602393,0.40000000000000013,0
36,45,98,429,574,1003,self,6.703670626615327,3.464218235239995,0.2,0.5773308331602393,0.7210000000000003,1
36,46,98,429,574,1003,stranger,0.4301353419328211,3.464218235239995,0.2,0.5773308331602393,1.0030000000000001,0
36,47,98,429,574,1003,self,6.637638462741294,3.464218235239995,0.2,0.5773308331602393,0.6100000000000003,1
36,48,98,429,574,1003,stranger,1.5194536122599769,3.464218235239995,0.2,0.5773308331602393,1.3889999999999798,1
36,49,98,429,574,1003,self,7.065543515656098,3.464218235239995,0.2,0.5773308331602393,0.5980000000000003,1
36,50,98,429,574,1003,stranger,1.3049533929244403,3.464218235239995,0.2,0.5773308331602393,1.1590000000000007,1
36,51,98,429,574,1003,self,6.892739546672714,3.464218235239995,0.2,0.5773308331602393,0.6630000000000004,1
36,52,98,429,574,1003,stranger,1.3846523918534,3.464218235239995,0.2,0.5773308331602393,1.0030000000000001,0
36,53,98,429,574,1003,self,7.285340775799106,3.464218235239995,0.2,0.5773308331602393,0.4550000000000002,1
36,54,98,429,574,1003,stranger,2.334347459912353,3.464218235239995,0.2,0.5773308331602393,1.2089999999999996,1
36,55,98,429,574,1003,stranger,1.268265773386926,3.464218235239995,0.2,0.5773308331602393,0.4470000000000002,0
36,56,98,429,574,1003,stranger,0.9548834269938192,3.464218235239995,0.2,0.5773308331602393,1.0030000000000001,0
36,57,98,429,574,1003,self,7.083238149023105,3.464218235239995,0.2,0.5773308331602393,0.5730000000000003,1
36,58,98,429,574,1003,stranger,2.058268574977706,3.464218235239995,0.2,0.5773308331602393,1.3749999999999813,1
36,59,98,429,574,1003,stranger,1.8565771746842725,3.464218235239995,0.2,0.5773308331602393,1.3639999999999826,1
36,60,98,429,574,1003,self,6.685214344004946,3.464218235239995,0.2,0.5773308331602393,0.5250000000000002,1
37,1,106,164,647,811,stranger,2.331872831769095,3.4264501999431327,0.2,0.5836944602414456,1.1860000000000008,1
37,2,106,164,647,811,stranger,2.061172032536315,3.4264501999431327,0.2,0.5836944602414456,1.3179999999999876,1
37,3,106,164,647,811,stranger,2.343725389858798,3.4264501999431327,0.2,0.5836944602414456,0.8560000000000005,1
37,4,106,164,647,811,stranger,1.93248989752075,3.4264501999431327,0.2,0.5836944602414456,1.2819999999999916,1
37,5,106,164,647,811,self,5.803096314423955,3.4264501999431327,0.2,0.5836944602414456,0.7670000000000003,1
37,6,106,164,647,811,stranger,2.4893878214753515,3.4264501999431327,0.2,0.5836944602414456,1.2759999999999923,1
37,7,106,164,647,811,stranger,1.8195921179012033,3.4264501999431327,0.2,0.5836944602414456,1.6469999999999514,1
37,8,106,164,647,811,stranger,2.467977845218504,3.4264501999431327,0.2,0.5836944602414456,0.2980000000000001,0
37,9,106,164,647,811,self,5.10032589665225,3.4264501999431327,0.2,0.5836944602414456,0.6880000000000004,1
37,10,106,164,647,811,self,5.469320783209169,3.4264501999431327,0.2,0.5836944602414456,0.6790000000000004,1
37,11,106,164,647,811,stranger,2.1564233603637306,3.4264501999431327,0.2,0.5836944602414456,0.8210000000000004,1
37,12,106,164,647,811,self,5.78007084590859,3.4264501999431327,0.2,0.5836944602414456,0.6540000000000004,1
37,13,106,164,647,811,self,6.4419256244095875,3.4264501999431327,0.2,0.5836944602414456,0.6660000000000004,1
37,14,106,164,647,811,self,6.353617126083694,3.4264501999431327,0.2,0.5836944602414456,0.6470000000000004,1
37,15,106,164,647,811,self,5.2891460835303405,3.4264501999431327,0.2,0.5836944602414456,0.4520000000000002,1
37,16,106,164,647,811,stranger,1.9654287960247339,3.4264501999431327,0.2,0.5836944602414456,1.6619999999999497,1
37,17,106,164,647,811,self,5.632757439379429,3.4264501999431327,0.2,0.5836944602414456,0.7640000000000005,1
37,18,106,164,647,811,self,5.860412712400976,3.4264501999431327,0.2,0.5836944602414456,0.7120000000000004,1
37,19,106,164,647,811,self,5.379912429037617,3.4264501999431327,0.2,0.5836944602414456,0.7080000000000004,1
37,20,106,164,647,811,self,5.235532592070021,3.4264501999431327,0.2,0.5836944602414456,0.7090000000000003,1
37,21,106,164,647,811,self,5.75892179652113,3.4264501999431327,0.2,0.5836944602414456,0.6310000000000003,1
37,22,106,164,647,811,stranger,1.559583670723761,3.4264501999431327,0.2,0.5836944602414456,0.811,0
37,23,106,164,647,811,stranger,1.6918364782617008,3.4264501999431327,0.2,0.5836944602414456,0.3920000000000001,0
37,24,106,164,647,811,stranger,1.726128910526056,3.4264501999431327,0.2,0.5836944602414456,1.9719999999999156,1
37,25,106,164,647,811,stranger,2.0990211129428533,3.4264501999431327,0.2,0.5836944602414456,1.4619999999999718,1
37,26,106,164,647,811,self,6.295994698325927,3.4264501999431327,0.2,0.5836944602414456,0.5730000000000003,1
37,27,106,164,647,811,self,5.949241296557996,3.4264501999431327,0.2,0.5836944602414456,0.9930000000000005,1
37,28,106,164,647,811,self,5.480275010131988,3.4264501999431327,0.2,0.5836944602414456,0.7550000000000003,1
37,29,106,164,647,811,self,6.258401860761848,3.4264501999431327,0.2,0.5836944602414456,0.8600000000000005,1
37,30,106,164,647,811,stranger,1.6017494052443366,3.4264501999431327,0.2,0.5836944602414456,1.377999999999981,0
37,31,106,164,647,811,stranger,2.826568293404988,3.4264501999431327,0.2,0.5836944602414456,0.9400000000000006,1
37,32,106,164,647,811,self,5.1831678322203,3.4264501999431327,0.2,0.5836944602414456,1.3649999999999824,1
37,33,106,164,647,811,stranger,2.522580507183746,3.4264501999431327,0.2,0.5836944602414456,1.1330000000000007,1
37,34,106,164,647,811,stranger,2.1011272698015153,3.4264501999431327,0.2,0.5836944602414456,1.486999999999969,1
37,35,106,164,647,811,self,5.753776508293374,3.4264501999431327,0.2,0.5836944602414456,0.6460000000000004,1
37,36,106,164,647,811,stranger,2.144363503160206,3.4264501999431327,0.2,0.5836944602414456,1.6839999999999473,1
37,37,106,164,647,811,self,5.6591122342394025,3.4264501999431327,0.2,0.5836944602414456,0.7340000000000004,1
37,38,106,164,647,811,stranger,2.0198370705077933,3.4264501999431327,0.2,0.5836944602414456,0.811,0
37,39,106,164,647,811,self,5.489852015374351,3.4264501999431327,0.2,0.5836944602414456,0.6140000000000003,1
37,40,106,164,647,811,self,4.666858837287622,3.4264501999431327,0.2,0.5836944602414456,1.4069999999999778,1
37,41,106,164,647,811,self,6.016936741244427,3.4264501999431327,0.2,0.5836944602414456,0.5460000000000003,1
37,42,106,164,647,811,self,5.095889106632388,3.4264501999431327,0.2,0.5836944602414456,0.6320000000000003,1
37,43,106,164,647,811,self,6.217149336250983,3.4264501999431327,0.2,0.5836944602414456,0.6630000000000004,1
37,44,106,164,647,811,self,5.525626241771202,3.4264501999431327,0.2,0.5836944602414456,0.7440000000000004,1
37,45,106,164,647,811,stranger,2.5077181035337897,3.4264501999431327,0.2,0.5836944602414456,1.1300000000000008,1
37,46,106,164,647,811,self,6.60931574039928,3.4264501999431327,0.2,0.5836944602414456,0.7280000000000004,1
37,47,106,164,647,811,stranger,1.433802758199088,3.4264501999431327,0.2,0.5836944602414456,1.7009999999999454,1
37,48,106,164,647,811,stranger,1.4319480962470816,3.4264501999431327,0.2,0.5836944602414456,0.5040000000000002,0
37,49,106,164,647,811,stranger,1.68165069243092,3.4264501999431327,0.2,0.5836944602414456,0.4460000000000002,0
37,50,106,164,647,811,stranger,1.31572068062221,3.4264501999431327,0.2,0.5836944602414456,0.811,0
37,51,106,164,647,811,stranger,1.956812449032674,3.4264501999431327,0.2,0.5836944602414456,0.2740000000000001,0
37,52,106,164,647,811,stranger,1.8016779878759674,3.4264501999431327,0.2,0.5836944602414456,1.5339999999999638,1
37,53,106,164,647,811,self,5.65134872265399,3.4264501999431327,0.2,0.5836944602414456,0.6670000000000004,1
37,54,106,164,647,811,stranger,2.489123317143583,3.4264501999431327,0.2,0.5836944602414456,0.8690000000000004,1
37,55,106,164,647,811,self,5.385158043971954,3.4264501999431327,0.2,0.5836944602414456,0.8440000000000005,1
37,56,106,164,647,811,self,4.999048765774889,3.4264501999431327,0.2,0.5836944602414456,0.5670000000000003,1
37,57,106,164,647,811,stranger,1.6599850673040284,3.4264501999431327,0.2,0.5836944602414456,0.811,0
37,58,106,164,647,811,stranger,1.9805665669111452,3.4264501999431327,0.2,0.5836944602414456,1.694999999999946,1
37,59,106,164,647,811,stranger,2.0753130824479027,3.4264501999431327,0.2,0.5836944602414456,0.7480000000000004,1
37,60,106,164,647,811,self,6.261594113156332,3.4264501999431327,0.2,0.5836944602414456,0.5860000000000003,1
38,1,18,223,364,587,self,4.519751485770868,2.3035842090396246,0.2,0.8682122373263749,0.3870000000000001,1
38,2,18,223,364,587,self,3.9450780505591982,2.3035842090396246,0.2,0.8682122373263749,0.5090000000000002,1
38,3,18,223,364,587,self,3.5306241748335756,2.3035842090396246,0.2,0.8682122373263749,0.7550000000000003,1
38,4,18,223,364,587,stranger,0.760759037369996,2.3035842090396246,0.2,0.8682122373263749,1.332999999999986,1
38,5,18,223,364,587,self,3.732026558392685,2.3035842090396246,0.2,0.8682122373263749,0.43100000000000016,1
38,6,18,223,364,587,stranger,2.0170857184504367,2.3035842090396246,0.2,0.8682122373263749,0.6870000000000004,1
38,7,18,223,364,587,stranger,0.39555596094666656,2.3035842090396246,0.2,0.8682122373263749,2.157999999999895,1
38,8,18,223,364,587,stranger,0.747002711596167,2.3035842090396246,0.2,0.8682122373263749,0.6060000000000003,1
38,9,18,223,364,587,self,4.382179199358234,2.3035842090396246,0.2,0.8682122373263749,0.7200000000000004,1
38,10,18,223,364,587,self,3.5135414981573962,2.3035842090396246,0.2,0.8682122373263749,0.4660000000000002,1
38,11,18,223,364,587,self,4.786162338850041,2.3035842090396246,0.2,0.8682122373263749,0.4970000000000002,1
38,12,18,223,364,587,stranger,0.5523559776671529,2.3035842090396246,0.2,0.8682122373263749,0.6170000000000003,1
38,13,18,223,364,587,self,3.162116181513113,2.3035842090396246,0.2,0.8682122373263749,0.3770000000000001,1
38,14,18,223,364,587,stranger,0.3437838744746588,2.3035842090396246,0.2,0.8682122373263749,1.7489999999999402,1
38,15,18,223,364,587,self,3.396399191126729,2.3035842090396246,0.2,0.8682122373263749,0.42400000000000015,1
38,16,18,223,364,587,stranger,0.687729022835701,2.3035842090396246,0.2,0.8682122373263749,1.2989999999999897,1
38,17,18,223,364,587,self,3.9637915698965713,2.3035842090396246,0.2,0.8682122373263749,0.5320000000000003,1
38,18,18,223,364,587,stranger,0.8913287834045788,2.3035842090396246,0.2,0.8682122373263749,1.6539999999999506,1
38,19,18,223,364,587,self,3.424503724766902,2.3035842090396246,0.2,0.8682122373263749,0.42000000000000015,1
38,20,18,223,364,587,stranger,1.1301891982731318,2.3035842090396246,0.2,0.8682122373263749,0.6340000000000003,1
38,21,18,223,364,587,self,3.3430584600873976,2.3035842090396246,0.2,0.8682122373263749,0.5660000000000003,1
38,22,18,223,364,587,self,3.0267591926490667,2.3035842090396246,0.2,0.8682122373263749,0.5280000000000002,1
38,23,18,223,364,587,self,3.4297981798571726,2.3035842090396246,0.2,0.8682122373263749,0.6330000000000003,1
38,24,18,223,364,587,self,3.5128580523216852,2.3035842090396246,0.2,0.8682122373263749,1.0100000000000007,1
38,25,18,223,364,587,self,3.952997713943758,2.3035842090396246,0.2,0.8682122373263749,0.5910000000000003,1
38,26,18,223,364,587,stranger,0.5028463518347711,2.3035842090396246,0.2,0.8682122373263749,0.9420000000000006,0
38,27,18,223,364,587,stranger,0.5527599910573796,2.3035842090396246,0.2,0.8682122373263749,2.1249999999998987,1
38,28,18,223,364,587,self,3.639847078762832,2.3035842090396246,0.2,0.8682122373263749,0.4440000000000002,1
38,29,18,223,364,587,stranger,0.7997595867503665,2.3035842090396246,0.2,0.8682122373263749,2.1919999999998914,1
38,30,18,223,364,587,self,3.6433492932449076,2.3035842090396246,0.2,0.8682122373263749,0.7190000000000003,1
38,31,18,223,364,587,stranger,0.8155681516271106,2.3035842090396246,0.2,0.8682122373263749,0.7730000000000004,0
38,32,18,223,364,587,stranger,0.16432698883362495,2.3035842090396246,0.2,0.8682122373263749,0.4990000000000002,0
38,33,18,223,364,587,stranger,0.5281120994368657,2.3035842090396246,0.2,0.8682122373263749,0.8830000000000005,0
38,34,18,223,364,587,self,3.5276506013658255,2.3035842090396246,0.2,0.8682122373263749,0.5020000000000002,1
38,35,18,223,364,587,stranger,0.6389814307167475,2.3035842090396246,0.2,0.8682122373263749,1.6269999999999536,1
38,36,18,223,364,587,stranger,0.9659318275957797,2.3035842090396246,0.2,0.8682122373263749,0.9440000000000006,0
38,37,18,223,364,587,self,3.9164302581569457,2.3035842090396246,0.2,0.8682122373263749,1.1160000000000008,1
38,38,18,223,364,587,stranger,1.085541170997904,2.3035842090396246,0.2,0.8682122373263749,0.587,0
38,39,18,223,364,587,self,4.115130939901973,2.3035842090396246,0.2,0.8682122373263749,0.6150000000000003,1
38,40,18,223,364,587,stranger,1.1378800821821136,2.3035842090396246,0.2,0.8682122373263749,0.8500000000000005,1
38,41,18,223,364,587,stranger,0.9837955508200006,2.3035842090396246,0.2,0.8682122373263749,1.1010000000000006,1
38,42,18,223,364,587,stranger,0.465421687146398,2.3035842090396246,0.2,0.8682122373263749,0.5110000000000002,1
38,43,18,223,364,587,stranger,1.3103389672077639,2.3035842090396246,0.2,0.8682122373263749,1.1850000000000007,1
38,44,18,223,364,587,stranger,0.7459143070772027,2.3035842090396246,0.2,0.8682122373263749,1.1270000000000007,1
38,45,18,223,364,587,stranger,-0.5452939789778769,2.3035842090396246,0.2,0.8682122373263749,0.587,0
38,46,18,223,364,587,self,2.9283316866768025,2.3035842090396246,0.2,0.8682122373263749,0.7100000000000004,1
38,47,18,223,364,587,stranger,0.924025527705333,2.3035842090396246,0.2,0.8682122373263749,1.595999999999957,1
38,48,18,223,364,587,stranger,0.9635853352122187,2.3035842090396246,0.2,0.8682122373263749,1.0830000000000006,1
38,49,18,223,364,587,self,4.27097949492549,2.3035842090396246,0.2,0.8682122373263749,0.7300000000000004,1
38,50,18,223,364,587,stranger,1.5633941181637705,2.3035842090396246,0.2,0.8682122373263749,1.0150000000000006,1
38,51,18,223,364,587,self,3.1443346180386205,2.3035842090396246,0.2,0.8682122373263749,0.7520000000000004,1
38,52,18,223,364,587,self,4.26869647327943,2.3035842090396246,0.2,0.8682122373263749,0.5410000000000003,1
38,53,18,223,364,587,stranger,-0.17319536245572242,2.3035842090396246,0.2,0.8682122373263749,0.8280000000000005,0
38,54,18,223,364,587,stranger,0.4854937204154999,2.3035842090396246,0.2,0.8682122373263749,1.314999999999988,1
38,55,18,223,364,587,self,3.85285213723062,2.3035842090396246,0.2,0.8682122373263749,0.3830000000000001,1
38,56,18,223,364,587,self,4.393803575393072,2.3035842090396246,0.2,0.8682122373263749,0.44200000000000017,1
38,57,18,223,364,587,self,4.237339854255547,2.3035842090396246,0.2,0.8682122373263749,0.6580000000000004,1
38,58,18,223,364,587,self,3.8123324207158804,2.3035842090396246,0.2,0.8682122373263749,0.6180000000000003,1
38,59,18,223,364,587,self,3.488927632861566,2.3035842090396246,0.2,0.8682122373263749,0.5360000000000003,1
38,60,18,223,364,587,stranger,0.6440429032953627,2.3035842090396246,0.2,0.8682122373263749,0.587,0
39,1,62,156,642,798,stranger,0.42028186344229923,3.218782621563538,0.2,0.621352925979354,0.798,0
39,2,62,156,642,798,stranger,0.5770988698835834,3.218782621563538,0.2,0.621352925979354,1.1680000000000008,0
39,3,62,156,642,798,stranger,1.5399293210036182,3.218782621563538,0.2,0.621352925979354,1.4269999999999756,1
39,4,62,156,642,798,stranger,0.8576187111729051,3.218782621563538,0.2,0.621352925979354,2.1109999999999003,1
39,5,62,156,642,798,self,5.087970787186079,3.218782621563538,0.2,0.621352925979354,0.9450000000000005,1
39,6,62,156,642,798,self,4.300310650051094,3.218782621563538,0.2,0.621352925979354,0.9520000000000006,1
39,7,62,156,642,798,self,4.63872894062248,3.218782621563538,0.2,0.621352925979354,0.7690000000000003,1
39,8,62,156,642,798,self,4.454620438264756,3.218782621563538,0.2,0.621352925979354,0.6480000000000004,1
39,9,62,156,642,798,stranger,0.825556275238209,3.218782621563538,0.2,0.621352925979354,2.058999999999906,1
39,10,62,156,642,798,self,4.557547244712285,3.218782621563538,0.2,0.621352925979354,0.7730000000000004,1
39,11,62,156,642,798,stranger,0.8591714121140063,3.218782621563538,0.2,0.621352925979354,1.2919999999999905,1
39,12,62,156,642,798,self,4.099100288172879,3.218782621563538,0.2,0.621352925979354,0.5470000000000003,1
39,13,62,156,642,798,stranger,1.2755097133850724,3.218782621563538,0.2,0.621352925979354,0.798,0
39,14,62,156,642,798,self,3.3701805023726408,3.218782621563538,0.2,0.621352925979354,0.7120000000000004,1
39,15,62,156,642,798,self,5.536837177698097,3.218782621563538,0.2,0.621352925979354,0.8590000000000004,1
39,16,62,156,642,798,stranger,0.933003246375974,3.218782621563538,0.2,0.621352925979354,0.8120000000000005,1
39,17,62,156,642,798,stranger,0.5974505349182504,3.218782621563538,0.2,0.621352925979354,0.798,0
39,18,62,156,642,798,stranger,0.93349538386983,3.218782621563538,0.2,0.621352925979354,0.798,0
39,19,62,156,642,798,stranger,0.9234867765949816,3.218782621563538,0.2,0.621352925979354,1.7659999999999383,1
39,20,62,156,642,798,stranger,0.7936071809385045,3.218782621563538,0.2,0.621352925979354,1.368999999999982,1
39,21,62,156,642,798,stranger,0.8103200702462193,3.218782621563538,0.2,0.621352925979354,0.3170000000000001,0
39,22,62,156,642,798,self,5.015049187951976,3.218782621563538,0.2,0.621352925979354,0.4640000000000002,1
39,23,62,156,642,798,self,3.9981590662462727,3.218782621563538,0.2,0.621352925979354,0.43800000000000017,1
39,24,62,156,642,798,stranger,0.18618265214504148,3.218782621563538,0.2,0.621352925979354,0.798,0
39,25,62,156,642,798,self,4.902544193462321,3.218782621563538,0.2,0.621352925979354,0.7320000000000004,1
39,26,62,156,642,798,self,4.014092831216113,3.218782621563538,0.2,0.621352925979354,1.1920000000000008,1
39,27,62,156,642,798,self,4.016620932007825,3.218782621563538,0.2,0.621352925979354,1.3069999999999888,1
39,28,62,156,642,798,stranger,0.7020114614534392,3.218782621563538,0.2,0.621352925979354,1.0460000000000007,0
39,29,62,156,642,798,stranger,0.9032473631353327,3.218782621563538,0.2,0.621352925979354,1.7529999999999397,1
39,30,62,156,642,798,self,4.503596495259536,3.218782621563538,0.2,0.621352925979354,0.8520000000000005,1
39,31,62,156,642,798,stranger,1.1277494661053864,3.218782621563538,0.2,0.621352925979354,0.798,0
39,32,62,156,642,798,self,5.517425042854074,3.218782621563538,0.2,0.621352925979354,0.5580000000000003,1
39,33,62,156,642,798,self,4.130846794365576,3.218782621563538,0.2,0.621352925979354,0.9510000000000005,1
39,34,62,156,642,798,self,4.56881480478561,3.218782621563538,0.2,0.621352925979354,0.6810000000000004,1
39,35,62,156,642,798,self,5.121681512986211,3.218782621563538,0.2,0.621352925979354,0.8230000000000004,1
39,36,62,156,642,798,stranger,0.5742968082408001,3.218782621563538,0.2,0.621352925979354,1.9259999999999207,1
39,37,62,156,642,798,stranger,1.9394290146805693,3.218782621563538,0.2,0.621352925979354,1.3479999999999843,1
39,38,62,156,642,798,self,4.181035623019225,3.218782621563538,0.2,0.621352925979354,0.8530000000000004,1
39,39,62,156,642,798,stranger,1.3286460036302286,3.218782621563538,0.2,0.621352925979354,1.9519999999999178,1
39,40,62,156,642,798,self,4.673650280612896,3.218782621563538,0.2,0.621352925979354,0.6100000000000003,1
39,41,62,156,642,798,self,4.646612968927053,3.218782621563538,0.2,0.621352925979354,0.7230000000000003,1
39,42,62,156,642,798,self,4.559161488635957,3.218782621563538,0.2,0.621352925979354,0.9010000000000005,1
39,43,62,156,642,798,stranger,0.5044100546466169,3.218782621563538,0.2,0.621352925979354,2.1349999999998976,1
39,44,62,156,642,798,self,4.385193874604554,3.218782621563538,0.2,0.621352925979354,1.0910000000000006,1
39,45,62,156,642,798,stranger,1.0193290492291496,3.218782621563538,0.2,0.621352925979354,1.404999999999978,1
39,46,62,156,642,798,self,4.28916382915659,3.218782621563538,0.2,0.621352925979354,0.6950000000000004,1
39,47,62,156,642,798,self,4.015100949621828,3.218782621563538,0.2,0.621352925979354,0.6900000000000004,1
39,48,62,156,642,798,stranger,1.5331068320390804,3.218782621563538,0.2,0.621352925979354,0.798,0
39,49,62,156,642,798,stranger,1.089651191125137,3.218782621563538,0.2,0.621352925979354,0.798,0
39,50,62,156,642,798,self,4.317944968781848,3.218782621563538,0.2,0.621352925979354,1.0250000000000006,1
39,51,62,156,642,798,self,4.107966659650812,3.218782621563538,0.2,0.621352925979354,0.6910000000000004,1
39,52,62,156,642,798,stranger,0.8029659544021469,3.218782621563538,0.2,0.621352925979354,0.798,0
39,53,62,156,642,798,stranger,0.9350084075646469,3.218782621563538,0.2,0.621352925979354,0.798,0
39,54,62,156,642,798,self,4.4529450685730305,3.218782621563538,0.2,0.621352925979354,0.7720000000000005,1
39,55,62,156,642,798,stranger,0.8713632751027286,3.218782621563538,0.2,0.621352925979354,1.3709999999999818,1
39,56,62,156,642,798,stranger,0.789323330874179,3.218782621563538,0.2,0.621352925979354,0.798,0
39,57,62,156,642,798,stranger,0.32918430405025123,3.218782621563538,0.2,0.621352925979354,0.798,0
39,58,62,156,642,798,stranger,1.2578269787834437,3.218782621563538,0.2,0.621352925979354,0.798,0
39,59,62,156,642,798,self,4.460666544580502,3.218782621563538,0.2,0.621352925979354,0.5970000000000003,1
39,60,62,156,642,798,self,5.164011891755985,3.218782621563538,0.2,0.621352925979354,0.9080000000000006,1
40,1,98,84,1109,1193,self,3.5661817228536177,3.0562744538336024,0.2,0.6543914920635885,0.8990000000000005,1
40,2,98,84,1109,1193,stranger,1.294408177611832,3.0562744538336024,0.2,0.6543914920635885,1.6009999999999565,1
40,3,98,84,1109,1193,stranger,2.1132642463531734,3.0562744538336024,0.2,0.6543914920635885,0.7060000000000004,1
40,4,98,84,1109,1193,stranger,1.368141834012135,3.0562744538336024,0.2,0.6543914920635885,1.193,0
40,5,98,84,1109,1193,self,2.753984689076267,3.0562744538336024,0.2,0.6543914920635885,0.8650000000000004,1
40,6,98,84,1109,1193,self,3.0818444863227805,3.0562744538336024,0.2,0.6543914920635885,0.8980000000000006,1
40,7,98,84,1109,1193,self,4.099184417182337,3.0562744538336024,0.2,0.6543914920635885,0.6060000000000003,1
40,8,98,84,1109,1193,stranger,0.7967469531375123,3.0562744538336024,0.2,0.6543914920635885,1.193,0
40,9,98,84,1109,1193,self,3.4562923990536905,3.0562744538336024,0.2,0.6543914920635885,0.9670000000000005,1
40,10,98,84,1109,1193,self,3.660523141340874,3.0562744538336024,0.2,0.6543914920635885,1.2829999999999915,1
40,11,98,84,1109,1193,self,3.76528092784292,3.0562744538336024,0.2,0.6543914920635885,0.7210000000000003,1
40,12,98,84,1109,1193,stranger,0.6173025938233375,3.0562744538336024,0.2,0.6543914920635885,0.42500000000000016,0
40,13,98,84,1109,1193,stranger,1.133139793567298,3.0562744538336024,0.2,0.6543914920635885,0.3220000000000001,0
40,14,98,84,1109,1193,self,4.014949137940981,3.0562744538336024,0.2,0.6543914920635885,0.6170000000000003,1
40,15,98,84,1109,1193,self,2.9618957591990647,3.0562744538336024,0.2,0.6543914920635885,1.3479999999999843,1
40,16,98,84,1109,1193,stranger,1.1259038471087717,3.0562744538336024,0.2,0.6543914920635885,1.4349999999999747,1
40,17,98,84,1109,1193,self,4.408457420450467,3.0562744538336024,0.2,0.6543914920635885,1.0150000000000006,1
40,18,98,84,1109,1193,self,3.3402023748050023,3.0562744538336024,0.2,0.6543914920635885,1.1070000000000007,1
40,19,98,84,1109,1193,self,4.439219261832753,3.0562744538336024,0.2,0.6543914920635885,0.7820000000000005,1
40,20,98,84,1109,1193,self,2.5812986680637415,3.0562744538336024,0.2,0.6543914920635885,1.2729999999999926,1
40,21,98,84,1109,1193,stranger,0.9091711241103395,3.0562744538336024,0.2,0.6543914920635885,1.193,0
40,22,98,84,1109,1193,self,3.4265336048390704,3.0562744538336024,0.2,0.6543914920635885,0.9480000000000006,1
40,23,98,84,1109,1193,stranger,0.30221746584233455,3.0562744538336024,0.2,0.6543914920635885,1.4379999999999744,1
40,24,98,84,1109,1193,stranger,0.21881607933915678,3.0562744538336024,0.2,0.6543914920635885,0.4890000000000002,0
40,25,98,84,1109,1193,stranger,0.3983653650853929,3.0562744538336024,0.2,0.6543914920635885,1.193,0
40,26,98,84,1109,1193,stranger,1.3308005422266762,3.0562744538336024,0.2,0.6543914920635885,1.193,0
40,27,98,84,1109,1193,self,3.606933443498934,3.0562744538336024,0.2,0.6543914920635885,0.9560000000000006,1
40,28,98,84,1109,1193,stranger,0.5854173274433672,3.0562744538336024,0.2,0.6543914920635885,0.5250000000000002,0
40,29,98,84,1109,1193,self,4.008480536824583,3.0562744538336024,0.2,0.6543914920635885,0.5900000000000003,1
40,30,98,84,1109,1193,stranger,0.7238689734656883,3.0562744538336024,0.2,0.6543914920635885,1.0910000000000006,1
40,31,98,84,1109,1193,self,3.3546234329783746,3.0562744538336024,0.2,0.6543914920635885,0.8720000000000006,1
40,32,98,84,1109,1193,self,3.2936069720720136,3.0562744538336024,0.2,0.6543914920635885,0.7780000000000005,1
40,33,98,84,1109,1193,self,4.3054554823817215,3.0562744538336024,0.2,0.6543914920635885,0.6000000000000003,1
40,34,98,84,1109,1193,self,3.4104081648766904,3.0562744538336024,0.2,0.6543914920635885,1.467999999999971,1
40,35,98,84,1109,1193,self,2.83412132420365,3.0562744538336024,0.2,0.6543914920635885,1.5109999999999664,1
40,36,98,84,1109,1193,self,3.98435090728606,3.0562744538336024,0.2,0.6543914920635885,0.6580000000000004,1
40,37,98,84,1109,1193,self,3.99797021350871,3.0562744538336024,0.2,0.6543914920635885,1.3119999999999883,1
40,38,98,84,1109,1193,self,3.7502618134416,3.0562744538336024,0.2,0.6543914920635885,1.0720000000000007,1
40,39,98,84,1109,1193,stranger,0.7041779864413921,3.0562744538336024,0.2,0.6543914920635885,1.0760000000000007,0
40,40,98,84,1109,1193,stranger,0.568848187846458,3.0562744538336024,0.2,0.6543914920635885,1.193,0
40,41,98,84,1109,1193,stranger,1.0368929614279556,3.0562744538336024,0.2,0.6543914920635885,1.8609999999999278,1
40,42,98,84,1109,1193,self,4.350907345848929,3.0562744538336024,0.2,0.6543914920635885,0.5230000000000002,1
40,43,98,84,1109,1193,stranger,0.7458853540824784,3.0562744538336024,0.2,0.6543914920635885,1.4389999999999743,1
40,44,98,84,1109,1193,stranger,0.46013603531750014,3.0562744538336024,0.2,0.6543914920635885,1.1450000000000007,1
40,45,98,84,1109,1193,stranger,1.3237805204869522,3.0562744538336024,0.2,0.6543914920635885,0.8200000000000005,0
40,46,98,84,1109,1193,stranger,1.036822709669301,3.0562744538336024,0.2,0.6543914920635885,1.2099999999999995,1
40,47,98,84,1109,1193,stranger,0.7773150224779578,3.0562744538336024,0.2,0.6543914920635885,1.193,0
40,48,98,84,1109,1193,stranger,0.7608373001180085,3.0562744538336024,0.2,0.6543914920635885,0.5950000000000003,0
40,49,98,84,1109,1193,self,2.982350934646516,3.0562744538336024,0.2,0.6543914920635885,0.8410000000000004,1
40,50,98,84,1109,1193,stranger,0.6469898713571931,3.0562744538336024,0.2,0.6543914920635885,1.193,0
40,51,98,84,1109,1193,self,4.254325956647453,3.0562744538336024,0.2,0.6543914920635885,0.5730000000000003,1
40,52,98,84,1109,1193,self,3.7753089190842077,3.0562744538336024,0.2,0.6543914920635885,0.8290000000000004,1
40,53,98,84,1109,1193,stranger,1.6370654405978875,3.0562744538336024,0.2,0.6543914920635885,1.7259999999999427,1
40,54,98,84,1109,1193,self,3.751196003164865,3.0562744538336024,0.2,0.6543914920635885,0.4930000000000002,1
40,55,98,84,1109,1193,stranger,1.193695187690209,3.0562744538336024,0.2,0.6543914920635885,1.193,0
40,56,98,84,1109,1193,stranger,0.9863031650481853,3.0562744538336024,0.2,0.6543914920635885,1.759999999999939,1
40,57,98,84,1109,1193,stranger,1.2986060338745107,3.0562744538336024,0.2,0.6543914920635885,1.38799999999998,1
40,58,98,84,1109,1193,stranger,0.5504883722963352,3.0562744538336024,0.2,0.6543914920635885,0.6860000000000004,0
40,59,98,84,1109,1193,self,3.344980805577488,3.0562744538336024,0.2,0.6543914920635885,0.9390000000000005,1
40,60,98,84,1109,1193,stranger,0.43488580937491317,3.0562744538336024,0.2,0.6543914920635885,1.193,0
41,1,11,475,1049,1524,self,4.794780904530182,3.186822859716257,0.2,0.6275843019960239,0.6550000000000004,1
41,2,11,475,1049,1524,stranger,0.8113776828675728,3.186822859716257,0.2,0.6275843019960239,1.524,0
41,3,11,475,1049,1524,stranger,1.6965320348131865,3.186822859716257,0.2,0.6275843019960239,0.7870000000000004,0
41,4,11,475,1049,1524,self,3.453330414421161,3.186822859716257,0.2,0.6275843019960239,1.0130000000000006,1
41,5,11,475,1049,1524,self,4.351437237148372,3.186822859716257,0.2,0.6275843019960239,0.5760000000000003,1
41,6,11,475,1049,1524,stranger,0.2601087537166775,3.186822859716257,0.2,0.6275843019960239,1.524,0
41,7,11,475,1049,1524,stranger,0.6424423043177369,3.186822859716257,0.2,0.6275843019960239,0.3090000000000001,0
41,8,11,475,1049,1524,stranger,1.0383048966835378,3.186822859716257,0.2,0.6275843019960239,1.524,0
41,9,11,475,1049,1524,stranger,0.9420040418800987,3.186822859716257,0.2,0.6275843019960239,1.3039999999999892,1
41,10,11,475,1049,1524,stranger,0.4885512946908388,3.186822859716257,0.2,0.6275843019960239,2.1189999999998994,1
41,11,11,475,1049,1524,stranger,0.8760328918478865,3.186822859716257,0.2,0.6275843019960239,1.524,0
41,12,11,475,1049,1524,stranger,0.369683306285557,3.186822859716257,0.2,0.6275843019960239,1.524,0
41,13,11,475,1049,1524,stranger,0.5269233196269044,3.186822859716257,0.2,0.6275843019960239,1.524,0
41,14,11,475,1049,1524,self,4.18151463591679,3.186822859716257,0.2,0.6275843019960239,0.7510000000000003,1
41,15,11,475,1049,1524,self,4.583148020384117,3.186822859716257,0.2,0.6275843019960239,0.6580000000000004,1
41,16,11,475,1049,1524,self,3.2920376801915308,3.186822859716257,0.2,0.6275843019960239,1.0270000000000006,1
41,17,11,475,1049,1524,stranger,1.107341908910099,3.186822859716257,0.2,0.6275843019960239,1.524,0
41,18,11,475,1049,1524,stranger,0.3156352449926423,3.186822859716257,0.2,0.6275843019960239,1.524,0
41,19,11,475,1049,1524,self,4.186012678803056,3.186822859716257,0.2,0.6275843019960239,0.5690000000000003,1
41,20,11,475,1049,1524,self,4.323119379698648,3.186822859716257,0.2,0.6275843019960239,0.9930000000000005,1
41,21,11,475,1049,1524,stranger,0.24647281637913376,3.186822859716257,0.2,0.6275843019960239,0.43100000000000016,0
41,22,11,475,1049,1524,stranger,0.5794315694377651,3.186822859716257,0.2,0.6275843019960239,1.7339999999999418,0
41,23,11,475,1049,1524,self,3.564193761120008,3.186822859716257,0.2,0.6275843019960239,0.7170000000000003,1
41,24,11,475,1049,1524,self,4.085899747192103,3.186822859716257,0.2,0.6275843019960239,1.2979999999999898,1
41,25,11,475,1049,1524,stranger,0.7566127333546867,3.186822859716257,0.2,0.6275843019960239,1.524,0
41,26,11,475,1049,1524,stranger,0.14838912132401827,3.186822859716257,0.2,0.6275843019960239,0.5920000000000003,0
41,27,11,475,1049,1524,stranger,1.0537533583231293,3.186822859716257,0.2,0.6275843019960239,0.9380000000000006,1
41,28,11,475,1049,1524,stranger,1.377374257718738,3.186822859716257,0.2,0.6275843019960239,1.5699999999999599,1
41,29,11,475,1049,1524,self,3.329016422678107,3.186822859716257,0.2,0.6275843019960239,0.9680000000000006,1
41,30,11,475,1049,1524,stranger,0.9937361854698558,3.186822859716257,0.2,0.6275843019960239,1.524,0
41,31,11,475,1049,1524,self,4.308553683527776,3.186822859716257,0.2,0.6275843019960239,0.7450000000000003,1
41,32,11,475,1049,1524,self,3.827186894209875,3.186822859716257,0.2,0.6275843019960239,0.8320000000000005,1
41,33,11,475,1049,1524,self,4.083882875057824,3.186822859716257,0.2,0.6275843019960239,0.7420000000000004,1
41,34,11,475,1049,1524,self,3.491365423098784,3.186822859716257,0.2,0.6275843019960239,0.5240000000000002,1
41,35,11,475,1049,1524,self,3.6791586810233494,3.186822859716257,0.2,0.6275843019960239,0.7770000000000004,1
41,36,11,475,1049,1524,stranger,1.0352655018951236,3.186822859716257,0.2,0.6275843019960239,1.3909999999999796,0
41,37,11,475,1049,1524,self,4.484678848516551,3.186822859716257,0.2,0.6275843019960239,0.6890000000000004,1
41,38,11,475,1049,1524,stranger,0.3439382450275845,3.186822859716257,0.2,0.6275843019960239,0.6400000000000003,0
41,39,11,475,1049,1524,self,3.5369107768441577,3.186822859716257,0.2,0.6275843019960239,0.8690000000000004,1
41,40,11,475,1049,1524,self,3.9541746352932408,3.186822859716257,0.2,0.6275843019960239,0.6270000000000003,1
41,41,11,475,1049,1524,stranger,-0.0603324786779279,3.186822859716257,0.2,0.6275843019960239,0.9860000000000007,0
41,42,11,475,1049,1524,self,3.666669686478723,3.186822859716257,0.2,0.6275843019960239,0.7030000000000003,1
41,43,11,475,1049,1524,self,3.2539076939923905,3.186822859716257,0.2,0.6275843019960239,1.1350000000000007,1
41,44,11,475,1049,1524,self,4.067268456837825,3.186822859716257,0.2,0.6275843019960239,0.6060000000000003,1
41,45,11,475,1049,1524,self,3.7379269910660304,3.186822859716257,0.2,0.6275843019960239,1.1060000000000008,1
41,46,11,475,1049,1524,stranger,0.8612809923590207,3.186822859716257,0.2,0.6275843019960239,0.9530000000000005,1
41,47,11,475,1049,1524,self,3.5147563003266513,3.186822859716257,0.2,0.6275843019960239,1.3489999999999842,1
41,48,11,475,1049,1524,stranger,1.7024616347601782,3.186822859716257,0.2,0.6275843019960239,1.0490000000000006,1
41,49,11,475,1049,1524,self,3.74420679687984,3.186822859716257,0.2,0.6275843019960239,1.0580000000000007,1
41,50,11,475,1049,1524,self,3.550154108738438,3.186822859716257,0.2,0.6275843019960239,1.0210000000000006,1
41,51,11,475,1049,1524,self,3.9713416605960554,3.186822859716257,0.2,0.6275843019960239,0.7920000000000005,1
41,52,11,475,1049,1524,stranger,0.5900603948401665,3.186822859716257,0.2,0.6275843019960239,0.43700000000000017,0
41,53,11,475,1049,1524,stranger,1.092884561207256,3.186822859716257,0.2,0.6275843019960239,0.4820000000000002,0
41,54,11,475,1049,1524,self,3.699347133948075,3.186822859716257,0.2,0.6275843019960239,0.6530000000000004,1
41,55,11,475,1049,1524,stranger,-0.133711183541097,3.186822859716257,0.2,0.6275843019960239,0.3850000000000001,0
41,56,11,475,1049,1524,self,4.428264339128068,3.186822859716257,0.2,0.6275843019960239,1.0090000000000006,1
41,57,11,475,1049,1524,stranger,1.0511750918893634,3.186822859716257,0.2,0.6275843019960239,1.3339999999999859,1
41,58,11,475,1049,1524,self,3.555148063859177,3.186822859716257,0.2,0.6275843019960239,0.7950000000000004,1
41,59,11,475,1049,1524,stranger,0.4256531625099583,3.186822859716257,0.2,0.6275843019960239,1.3469999999999844,1
41,60,11,475,1049,1524,stranger,0.14431794284546762,3.186822859716257,0.2,0.6275843019960239,1.677999999999948,1
42,1,107,545,722,1267,stranger,1.0960619739163255,3.522933938956878,0.2,0.5677086299813471,2.1899999999998916,1
42,2,107,545,722,1267,self,6.683917782265981,3.522933938956878,0.2,0.5677086299813471,0.5570000000000003,1
42,3,107,545,722,1267,stranger,-0.01296126939138631,3.522933938956878,0.2,0.5677086299813471,1.5889999999999578,0
42,4,107,545,722,1267,stranger,0.41020890441324964,3.522933938956878,0.2,0.5677086299813471,1.2670000000000001,0
42,5,107,545,722,1267,self,6.511392380215636,3.522933938956878,0.2,0.5677086299813471,0.6530000000000004,1
42,6,107,545,722,1267,self,6.672634377896594,3.522933938956878,0.2,0.5677086299813471,0.6140000000000003,1
42,7,107,545,722,1267,stranger,1.4509244298996453,3.522933938956878,0.2,0.5677086299813471,1.5019999999999674,1
42,8,107,545,722,1267,stranger,1.1290906221156312,3.522933938956878,0.2,0.5677086299813471,0.6770000000000004,0
42,9,107,545,722,1267,stranger,0.8777097356959537,3.522933938956878,0.2,0.5677086299813471,1.2670000000000001,0
42,10,107,545,722,1267,self,6.292062131384016,3.522933938956878,0.2,0.5677086299813471,0.5660000000000003,1
42,11,107,545,722,1267,self,5.781434562362455,3.522933938956878,0.2,0.5677086299813471,0.7740000000000005,1
42,12,107,545,722,1267,stranger,0.6307739878882476,3.522933938956878,0.2,0.5677086299813471,0.5070000000000002,0
42,13,107,545,722,1267,self,6.330492511273116,3.522933938956878,0.2,0.5677086299813471,0.7710000000000004,1
42,14,107,545,722,1267,stranger,0.875631049947556,3.522933938956878,0.2,0.5677086299813471,1.3659999999999823,1
42,15,107,545,722,1267,self,6.319303279763653,3.522933938956878,0.2,0.5677086299813471,0.5810000000000003,1
42,16,107,545,722,1267,stranger,0.45965489316425623,3.522933938956878,0.2,0.5677086299813471,0.6690000000000004,0
42,17,107,545,722,1267,self,7.362783626608678,3.522933938956878,0.2,0.5677086299813471,0.5150000000000002,1
42,18,107,545,722,1267,stranger,0.26366583438616853,3.522933938956878,0.2,0.5677086299813471,0.3080000000000001,0
42,19,107,545,722,1267,stranger,0.7494186641067656,3.522933938956878,0.2,0.5677086299813471,0.7820000000000005,0
42,20,107,545,722,1267,stranger,1.1637908253503344,3.522933938956878,0.2,0.5677086299813471,1.2670000000000001,0
42,21,107,545,722,1267,stranger,0.013261684205358892,3.522933938956878,0.2,0.5677086299813471,0.32900000000000007,0
42,22,107,545,722,1267,stranger,1.101099698603258,3.522933938956878,0.2,0.5677086299813471,1.7979999999999348,1
42,23,107,545,722,1267,stranger,0.8590667743597912,3.522933938956878,0.2,0.5677086299813471,1.4899999999999687,1
42,24,107,545,722,1267,self,7.17736084290582,3.522933938956878,0.2,0.5677086299813471,0.6130000000000003,1
42,25,107,545,722,1267,self,6.898889909951243,3.522933938956878,0.2,0.5677086299813471,0.6620000000000004,1
42,26,107,545,722,1267,self,7.096948792335611,3.522933938956878,0.2,0.5677086299813471,0.8040000000000005,1
42,27,107,545,722,1267,self,6.981055972299429,3.522933938956878,0.2,0.5677086299813471,0.5530000000000003,1
42,28,107,545,722,1267,self,7.442478638643831,3.522933938956878,0.2,0.5677086299813471,0.6380000000000003,1
42,29,107,545,722,1267,self,6.895734233517228,3.522933938956878,0.2,0.5677086299813471,0.5180000000000002,1
42,30,107,545,722,1267,stranger,0.8775833885094487,3.522933938956878,0.2,0.5677086299813471,0.3030000000000001,0
42,31,107,545,722,1267,stranger,1.1249811387545092,3.522933938956878,0.2,0.5677086299813471,1.8719999999999266,1
42,32,107,545,722,1267,self,7.720393859162158,3.522933938956878,0.2,0.5677086299813471,0.5230000000000002,1
42,33,107,545,722,1267,self,6.416806363382893,3.522933938956878,0.2,0.5677086299813471,0.6000000000000003,1
42,34,107,545,722,1267,stranger,0.5138019261721462,3.522933938956878,0.2,0.5677086299813471,0.8980000000000006,0
42,35,107,545,722,1267,stranger,2.1556212395100434,3.522933938956878,0.2,0.5677086299813471,1.2559999999999945,1
42,36,107,545,722,1267,stranger,1.1752635532351596,3.522933938956878,0.2,0.5677086299813471,1.2670000000000001,0
42,37,107,545,722,1267,self,7.056713695473969,3.522933938956878,0.2,0.5677086299813471,0.6080000000000003,1
42,38,107,545,722,1267,self,6.952883091742206,3.522933938956878,0.2,0.5677086299813471,0.6900000000000004,1
42,39,107,545,722,1267,stranger,1.0298897967636926,3.522933938956878,0.2,0.5677086299813471,2.1799999999998927,1
42,40,107,545,722,1267,self,6.730264679376754,3.522933938956878,0.2,0.5677086299813471,0.6040000000000003,1
42,41,107,545,722,1267,self,6.0739734947303825,3.522933938956878,0.2,0.5677086299813471,0.7650000000000003,1
42,42,107,545,722,1267,stranger,1.0159164054326313,3.522933938956878,0.2,0.5677086299813471,1.2670000000000001,0
42,43,107,545,722,1267,stranger,1.4014765795482305,3.522933938956878,0.2,0.5677086299813471,2.1639999999998945,1
42,44,107,545,722,1267,self,5.48749849408518,3.522933938956878,0.2,0.5677086299813471,0.5700000000000003,1
42,45,107,545,722,1267,stranger,0.8873581420351583,3.522933938956878,0.2,0.5677086299813471,1.2670000000000001,0
42,46,107,545,722,1267,stranger,0.14702578367061736,3.522933938956878,0.2,0.5677086299813471,1.2670000000000001,0
42,47,107,545,722,1267,stranger,0.4073517367842504,3.522933938956878,0.2,0.5677086299813471,1.2670000000000001,0
42,48,107,545,722,1267,stranger,1.3380907921016614,3.522933938956878,0.2,0.5677086299813471,1.4759999999999702,1
42,49,107,545,722,1267,stranger,0.8197890717805995,3.522933938956878,0.2,0.5677086299813471,1.2670000000000001,0
42,50,107,545,722,1267,self,4.389945464576034,3.522933938956878,0.2,0.5677086299813471,0.9610000000000005,1
42,51,107,545,722,1267,stranger,0.962514728045193,3.522933938956878,0.2,0.5677086299813471,1.2670000000000001,0
42,52,107,545,722,1267,self,6.435982060614955,3.522933938956878,0.2,0.5677086299813471,0.6510000000000004,1
42,53,107,545,722,1267,self,7.200682734661463,3.522933938956878,0.2,0.5677086299813471,0.7810000000000004,1
42,54,107,545,722,1267,self,6.4140579064986145,3.522933938956878,0.2,0.5677086299813471,0.5170000000000002,1
42,55,107,545,722,1267,self,6.38240233388234,3.522933938956878,0.2,0.5677086299813471,0.7010000000000003,1
42,56,107,545,722,1267,self,7.469588470584203,3.522933938956878,0.2,0.5677086299813471,0.5630000000000003,1
42,57,107,545,722,1267,self,6.46075354743794,3.522933938956878,0.2,0.5677086299813471,0.6610000000000004,1
42,58,107,545,722,1267,stranger,0.8141847231402654,3.522933938956878,0.2,0.5677086299813471,1.1910000000000007,1
42,59,107,545,722,1267,self,6.707943944791121,3.522933938956878,0.2,0.5677086299813471,0.7630000000000003,1
42,60,107,545,722,1267,self,6.883094322616639,3.522933938956878,0.2,0.5677086299813471,0.7000000000000004,1
43,1,56,534,248,782,stranger,1.18485705734856,3.5908559797357995,0.2,0.5569702631591344,1.8669999999999272,1
43,2,56,534,248,782,stranger,1.0060403388889139,3.5908559797357995,0.2,0.5569702631591344,0.42500000000000016,0
43,3,56,534,248,782,stranger,1.2518336424605698,3.5908559797357995,0.2,0.5569702631591344,0.782,0
43,4,56,534,248,782,self,6.11422679508884,3.5908559797357995,0.2,0.5569702631591344,0.7390000000000003,1
43,5,56,534,248,782,self,7.302432706064102,3.5908559797357995,0.2,0.5569702631591344,0.6100000000000003,1
43,6,56,534,248,782,stranger,1.3714092219381062,3.5908559797357995,0.2,0.5569702631591344,1.5069999999999668,1
43,7,56,534,248,782,self,7.305797099969019,3.5908559797357995,0.2,0.5569702631591344,0.6680000000000004,1
43,8,56,534,248,782,stranger,0.7906955462681511,3.5908559797357995,0.2,0.5569702631591344,1.8739999999999264,1
43,9,56,534,248,782,stranger,1.2913187877717553,3.5908559797357995,0.2,0.5569702631591344,0.3790000000000001,0
43,10,56,534,248,782,self,7.001537762774483,3.5908559797357995,0.2,0.5569702631591344,0.6570000000000004,1
43,11,56,534,248,782,stranger,0.9176107521253776,3.5908559797357995,0.2,0.5569702631591344,0.782,0
43,12,56,534,248,782,self,6.293750417232749,3.5908559797357995,0.2,0.5569702631591344,0.8360000000000005,1
43,13,56,534,248,782,self,6.684026039853142,3.5908559797357995,0.2,0.5569702631591344,0.7170000000000003,1
43,14,56,534,248,782,self,7.423130343623475,3.5908559797357995,0.2,0.5569702631591344,0.6070000000000003,1
43,15,56,534,248,782,self,6.444905190372859,3.5908559797357995,0.2,0.5569702631591344,0.5740000000000003,1
43,16,56,534,248,782,stranger,0.9159728398103679,3.5908559797357995,0.2,0.5569702631591344,0.782,0
43,17,56,534,248,782,self,6.516411377758942,3.5908559797357995,0.2,0.5569702631591344,0.8220000000000005,1
43,18,56,534,248,782,stranger,1.2274123845756544,3.5908559797357995,0.2,0.5569702631591344,1.8449999999999296,1
43,19,56,534,248,782,stranger,2.0396464628453463,3.5908559797357995,0.2,0.5569702631591344,1.422999999999976,1
43,20,56,534,248,782,stranger,0.3051345293047125,3.5908559797357995,0.2,0.5569702631591344,0.5210000000000002,0
43,21,56,534,248,782,self,6.60185646310377,3.5908559797357995,0.2,0.5569702631591344,0.7120000000000004,1
43,22,56,534,248,782,stranger,1.2607904989584597,3.5908559797357995,0.2,0.5569702631591344,0.3840000000000001,0
43,23,56,534,248,782,self,6.845087075345342,3.5908559797357995,0.2,0.5569702631591344,0.6610000000000004,1
43,24,56,534,248,782,self,6.8350037932158765,3.5908559797357995,0.2,0.5569702631591344,0.6360000000000003,1
43,25,56,534,248,782,self,6.501901079326213,3.5908559797357995,0.2,0.5569702631591344,0.6390000000000003,1
43,26,56,534,248,782,self,6.952165506052244,3.5908559797357995,0.2,0.5569702631591344,0.5900000000000003,1
43,27,56,534,248,782,self,7.231250004696481,3.5908559797357995,0.2,0.5569702631591344,0.7790000000000004,1
43,28,56,534,248,782,self,7.72097867022298,3.5908559797357995,0.2,0.5569702631591344,0.6480000000000004,1
43,29,56,534,248,782,stranger,2.0445757882297,3.5908559797357995,0.2,0.5569702631591344,0.782,0
43,30,56,534,248,782,self,6.735650405929366,3.5908559797357995,0.2,0.5569702631591344,0.6730000000000004,1
43,31,56,534,248,782,self,6.589743637447581,3.5908559797357995,0.2,0.5569702631591344,0.6780000000000004,1
43,32,56,534,248,782,self,7.405226427242592,3.5908559797357995,0.2,0.5569702631591344,0.6700000000000004,1
43,33,56,534,248,782,stranger,1.1150311785649591,3.5908559797357995,0.2,0.5569702631591344,0.3770000000000001,0
43,34,56,534,248,782,self,6.425276029236944,3.5908559797357995,0.2,0.5569702631591344,0.6990000000000004,1
43,35,56,534,248,782,stranger,1.0432658324561814,3.5908559797357995,0.2,0.5569702631591344,1.3369999999999855,1
43,36,56,534,248,782,self,6.624285378585187,3.5908559797357995,0.2,0.5569702631591344,0.5120000000000002,1
43,37,56,534,248,782,stranger,0.595921881998499,3.5908559797357995,0.2,0.5569702631591344,1.6349999999999527,1
43,38,56,534,248,782,stranger,1.4322453120004057,3.5908559797357995,0.2,0.5569702631591344,0.6250000000000003,0
43,39,56,534,248,782,self,6.45378675241764,3.5908559797357995,0.2,0.5569702631591344,0.6430000000000003,1
43,40,56,534,248,782,self,7.053173923288252,3.5908559797357995,0.2,0.5569702631591344,0.6130000000000003,1
43,41,56,534,248,782,stranger,1.1108375073889452,3.5908559797357995,0.2,0.5569702631591344,0.782,0
43,42,56,534,248,782,stranger,1.3542030803272234,3.5908559797357995,0.2,0.5569702631591344,0.782,0
43,43,56,534,248,782,self,7.07838108813428,3.5908559797357995,0.2,0.5569702631591344,0.5530000000000003,1
43,44,56,534,248,782,stranger,0.5361831251796974,3.5908559797357995,0.2,0.5569702631591344,2.0899999999999026,1
43,45,56,534,248,782,self,7.030590122730901,3.5908559797357995,0.2,0.5569702631591344,0.6470000000000004,1
43,46,56,534,248,782,self,6.723545333663848,3.5908559797357995,0.2,0.5569702631591344,0.6730000000000004,1
43,47,56,534,248,782,self,7.094049279739252,3.5908559797357995,0.2,0.5569702631591344,0.5220000000000002,1
43,48,56,534,248,782,self,6.678216673534637,3.5908559797357995,0.2,0.5569702631591344,0.8350000000000004,1
43,49,56,534,248,782,stranger,1.1675879278374666,3.5908559797357995,0.2,0.5569702631591344,0.782,0
43,50,56,534,248,782,stranger,1.5660922021437622,3.5908559797357995,0.2,0.5569702631591344,1.3539999999999837,1
43,51,56,534,248,782,self,6.778298022623446,3.5908559797357995,0.2,0.5569702631591344,0.5770000000000003,1
43,52,56,534,248,782,stranger,0.7762149264361105,3.5908559797357995,0.2,0.5569702631591344,0.782,0
43,53,56,534,248,782,stranger,0.40715381184175725,3.5908559797357995,0.2,0.5569702631591344,0.3390000000000001,0
43,54,56,534,248,782,stranger,1.2593558311252375,3.5908559797357995,0.2,0.5569702631591344,0.3850000000000001,0
43,55,56,534,248,782,stranger,1.276962162610146,3.5908559797357995,0.2,0.5569702631591344,1.794999999999935,1
43,56,56,534,248,782,stranger,0.9432516629332734,3.5908559797357995,0.2,0.5569702631591344,0.782,0
43,57,56,534,248,782,stranger,0.674966982635619,3.5908559797357995,0.2,0.5569702631591344,0.782,0
43,58,56,534,248,782,self,6.6268841405927725,3.5908559797357995,0.2,0.5569702631591344,0.7360000000000004,1
43,59,56,534,248,782,stranger,0.5794552912527882,3.5908559797357995,0.2,0.5569702631591344,0.782,0
43,60,56,534,248,782,stranger,1.1010084577115224,3.5908559797357995,0.2,0.5569702631591344,1.7429999999999408,1
44,1,134,493,1451,1944,self,6.900595415060967,3.5772493376113164,0.2,0.5590887889675272,0.6500000000000004,1
44,2,134,493,1451,1944,stranger,1.5599965978452164,3.5772493376113164,0.2,0.5590887889675272,0.3230000000000001,0
44,3,134,493,1451,1944,stranger,2.4626804687713753,3.5772493376113164,0.2,0.5590887889675272,1.3799999999999808,1
44,4,134,493,1451,1944,self,7.358542544126457,3.5772493376113164,0.2,0.5590887889675272,0.7140000000000004,1
44,5,134,493,1451,1944,self,7.267836611982929,3.5772493376113164,0.2,0.5590887889675272,0.6480000000000004,1
44,6,134,493,1451,1944,self,6.477082059430816,3.5772493376113164,0.2,0.5590887889675272,0.6980000000000004,1
44,7,134,493,1451,1944,stranger,1.40550793437516,3.5772493376113164,0.2,0.5590887889675272,1.8159999999999328,1
44,8,134,493,1451,1944,self,7.277027420107792,3.5772493376113164,0.2,0.5590887889675272,0.4440000000000002,1
44,9,134,493,1451,1944,self,7.638690839564205,3.5772493376113164,0.2,0.5590887889675272,0.5660000000000003,1
44,10,134,493,1451,1944,self,8.293725804146252,3.5772493376113164,0.2,0.5590887889675272,0.6580000000000004,1
44,11,134,493,1451,1944,stranger,1.3606451605961811,3.5772493376113164,0.2,0.5590887889675272,2.2109999999998897,1
44,12,134,493,1451,1944,stranger,1.6798906791225126,3.5772493376113164,0.2,0.5590887889675272,1.3529999999999838,1
44,13,134,493,1451,1944,self,7.123302421545707,3.5772493376113164,0.2,0.5590887889675272,0.6190000000000003,1
44,14,134,493,1451,1944,stranger,1.715794581592011,3.5772493376113164,0.2,0.5590887889675272,2.0459999999999074,1
44,15,134,493,1451,1944,stranger,1.755904691457103,3.5772493376113164,0.2,0.5590887889675272,1.685999999999947,1
44,16,134,493,1451,1944,stranger,1.5769122195893441,3.5772493376113164,0.2,0.5590887889675272,2.5499999999998524,1
44,17,134,493,1451,1944,self,7.303176639282663,3.5772493376113164,0.2,0.5590887889675272,0.6570000000000004,1
44,18,134,493,1451,1944,stranger,1.5845446222502324,3.5772493376113164,0.2,0.5590887889675272,1.944,0
44,19,134,493,1451,1944,stranger,1.446010888759989,3.5772493376113164,0.2,0.5590887889675272,1.2849999999999913,1
44,20,134,493,1451,1944,self,6.682108912257206,3.5772493376113164,0.2,0.5590887889675272,0.6720000000000004,1
44,21,134,493,1451,1944,self,7.042404906924243,3.5772493376113164,0.2,0.5590887889675272,0.6430000000000003,1
44,22,134,493,1451,1944,self,7.58533204352284,3.5772493376113164,0.2,0.5590887889675272,0.4980000000000002,1
44,23,134,493,1451,1944,self,6.907641177298172,3.5772493376113164,0.2,0.5590887889675272,0.6950000000000004,1
44,24,134,493,1451,1944,stranger,1.70174806465949,3.5772493376113164,0.2,0.5590887889675272,1.944,0
44,25,134,493,1451,1944,stranger,1.486353130178088,3.5772493376113164,0.2,0.5590887889675272,1.944,0
44,26,134,493,1451,1944,stranger,0.8485035506440036,3.5772493376113164,0.2,0.5590887889675272,1.944,0
44,27,134,493,1451,1944,stranger,0.5045261916843446,3.5772493376113164,0.2,0.5590887889675272,0.3380000000000001,0
44,28,134,493,1451,1944,self,7.844812517370871,3.5772493376113164,0.2,0.5590887889675272,0.6400000000000003,1
44,29,134,493,1451,1944,self,6.769134380293538,3.5772493376113164,0.2,0.5590887889675272,0.6120000000000003,1
44,30,134,493,1451,1944,self,7.95508079519578,3.5772493376113164,0.2,0.5590887889675272,0.5410000000000003,1
44,31,134,493,1451,1944,self,7.390888940259465,3.5772493376113164,0.2,0.5590887889675272,0.7550000000000003,1
44,32,134,493,1451,1944,stranger,0.7737838607862556,3.5772493376113164,0.2,0.5590887889675272,1.6439999999999517,1
44,33,134,493,1451,1944,stranger,0.9501502773895789,3.5772493376113164,0.2,0.5590887889675272,1.6359999999999526,1
44,34,134,493,1451,1944,stranger,1.5476891534219819,3.5772493376113164,0.2,0.5590887889675272,0.7550000000000003,0
44,35,134,493,1451,1944,stranger,1.7294546384465377,3.5772493376113164,0.2,0.5590887889675272,2.3039999999998795,1
44,36,134,493,1451,1944,self,7.793990127041207,3.5772493376113164,0.2,0.5590887889675272,0.5470000000000003,1
44,37,134,493,1451,1944,stranger,1.8616561980131463,3.5772493376113164,0.2,0.5590887889675272,1.9809999999999146,1
44,38,134,493,1451,1944,self,7.371471677653168,3.5772493376113164,0.2,0.5590887889675272,0.6390000000000003,1
44,39,134,493,1451,1944,self,6.936892692763335,3.5772493376113164,0.2,0.5590887889675272,0.6180000000000003,1
44,40,134,493,1451,1944,self,6.31162267741354,3.5772493376113164,0.2,0.5590887889675272,0.6070000000000003,1
44,41,134,493,1451,1944,stranger,2.365403969433606,3.5772493376113164,0.2,0.5590887889675272,1.7279999999999425,1
44,42,134,493,1451,1944,stranger,0.8211486479169026,3.5772493376113164,0.2,0.5590887889675272,1.8879999999999248,0
44,43,134,493,1451,1944,stranger,1.6968353263723972,3.5772493376113164,0.2,0.5590887889675272,2.042999999999908,1
44,44,134,493,1451,1944,stranger,2.1616065958307784,3.5772493376113164,0.2,0.5590887889675272,1.1990000000000007,1
44,45,134,493,1451,1944,self,6.646371067723452,3.5772493376113164,0.2,0.5590887889675272,0.7240000000000004,1
44,46,134,493,1451,1944,self,7.212974468035284,3.5772493376113164,0.2,0.5590887889675272,0.6850000000000004,1
44,47,134,493,1451,1944,stranger,1.432184272003683,3.5772493376113164,0.2,0.5590887889675272,1.944,0
44,48,134,493,1451,1944,self,7.16421531668268,3.5772493376113164,0.2,0.5590887889675272,0.8040000000000005,1
44,49,134,493,1451,1944,self,7.013069287104996,3.5772493376113164,0.2,0.5590887889675272,0.5270000000000002,1
44,50,134,493,1451,1944,stranger,1.0412059956166035,3.5772493376113164,0.2,0.5590887889675272,1.944,0
44,51,134,493,1451,1944,stranger,2.612525998227793,3.5772493376113164,0.2,0.5590887889675272,1.3189999999999875,1
44,52,134,493,1451,1944,self,8.45180971392322,3.5772493376113164,0.2,0.5590887889675272,0.6590000000000004,1
44,53,134,493,1451,1944,self,7.422618835811878,3.5772493376113164,0.2,0.5590887889675272,0.6040000000000003,1
44,54,134,493,1451,1944,stranger,1.0128188186043348,3.5772493376113164,0.2,0.5590887889675272,1.7889999999999358,0
44,55,134,493,1451,1944,self,7.6618308936892054,3.5772493376113164,0.2,0.5590887889675272,0.5830000000000003,1
44,56,134,493,1451,1944,self,7.344230208892582,3.5772493376113164,0.2,0.5590887889675272,0.4870000000000002,1
44,57,134,493,1451,1944,stranger,0.7377467151905865,3.5772493376113164,0.2,0.5590887889675272,1.944,0
44,58,134,493,1451,1944,self,7.438728258475289,3.5772493376113164,0.2,0.5590887889675272,0.5630000000000003,1
44,59,134,493,1451,1944,stranger,0.8976054853336538,3.5772493376113164,0.2,0.5590887889675272,1.944,0
44,60,134,493,1451,1944,stranger,2.2397112534725405,3.5772493376113164,0.2,0.5590887889675272,2.2849999999998816,1
45,1,25,498,204,702,stranger,0.9440010390702154,2.6249007369112696,0.2,0.7619335740495115,0.3790000000000001,0
45,2,25,498,204,702,stranger,0.8409964698462824,2.6249007369112696,0.2,0.7619335740495115,2.1199999999998993,1
45,3,25,498,204,702,self,4.951860769812157,2.6249007369112696,0.2,0.7619335740495115,0.4530000000000002,1
45,4,25,498,204,702,self,5.664139592425319,2.6249007369112696,0.2,0.7619335740495115,0.5960000000000003,1
45,5,25,498,204,702,self,6.022769187571609,2.6249007369112696,0.2,0.7619335740495115,0.6500000000000004,1
45,6,25,498,204,702,stranger,1.5695958810644062,2.6249007369112696,0.2,0.7619335740495115,1.0590000000000006,1
45,7,25,498,204,702,stranger,0.9607073535204131,2.6249007369112696,0.2,0.7619335740495115,0.7020000000000001,0
45,8,25,498,204,702,stranger,0.8946099682884542,2.6249007369112696,0.2,0.7619335740495115,1.7839999999999363,1
45,9,25,498,204,702,self,6.76458939844298,2.6249007369112696,0.2,0.7619335740495115,0.40400000000000014,1
45,10,25,498,204,702,stranger,1.3831714495891794,2.6249007369112696,0.2,0.7619335740495115,1.1400000000000008,1
45,11,25,498,204,702,stranger,0.9968925378609562,2.6249007369112696,0.2,0.7619335740495115,0.8580000000000005,1
45,12,25,498,204,702,stranger,0.5646400653516005,2.6249007369112696,0.2,0.7619335740495115,1.1190000000000007,0
45,13,25,498,204,702,self,6.441502124687448,2.6249007369112696,0.2,0.7619335740495115,0.5980000000000003,1
45,14,25,498,204,702,stranger,2.047136824211338,2.6249007369112696,0.2,0.7619335740495115,0.8480000000000005,1
45,15,25,498,204,702,self,5.01673325875318,2.6249007369112696,0.2,0.7619335740495115,0.5980000000000003,1
45,16,25,498,204,702,self,5.803350300388274,2.6249007369112696,0.2,0.7619335740495115,0.6020000000000003,1
45,17,25,498,204,702,self,5.793819238511545,2.6249007369112696,0.2,0.7619335740495115,0.5560000000000003,1
45,18,25,498,204,702,stranger,1.3914207086480284,2.6249007369112696,0.2,0.7619335740495115,1.7349999999999417,1
45,19,25,498,204,702,stranger,1.4957890025416942,2.6249007369112696,0.2,0.7619335740495115,1.2309999999999972,1
45,20,25,498,204,702,self,4.989676105463159,2.6249007369112696,0.2,0.7619335740495115,0.5870000000000003,1
45,21,25,498,204,702,stranger,1.8400066743734267,2.6249007369112696,0.2,0.7619335740495115,1.0860000000000007,1
45,22,25,498,204,702,stranger,1.6918485228725701,2.6249007369112696,0.2,0.7619335740495115,1.8659999999999273,1
45,23,25,498,204,702,self,5.707862275977958,2.6249007369112696,0.2,0.7619335740495115,0.5910000000000003,1
45,24,25,498,204,702,self,4.796602039939837,2.6249007369112696,0.2,0.7619335740495115,0.4850000000000002,1
45,25,25,498,204,702,self,6.110273024294932,2.6249007369112696,0.2,0.7619335740495115,0.6430000000000003,1
45,26,25,498,204,702,self,6.1968230263701,2.6249007369112696,0.2,0.7619335740495115,0.4520000000000002,1
45,27,25,498,204,702,stranger,1.0454175878339664,2.6249007369112696,0.2,0.7619335740495115,0.3060000000000001,0
45,28,25,498,204,702,stranger,1.0626787143574492,2.6249007369112696,0.2,0.7619335740495115,1.2919999999999905,1
45,29,25,498,204,702,stranger,1.6457026662393202,2.6249007369112696,0.2,0.7619335740495115,0.7720000000000005,1
45,30,25,498,204,702,self,5.006600231458579,2.6249007369112696,0.2,0.7619335740495115,0.5000000000000002,1
45,31,25,498,204,702,self,5.475786821603222,2.6249007369112696,0.2,0.7619335740495115,0.4660000000000002,1
45,32,25,498,204,702,self,6.651163723379501,2.6249007369112696,0.2,0.7619335740495115,0.5810000000000003,1
45,33,25,498,204,702,stranger,1.6413844242898705,2.6249007369112696,0.2,0.7619335740495115,0.8800000000000006,1
45,34,25,498,204,702,stranger,1.5029949449760378,2.6249007369112696,0.2,0.7619335740495115,1.8399999999999301,1
45,35,25,498,204,702,self,5.603924605878069,2.6249007369112696,0.2,0.7619335740495115,0.7960000000000005,1
45,36,25,498,204,702,self,6.250854956699887,2.6249007369112696,0.2,0.7619335740495115,0.4530000000000002,1
45,37,25,498,204,702,stranger,2.2117733005994014,2.6249007369112696,0.2,0.7619335740495115,0.5770000000000003,1
45,38,25,498,204,702,self,6.084915796930832,2.6249007369112696,0.2,0.7619335740495115,0.3750000000000001,1
45,39,25,498,204,702,self,6.126001692904478,2.6249007369112696,0.2,0.7619335740495115,0.5000000000000002,1
45,40,25,498,204,702,self,5.8706372536222995,2.6249007369112696,0.2,0.7619335740495115,0.3890000000000001,1
45,41,25,498,204,702,self,6.032703621142463,2.6249007369112696,0.2,0.7619335740495115,0.4450000000000002,1
45,42,25,498,204,702,self,5.667042007430119,2.6249007369112696,0.2,0.7619335740495115,0.5630000000000003,1
45,43,25,498,204,702,stranger,0.9831781830095474,2.6249007369112696,0.2,0.7619335740495115,1.5219999999999652,0
45,44,25,498,204,702,self,6.761392673115293,2.6249007369112696,0.2,0.7619335740495115,0.6690000000000004,1
45,45,25,498,204,702,self,5.531990856391683,2.6249007369112696,0.2,0.7619335740495115,0.5220000000000002,1
45,46,25,498,204,702,stranger,1.4187432593846754,2.6249007369112696,0.2,0.7619335740495115,1.9109999999999223,1
45,47,25,498,204,702,self,5.617162864489915,2.6249007369112696,0.2,0.7619335740495115,0.4600000000000002,1
45,48,25,498,204,702,stranger,1.7798078560934123,2.6249007369112696,0.2,0.7619335740495115,1.5889999999999578,1
45,49,25,498,204,702,self,6.0455951811021365,2.6249007369112696,0.2,0.7619335740495115,0.3870000000000001,1
45,50,25,498,204,702,stranger,1.747591036206524,2.6249007369112696,0.2,0.7619335740495115,1.6559999999999504,1
45,51,25,498,204,702,self,6.443461429340783,2.6249007369112696,0.2,0.7619335740495115,0.6460000000000004,1
45,52,25,498,204,702,stranger,-0.014258809402330597,2.6249007369112696,0.2,0.7619335740495115,2.1729999999998935,1
45,53,25,498,204,702,stranger,1.616083122597228,2.6249007369112696,0.2,0.7619335740495115,0.7020000000000001,0
45,54,25,498,204,702,stranger,2.0207935940091715,2.6249007369112696,0.2,0.7619335740495115,2.0929999999999023,1
45,55,25,498,204,702,stranger,1.906695063210972,2.6249007369112696,0.2,0.7619335740495115,1.6019999999999563,1
45,56,25,498,204,702,stranger,2.1192882965387545,2.6249007369112696,0.2,0.7619335740495115,0.9520000000000006,1
45,57,25,498,204,702,self,5.9912216796031545,2.6249007369112696,0.2,0.7619335740495115,0.5090000000000002,1
45,58,25,498,204,702,stranger,1.1273255303146987,2.6249007369112696,0.2,0.7619335740495115,1.2189999999999985,1
45,59,25,498,204,702,stranger,1.148354716022527,2.6249007369112696,0.2,0.7619335740495115,0.6030000000000003,0
45,60,25,498,204,702,self,4.915002342312845,2.6249007369112696,0.2,0.7619335740495115,0.5190000000000002,1
46,1,101,320,1085,1405,stranger,2.029904562836865,2.9255415220693775,0.2,0.6836341186452561,0.7940000000000005,1
46,2,101,320,1085,1405,stranger,1.3138888823660684,2.9255415220693775,0.2,0.6836341186452561,0.6780000000000004,1
46,3,101,320,1085,1405,stranger,2.530563504416805,2.9255415220693775,0.2,0.6836341186452561,1.2259999999999978,1
46,4,101,320,1085,1405,self,6.99273870293697,2.9255415220693775,0.2,0.6836341186452561,0.4770000000000002,1
46,5,101,320,1085,1405,stranger,1.9867257453679033,2.9255415220693775,0.2,0.6836341186452561,0.7950000000000004,1
46,6,101,320,1085,1405,self,6.765528497459979,2.9255415220693775,0.2,0.6836341186452561,0.43300000000000016,1
46,7,101,320,1085,1405,self,6.342484471479952,2.9255415220693775,0.2,0.6836341186452561,0.6220000000000003,1
46,8,101,320,1085,1405,stranger,2.160827674157904,2.9255415220693775,0.2,0.6836341186452561,1.232999999999997,1
46,9,101,320,1085,1405,self,6.642275620320053,2.9255415220693775,0.2,0.6836341186452561,0.4770000000000002,1
46,10,101,320,1085,1405,self,7.3017842516616485,2.9255415220693775,0.2,0.6836341186452561,0.6300000000000003,1
46,11,101,320,1085,1405,stranger,1.1586496752361066,2.9255415220693775,0.2,0.6836341186452561,1.1940000000000008,1
46,12,101,320,1085,1405,stranger,2.0651165937315126,2.9255415220693775,0.2,0.6836341186452561,0.7480000000000004,1
46,13,101,320,1085,1405,self,6.74077720033861,2.9255415220693775,0.2,0.6836341186452561,0.4890000000000002,1
46,14,101,320,1085,1405,stranger,1.3150628392372206,2.9255415220693775,0.2,0.6836341186452561,1.1500000000000008,1
46,15,101,320,1085,1405,stranger,1.2673392124723077,2.9255415220693775,0.2,0.6836341186452561,1.2659999999999934,1
46,16,101,320,1085,1405,stranger,2.6488407206876734,2.9255415220693775,0.2,0.6836341186452561,1.2379999999999964,1
46,17,101,320,1085,1405,stranger,1.6058880102952398,2.9255415220693775,0.2,0.6836341186452561,1.405,0
46,18,101,320,1085,1405,stranger,2.753477946183265,2.9255415220693775,0.2,0.6836341186452561,0.7790000000000004,1
46,19,101,320,1085,1405,self,6.863662060478609,2.9255415220693775,0.2,0.6836341186452561,0.5930000000000003,1
46,20,101,320,1085,1405,stranger,1.7546017067623259,2.9255415220693775,0.2,0.6836341186452561,1.8269999999999316,1
46,21,101,320,1085,1405,stranger,1.8736770389878485,2.9255415220693775,0.2,0.6836341186452561,0.3590000000000001,0
46,22,101,320,1085,1405,self,7.107795019919403,2.9255415220693775,0.2,0.6836341186452561,0.43500000000000016,1
46,23,101,320,1085,1405,self,7.003861888600886,2.9255415220693775,0.2,0.6836341186452561,0.5320000000000003,1
46,24,101,320,1085,1405,self,7.1436031705375935,2.9255415220693775,0.2,0.6836341186452561,0.6280000000000003,1
46,25,101,320,1085,1405,self,7.494553583139462,2.9255415220693775,0.2,0.6836341186452561,0.6500000000000004,1
46,26,101,320,1085,1405,stranger,1.8282692212295035,2.9255415220693775,0.2,0.6836341186452561,1.0780000000000007,1
46,27,101,320,1085,1405,stranger,2.4644358922489507,2.9255415220693775,0.2,0.6836341186452561,0.7980000000000005,1
46,28,101,320,1085,1405,self,6.866143927128846,2.9255415220693775,0.2,0.6836341186452561,0.6490000000000004,1
46,29,101,320,1085,1405,self,6.242363500154307,2.9255415220693775,0.2,0.6836341186452561,0.4730000000000002,1
46,30,101,320,1085,1405,self,5.937903028487019,2.9255415220693775,0.2,0.6836341186452561,0.4930000000000002,1
46,31,101,320,1085,1405,self,6.627933947261876,2.9255415220693775,0.2,0.6836341186452561,0.41000000000000014,1
46,32,101,320,1085,1405,stranger,2.5713156145962404,2.9255415220693775,0.2,0.6836341186452561,1.0920000000000007,1
46,33,101,320,1085,1405,stranger,1.610061162129532,2.9255415220693775,0.2,0.6836341186452561,1.0000000000000007,1
46,34,101,320,1085,1405,self,6.222694991538717,2.9255415220693775,0.2,0.6836341186452561,0.5220000000000002,1
46,35,101,320,1085,1405,self,6.520109204489248,2.9255415220693775,0.2,0.6836341186452561,0.5540000000000003,1
46,36,101,320,1085,1405,self,7.552702829839105,2.9255415220693775,0.2,0.6836341186452561,0.5960000000000003,1
46,37,101,320,1085,1405,stranger,1.0085034096391337,2.9255415220693775,0.2,0.6836341186452561,1.6379999999999524,1
46,38,101,320,1085,1405,self,7.148815154220914,2.9255415220693775,0.2,0.6836341186452561,0.4930000000000002,1
46,39,101,320,1085,1405,stranger,1.2785875663751962,2.9255415220693775,0.2,0.6836341186452561,1.6259999999999537,1
46,40,101,320,1085,1405,stranger,1.5926213190883314,2.9255415220693775,0.2,0.6836341186452561,1.4939999999999682,1
46,41,101,320,1085,1405,stranger,1.311226192608615,2.9255415220693775,0.2,0.6836341186452561,0.9590000000000005,1
46,42,101,320,1085,1405,self,7.389293822901928,2.9255415220693775,0.2,0.6836341186452561,0.5050000000000002,1
46,43,101,320,1085,1405,stranger,2.2306643789572886,2.9255415220693775,0.2,0.6836341186452561,1.3999999999999786,1
46,44,101,320,1085,1405,stranger,2.2279760372080575,2.9255415220693775,0.2,0.6836341186452561,2.0809999999999036,1
46,45,101,320,1085,1405,self,7.2216621161289,2.9255415220693775,0.2,0.6836341186452561,0.6720000000000004,1
46,46,101,320,1085,1405,self,6.860981204237502,2.9255415220693775,0.2,0.6836341186452561,0.5140000000000002,1
46,47,101,320,1085,1405,stranger,1.7417336037780664,2.9255415220693775,0.2,0.6836341186452561,1.8019999999999343,1
46,48,101,320,1085,1405,self,7.0720331326230275,2.9255415220693775,0.2,0.6836341186452561,0.4900000000000002,1
46,49,101,320,1085,1405,self,6.593255977793601,2.9255415220693775,0.2,0.6836341186452561,0.5330000000000003,1
46,50,101,320,1085,1405,stranger,1.3055333111031608,2.9255415220693775,0.2,0.6836341186452561,1.405,0
46,51,101,320,1085,1405,stranger,2.321816528773041,2.9255415220693775,0.2,0.6836341186452561,0.6730000000000004,1
46,52,101,320,1085,1405,self,6.025902717182722,2.9255415220693775,0.2,0.6836341186452561,0.5750000000000003,1
46,53,101,320,1085,1405,stranger,2.8139028214953714,2.9255415220693775,0.2,0.6836341186452561,0.8080000000000005,1
46,54,101,320,1085,1405,self,6.52634432232611,2.9255415220693775,0.2,0.6836341186452561,0.5430000000000003,1
46,55,101,320,1085,1405,stranger,2.823664964511551,2.9255415220693775,0.2,0.6836341186452561,0.5770000000000003,1
46,56,101,320,1085,1405,stranger,1.545298889818412,2.9255415220693775,0.2,0.6836341186452561,1.803999999999934,1
46,57,101,320,1085,1405,self,6.612012567757216,2.9255415220693775,0.2,0.6836341186452561,0.6130000000000003,1
46,58,101,320,1085,1405,self,7.162009706352108,2.9255415220693775,0.2,0.6836341186452561,0.3480000000000001,1
46,59,101,320,1085,1405,self,6.976986529496752,2.9255415220693775,0.2,0.6836341186452561,0.4490000000000002,1
46,60,101,320,1085,1405,self,7.01928472641501,2.9255415220693775,0.2,0.6836341186452561,0.5150000000000002,1
47,1,66,336,1179,1515,stranger,1.5335147819769719,3.2054097357899676,0.2,0.6239451941725334,1.777999999999937,1
47,2,66,336,1179,1515,stranger,1.4482330067440852,3.2054097357899676,0.2,0.6239451941725334,1.5150000000000001,0
47,3,66,336,1179,1515,stranger,2.160748098749586,3.2054097357899676,0.2,0.6239451941725334,1.3099999999999885,1
47,4,66,336,1179,1515,self,6.134293634892337,3.2054097357899676,0.2,0.6239451941725334,0.5670000000000003,1
47,5,66,336,1179,1515,stranger,1.684116053772811,3.2054097357899676,0.2,0.6239451941725334,2.0199999999999103,1
47,6,66,336,1179,1515,self,7.4570886636199285,3.2054097357899676,0.2,0.6239451941725334,0.5060000000000002,1
47,7,66,336,1179,1515,stranger,1.4545980066558,3.2054097357899676,0.2,0.6239451941725334,1.5150000000000001,0
47,8,66,336,1179,1515,stranger,2.765436237299344,3.2054097357899676,0.2,0.6239451941725334,1.2469999999999954,1
47,9,66,336,1179,1515,stranger,1.6498898695003676,3.2054097357899676,0.2,0.6239451941725334,1.5799999999999588,1
47,10,66,336,1179,1515,self,7.010816902111924,3.2054097357899676,0.2,0.6239451941725334,0.5490000000000003,1
47,11,66,336,1179,1515,stranger,1.915777455838038,3.2054097357899676,0.2,0.6239451941725334,1.0780000000000007,1
47,12,66,336,1179,1515,self,6.466525878907647,3.2054097357899676,0.2,0.6239451941725334,0.7340000000000004,1
47,13,66,336,1179,1515,stranger,2.2024941608806836,3.2054097357899676,0.2,0.6239451941725334,2.030999999999909,1
47,14,66,336,1179,1515,self,7.06202000327431,3.2054097357899676,0.2,0.6239451941725334,0.6420000000000003,1
47,15,66,336,1179,1515,stranger,1.6390148146943437,3.2054097357899676,0.2,0.6239451941725334,1.5150000000000001,0
47,16,66,336,1179,1515,self,6.287319088519387,3.2054097357899676,0.2,0.6239451941725334,0.5740000000000003,1
47,17,66,336,1179,1515,self,6.935808885032929,3.2054097357899676,0.2,0.6239451941725334,0.5410000000000003,1
47,18,66,336,1179,1515,stranger,1.6040729488100316,3.2054097357899676,0.2,0.6239451941725334,1.2469999999999954,1
47,19,66,336,1179,1515,stranger,0.9836553488182825,3.2054097357899676,0.2,0.6239451941725334,0.6900000000000004,0
47,20,66,336,1179,1515,self,6.8518411711266145,3.2054097357899676,0.2,0.6239451941725334,0.6650000000000004,1
47,21,66,336,1179,1515,self,6.44033590952218,3.2054097357899676,0.2,0.6239451941725334,0.5110000000000002,1
47,22,66,336,1179,1515,self,6.300721519346825,3.2054097357899676,0.2,0.6239451941725334,0.6540000000000004,1
47,23,66,336,1179,1515,self,7.628649407057629,3.2054097357899676,0.2,0.6239451941725334,0.5820000000000003,1
47,24,66,336,1179,1515,stranger,1.367592534136757,3.2054097357899676,0.2,0.6239451941725334,1.959999999999917,1
47,25,66,336,1179,1515,stranger,1.8487355385809852,3.2054097357899676,0.2,0.6239451941725334,1.1340000000000008,1
47,26,66,336,1179,1515,stranger,2.0673858869296016,3.2054097357899676,0.2,0.6239451941725334,1.332999999999986,1
47,27,66,336,1179,1515,stranger,1.4561359289917022,3.2054097357899676,0.2,0.6239451941725334,2.0539999999999066,1
47,28,66,336,1179,1515,self,5.906772420996966,3.2054097357899676,0.2,0.6239451941725334,0.6190000000000003,1
47,29,66,336,1179,1515,self,6.99527725181914,3.2054097357899676,0.2,0.6239451941725334,0.4880000000000002,1
47,30,66,336,1179,1515,self,8.067395883850972,3.2054097357899676,0.2,0.6239451941725334,0.4870000000000002,1
47,31,66,336,1179,1515,self,6.961768282880565,3.2054097357899676,0.2,0.6239451941725334,0.5520000000000003,1
47,32,66,336,1179,1515,self,6.702519125453533,3.2054097357899676,0.2,0.6239451941725334,0.5640000000000003,1
47,33,66,336,1179,1515,stranger,1.7623062149067523,3.2054097357899676,0.2,0.6239451941725334,1.8519999999999288,1
47,34,66,336,1179,1515,stranger,1.5468041551307816,3.2054097357899676,0.2,0.6239451941725334,0.8360000000000005,0
47,35,66,336,1179,1515,self,7.4101048587589355,3.2054097357899676,0.2,0.6239451941725334,0.43400000000000016,1
47,36,66,336,1179,1515,self,7.54647664324509,3.2054097357899676,0.2,0.6239451941725334,0.5330000000000003,1
47,37,66,336,1179,1515,self,5.888649330752086,3.2054097357899676,0.2,0.6239451941725334,0.6440000000000003,1
47,38,66,336,1179,1515,self,7.309246745740126,3.2054097357899676,0.2,0.6239451941725334,0.5310000000000002,1
47,39,66,336,1179,1515,stranger,1.6867720508443937,3.2054097357899676,0.2,0.6239451941725334,1.277999999999992,1
47,40,66,336,1179,1515,stranger,1.0346252112242762,3.2054097357899676,0.2,0.6239451941725334,0.8810000000000004,1
47,41,66,336,1179,1515,stranger,2.1557770170599726,3.2054097357899676,0.2,0.6239451941725334,1.5559999999999614,1
47,42,66,336,1179,1515,self,6.931601005770866,3.2054097357899676,0.2,0.6239451941725334,0.8120000000000005,1
47,43,66,336,1179,1515,self,6.417396249343925,3.2054097357899676,0.2,0.6239451941725334,0.8720000000000006,1
47,44,66,336,1179,1515,stranger,2.1101964591927542,3.2054097357899676,0.2,0.6239451941725334,1.359999999999983,1
47,45,66,336,1179,1515,stranger,2.0373020502071486,3.2054097357899676,0.2,0.6239451941725334,0.8210000000000004,1
47,46,66,336,1179,1515,stranger,2.620608921490928,3.2054097357899676,0.2,0.6239451941725334,1.0040000000000007,1
47,47,66,336,1179,1515,self,6.171991045730739,3.2054097357899676,0.2,0.6239451941725334,0.6890000000000004,1
47,48,66,336,1179,1515,stranger,0.20376099198545009,3.2054097357899676,0.2,0.6239451941725334,0.3050000000000001,0
47,49,66,336,1179,1515,self,6.960090955857804,3.2054097357899676,0.2,0.6239451941725334,0.5110000000000002,1
47,50,66,336,1179,1515,self,5.560524854587858,3.2054097357899676,0.2,0.6239451941725334,0.6040000000000003,1
47,51,66,336,1179,1515,self,7.138508143381992,3.2054097357899676,0.2,0.6239451941725334,0.6810000000000004,1
47,52,66,336,1179,1515,self,6.830665029371867,3.2054097357899676,0.2,0.6239451941725334,0.6280000000000003,1
47,53,66,336,1179,1515,self,6.736468324232175,3.2054097357899676,0.2,0.6239451941725334,0.7300000000000004,1
47,54,66,336,1179,1515,stranger,1.8101116640886945,3.2054097357899676,0.2,0.6239451941725334,1.5929999999999573,1
47,55,66,336,1179,1515,stranger,2.093738641693632,3.2054097357899676,0.2,0.6239451941725334,1.1550000000000007,1
47,56,66,336,1179,1515,stranger,2.011542909423869,3.2054097357899676,0.2,0.6239451941725334,1.5150000000000001,0
47,57,66,336,1179,1515,stranger,1.5456739816373566,3.2054097357899676,0.2,0.6239451941725334,0.5010000000000002,0
47,58,66,336,1179,1515,self,6.8045421795631995,3.2054097357899676,0.2,0.6239451941725334,0.6140000000000003,1
47,59,66,336,1179,1515,stranger,1.01622115722047,3.2054097357899676,0.2,0.6239451941725334,2.1259999999998986,1
47,60,66,336,1179,1515,self,7.311206823906583,3.2054097357899676,0.2,0.6239451941725334,0.7460000000000004,1
48,1,111,562,1370,1932,self,8.047847585225888,3.846124961506061,0.2,0.5200039052337089,0.6360000000000003,1
48,2,111,562,1370,1932,stranger,1.464790093189765,3.846124961506061,0.2,0.5200039052337089,1.4769999999999701,1
48,3,111,562,1370,1932,self,7.442548588707744,3.846124961506061,0.2,0.5200039052337089,0.5220000000000002,1
48,4,111,562,1370,1932,self,7.992086823663841,3.846124961506061,0.2,0.5200039052337089,0.5590000000000003,1
48,5,111,562,1370,1932,self,7.15024141931715,3.846124961506061,0.2,0.5200039052337089,0.4740000000000002,1
48,6,111,562,1370,1932,self,7.445032417399974,3.846124961506061,0.2,0.5200039052337089,0.7050000000000003,1
48,7,111,562,1370,1932,self,7.523166213414797,3.846124961506061,0.2,0.5200039052337089,0.4950000000000002,1
48,8,111,562,1370,1932,stranger,2.411274029190512,3.846124961506061,0.2,0.5200039052337089,1.3469999999999844,1
48,9,111,562,1370,1932,stranger,2.520453542968278,3.846124961506061,0.2,0.5200039052337089,1.895999999999924,1
48,10,111,562,1370,1932,stranger,1.9084853890522269,3.846124961506061,0.2,0.5200039052337089,1.8169999999999327,1
48,11,111,562,1370,1932,self,7.810311252683465,3.846124961506061,0.2,0.5200039052337089,0.6510000000000004,1
48,12,111,562,1370,1932,self,6.964151660849896,3.846124961506061,0.2,0.5200039052337089,0.6820000000000004,1
48,13,111,562,1370,1932,self,7.612558374167147,3.846124961506061,0.2,0.5200039052337089,0.5720000000000003,1
48,14,111,562,1370,1932,self,7.472899650920115,3.846124961506061,0.2,0.5200039052337089,0.5780000000000003,1
48,15,111,562,1370,1932,self,7.354784177590373,3.846124961506061,0.2,0.5200039052337089,0.6610000000000004,1
48,16,111,562,1370,1932,stranger,1.935540884416505,3.846124961506061,0.2,0.5200039052337089,1.4949999999999681,1
48,17,111,562,1370,1932,stranger,1.4605105702876178,3.846124961506061,0.2,0.5200039052337089,1.2429999999999959,1
48,18,111,562,1370,1932,stranger,1.4291800533742756,3.846124961506061,0.2,0.5200039052337089,0.2890000000000001,0
48,19,111,562,1370,1932,stranger,2.701162913399985,3.846124961506061,0.2,0.5200039052337089,1.0360000000000007,1
48,20,111,562,1370,1932,stranger,1.7462873563997192,3.846124961506061,0.2,0.5200039052337089,1.2119999999999993,1
48,21,111,562,1370,1932,self,8.193133816770155,3.846124961506061,0.2,0.5200039052337089,0.6990000000000004,1
48,22,111,562,1370,1932,self,8.335683098247495,3.846124961506061,0.2,0.5200039052337089,0.4630000000000002,1
48,23,111,562,1370,1932,self,7.655118762601234,3.846124961506061,0.2,0.5200039052337089,0.6590000000000004,1
48,24,111,562,1370,1932,stranger,2.014301366311718,3.846124961506061,0.2,0.5200039052337089,1.0640000000000007,1
48,25,111,562,1370,1932,self,7.602118727094351,3.846124961506061,0.2,0.5200039052337089,0.6130000000000003,1
48,26,111,562,1370,1932,self,6.948612069372743,3.846124961506061,0.2,0.5200039052337089,0.8980000000000006,1
48,27,111,562,1370,1932,stranger,2.55402766142654,3.846124961506061,0.2,0.5200039052337089,0.9830000000000005,1
48,28,111,562,1370,1932,self,7.655969839056472,3.846124961506061,0.2,0.5200039052337089,0.6620000000000004,1
48,29,111,562,1370,1932,self,7.391786285756884,3.846124961506061,0.2,0.5200039052337089,0.8760000000000006,1
48,30,111,562,1370,1932,stranger,2.5979669961040037,3.846124961506061,0.2,0.5200039052337089,1.585999999999958,1
48,31,111,562,1370,1932,self,7.414902936257191,3.846124961506061,0.2,0.5200039052337089,0.6610000000000004,1
48,32,111,562,1370,1932,self,7.3801396432953155,3.846124961506061,0.2,0.5200039052337089,0.6260000000000003,1
48,33,111,562,1370,1932,stranger,2.0615756439309334,3.846124961506061,0.2,0.5200039052337089,1.8089999999999336,1
48,34,111,562,1370,1932,self,7.990381608082938,3.846124961506061,0.2,0.5200039052337089,0.4920000000000002,1
48,35,111,562,1370,1932,stranger,1.3412566087638116,3.846124961506061,0.2,0.5200039052337089,2.200999999999891,1
48,36,111,562,1370,1932,self,8.221598368337686,3.846124961506061,0.2,0.5200039052337089,0.7950000000000004,1
48,37,111,562,1370,1932,stranger,1.3967553060747198,3.846124961506061,0.2,0.5200039052337089,1.0670000000000006,1
48,38,111,562,1370,1932,stranger,2.1500035340891555,3.846124961506061,0.2,0.5200039052337089,0.6680000000000004,0
48,39,111,562,1370,1932,stranger,2.432932974030979,3.846124961506061,0.2,0.5200039052337089,1.1660000000000008,1
48,40,111,562,1370,1932,stranger,1.44976975153667,3.846124961506061,0.2,0.5200039052337089,1.932,0
48,41,111,562,1370,1932,stranger,2.5077228743095272,3.846124961506061,0.2,0.5200039052337089,0.5580000000000003,0
48,42,111,562,1370,1932,self,7.536164638933029,3.846124961506061,0.2,0.5200039052337089,0.7360000000000004,1
48,43,111,562,1370,1932,stranger,1.8412508542505566,3.846124961506061,0.2,0.5200039052337089,1.3719999999999817,1
48,44,111,562,1370,1932,stranger,1.592231944106075,3.846124961506061,0.2,0.5200039052337089,1.776999999999937,1
48,45,111,562,1370,1932,stranger,1.413462479772238,3.846124961506061,0.2,0.5200039052337089,1.5919999999999574,1
48,46,111,562,1370,1932,stranger,1.7197579525713744,3.846124961506061,0.2,0.5200039052337089,1.932,0
48,47,111,562,1370,1932,self,7.581826684787588,3.846124961506061,0.2,0.5200039052337089,0.5090000000000002,1
48,48,111,562,1370,1932,stranger,1.8456579626257117,3.846124961506061,0.2,0.5200039052337089,1.8189999999999324,1
48,49,111,562,1370,1932,self,7.370392785997379,3.846124961506061,0.2,0.5200039052337089,0.8190000000000004,1
48,50,111,562,1370,1932,self,8.307023316857164,3.846124961506061,0.2,0.5200039052337089,0.5600000000000003,1
48,51,111,562,1370,1932,stranger,1.046584078338916,3.846124961506061,0.2,0.5200039052337089,1.5659999999999603,1
48,52,111,562,1370,1932,stranger,2.1698367328051447,3.846124961506061,0.2,0.5200039052337089,1.2399999999999962,1
48,53,111,562,1370,1932,self,7.973070429430301,3.846124961506061,0.2,0.5200039052337089,0.7410000000000003,1
48,54,111,562,1370,1932,self,7.742911237454812,3.846124961506061,0.2,0.5200039052337089,0.4590000000000002,1
48,55,111,562,1370,1932,self,7.517109683961401,3.846124961506061,0.2,0.5200039052337089,0.7560000000000004,1
48,56,111,562,1370,1932,stranger,1.4563992685615197,3.846124961506061,0.2,0.5200039052337089,1.4259999999999757,1
48,57,111,562,1370,1932,self,8.567181598736676,3.846124961506061,0.2,0.5200039052337089,0.5550000000000003,1
48,58,111,562,1370,1932,stranger,1.7652733745864468,3.846124961506061,0.2,0.5200039052337089,1.614999999999955,1
48,59,111,562,1370,1932,stranger,1.9042092297904425,3.846124961506061,0.2,0.5200039052337089,2.3949999999998695,1
48,60,111,562,1370,1932,stranger,2.302523741384371,3.846124961506061,0.2,0.5200039052337089,1.6969999999999459,1
49,1,111,546,405,951,self,7.292075213152135,3.830232544850383,0.2,0.5221615075797243,0.6350000000000003,1
49,2,111,546,405,951,self,7.15737129755263,3.830232544850383,0.2,0.5221615075797243,0.7120000000000004,1
49,3,111,546,405,951,self,7.776882892385635,3.830232544850383,0.2,0.5221615075797243,0.5400000000000003,1
49,4,111,546,405,951,self,6.595008757445741,3.830232544850383,0.2,0.5221615075797243,0.7730000000000004,1
49,5,111,546,405,951,self,6.294853451957036,3.830232544850383,0.2,0.5221615075797243,0.6830000000000004,1
49,6,111,546,405,951,stranger,0.9711246595796761,3.830232544850383,0.2,0.5221615075797243,0.9510000000000001,0
49,7,111,546,405,951,stranger,0.1046259530457821,3.830232544850383,0.2,0.5221615075797243,0.39600000000000013,0
49,8,111,546,405,951,stranger,2.107805436325958,3.830232544850383,0.2,0.5221615075797243,1.7819999999999365,1
49,9,111,546,405,951,self,7.231551777064936,3.830232544850383,0.2,0.5221615075797243,0.6330000000000003,1
49,10,111,546,405,951,self,7.201819459445803,3.830232544850383,0.2,0.5221615075797243,0.6870000000000004,1
49,11,111,546,405,951,self,7.504375315688123,3.830232544850383,0.2,0.5221615075797243,0.6740000000000004,1
49,12,111,546,405,951,self,6.796521479732021,3.830232544850383,0.2,0.5221615075797243,0.5690000000000003,1
49,13,111,546,405,951,self,7.244284133020787,3.830232544850383,0.2,0.5221615075797243,0.5590000000000003,1
49,14,111,546,405,951,stranger,1.481990983599674,3.830232544850383,0.2,0.5221615075797243,0.5750000000000003,0
49,15,111,546,405,951,stranger,3.3698502019276133,3.830232544850383,0.2,0.5221615075797243,1.0670000000000006,1
49,16,111,546,405,951,self,7.348528884253003,3.830232544850383,0.2,0.5221615075797243,0.6420000000000003,1
49,17,111,546,405,951,stranger,1.9877467433496876,3.830232544850383,0.2,0.5221615075797243,1.304999999999989,1
49,18,111,546,405,951,self,7.888706485201479,3.830232544850383,0.2,0.5221615075797243,0.5990000000000003,1
49,19,111,546,405,951,stranger,2.8999804130919977,3.830232544850383,0.2,0.5221615075797243,1.0360000000000007,1
49,20,111,546,405,951,self,8.755146589554972,3.830232544850383,0.2,0.5221615075797243,0.7100000000000004,1
49,21,111,546,405,951,self,7.11646895905894,3.830232544850383,0.2,0.5221615075797243,0.6230000000000003,1
49,22,111,546,405,951,stranger,0.7948265177114588,3.830232544850383,0.2,0.5221615075797243,0.9510000000000001,0
49,23,111,546,405,951,self,6.530857283294157,3.830232544850383,0.2,0.5221615075797243,0.6750000000000004,1
49,24,111,546,405,951,stranger,0.35300019712557124,3.830232544850383,0.2,0.5221615075797243,0.8190000000000004,1
49,25,111,546,405,951,self,7.239211446421872,3.830232544850383,0.2,0.5221615075797243,0.6580000000000004,1
49,26,111,546,405,951,stranger,1.43598507512593,3.830232544850383,0.2,0.5221615075797243,1.4979999999999678,1
49,27,111,546,405,951,self,6.148714556912446,3.830232544850383,0.2,0.5221615075797243,0.7060000000000004,1
49,28,111,546,405,951,stranger,1.5749920100670711,3.830232544850383,0.2,0.5221615075797243,1.8999999999999235,1
49,29,111,546,405,951,self,7.476067224025025,3.830232544850383,0.2,0.5221615075797243,0.4860000000000002,1
49,30,111,546,405,951,stranger,1.3259730942822507,3.830232544850383,0.2,0.5221615075797243,0.9510000000000001,0
49,31,111,546,405,951,self,7.412428433066303,3.830232544850383,0.2,0.5221615075797243,0.7710000000000004,1
49,32,111,546,405,951,self,7.0250292627835575,3.830232544850383,0.2,0.5221615075797243,0.6110000000000003,1
49,33,111,546,405,951,stranger,1.6539910707156267,3.830232544850383,0.2,0.5221615075797243,1.7029999999999452,1
49,34,111,546,405,951,self,7.346195532037694,3.830232544850383,0.2,0.5221615075797243,0.6470000000000004,1
49,35,111,546,405,951,self,6.770462033682487,3.830232544850383,0.2,0.5221615075797243,0.7510000000000003,1
49,36,111,546,405,951,stranger,1.6217177193240542,3.830232544850383,0.2,0.5221615075797243,1.8059999999999339,1
49,37,111,546,405,951,stranger,0.9819377785818486,3.830232544850383,0.2,0.5221615075797243,1.8389999999999302,1
49,38,111,546,405,951,stranger,1.6431808808884094,3.830232544850383,0.2,0.5221615075797243,0.9510000000000001,0
49,39,111,546,405,951,stranger,1.5290309952127612,3.830232544850383,0.2,0.5221615075797243,0.7020000000000004,0
49,40,111,546,405,951,self,8.021299808801118,3.830232544850383,0.2,0.5221615075797243,0.6090000000000003,1
49,41,111,546,405,951,self,6.380929986802614,3.830232544850383,0.2,0.5221615075797243,0.6920000000000004,1
49,42,111,546,405,951,self,6.065775412919371,3.830232544850383,0.2,0.5221615075797243,0.6080000000000003,1
49,43,111,546,405,951,stranger,1.8535352765798838,3.830232544850383,0.2,0.5221615075797243,0.9510000000000001,0
49,44,111,546,405,951,stranger,1.794501035691364,3.830232544850383,0.2,0.5221615075797243,0.9510000000000001,0
49,45,111,546,405,951,self,6.541833523339012,3.830232544850383,0.2,0.5221615075797243,0.5700000000000003,1
49,46,111,546,405,951,stranger,0.9935949874711427,3.830232544850383,0.2,0.5221615075797243,2.0739999999999044,1
49,47,111,546,405,951,stranger,1.6611084371666185,3.830232544850383,0.2,0.5221615075797243,0.9510000000000001,0
49,48,111,546,405,951,stranger,0.5332673104203474,3.830232544850383,0.2,0.5221615075797243,2.1979999999998907,1
49,49,111,546,405,951,stranger,2.0747055645294012,3.830232544850383,0.2,0.5221615075797243,1.1620000000000008,1
49,50,111,546,405,951,self,7.458240296776805,3.830232544850383,0.2,0.5221615075797243,0.7460000000000004,1
49,51,111,546,405,951,stranger,1.2268455959327358,3.830232544850383,0.2,0.5221615075797243,0.9510000000000001,0
49,52,111,546,405,951,self,6.869548316652349,3.830232544850383,0.2,0.5221615075797243,0.7420000000000004,1
49,53,111,546,405,951,self,7.016641719731518,3.830232544850383,0.2,0.5221615075797243,0.6100000000000003,1
49,54,111,546,405,951,self,6.6687894301020245,3.830232544850383,0.2,0.5221615075797243,0.9300000000000006,1
49,55,111,546,405,951,stranger,1.5352994573832088,3.830232544850383,0.2,0.5221615075797243,0.9510000000000001,0
49,56,111,546,405,951,stranger,1.7180815318936524,3.830232544850383,0.2,0.5221615075797243,1.777999999999937,1
49,57,111,546,405,951,stranger,1.8249404107610232,3.830232544850383,0.2,0.5221615075797243,1.3859999999999801,1
49,58,111,546,405,951,stranger,2.3486012143509014,3.830232544850383,0.2,0.5221615075797243,0.9670000000000005,1
49,59,111,546,405,951,stranger,1.5168012134074742,3.830232544850383,0.2,0.5221615075797243,1.6089999999999556,1
49,60,111,546,405,951,stranger,1.9838019118366552,3.830232544850383,0.2,0.5221615075797243,1.6789999999999479,1
50,1,62,346,760,1106,stranger,0.8347592294348337,3.2321767035383333,0.2,0.6187780506587269,0.3920000000000001,0
50,2,62,346,760,1106,self,5.840365213825706,3.2321767035383333,0.2,0.6187780506587269,0.8700000000000006,1
50,3,62,346,760,1106,stranger,0.909185938066721,3.2321767035383333,0.2,0.6187780506587269,0.41000000000000014,0
50,4,62,346,760,1106,stranger,0.2647187879244711,3.2321767035383333,0.2,0.6187780506587269,1.6269999999999536,0
50,5,62,346,760,1106,stranger,1.7676881735478376,3.2321767035383333,0.2,0.6187780506587269,0.2800000000000001,0
50,6,62,346,760,1106,self,6.575415574135486,3.2321767035383333,0.2,0.6187780506587269,0.5830000000000003,1
50,7,62,346,760,1106,self,6.290377668552782,3.2321767035383333,0.2,0.6187780506587269,0.5230000000000002,1
50,8,62,346,760,1106,self,6.43176746080087,3.2321767035383333,0.2,0.6187780506587269,0.6030000000000003,1
50,9,62,346,760,1106,self,5.827565256617179,3.2321767035383333,0.2,0.6187780506587269,0.6380000000000003,1
50,10,62,346,760,1106,self,5.608413810716807,3.2321767035383333,0.2,0.6187780506587269,0.7140000000000004,1
50,11,62,346,760,1106,stranger,1.4325706756587593,3.2321767035383333,0.2,0.6187780506587269,1.6309999999999532,1
50,12,62,346,760,1106,stranger,1.1959146670322616,3.2321767035383333,0.2,0.6187780506587269,1.6529999999999507,1
50,13,62,346,760,1106,self,6.022177488498746,3.2321767035383333,0.2,0.6187780506587269,0.8910000000000005,1
50,14,62,346,760,1106,self,6.4773830537829316,3.2321767035383333,0.2,0.6187780506587269,0.5360000000000003,1
50,15,62,346,760,1106,self,6.150064779096742,3.2321767035383333,0.2,0.6187780506587269,0.5250000000000002,1
50,16,62,346,760,1106,self,6.988710661120111,3.2321767035383333,0.2,0.6187780506587269,0.5310000000000002,1
50,17,62,346,760,1106,self,6.795087430501202,3.2321767035383333,0.2,0.6187780506587269,0.5190000000000002,1
50,18,62,346,760,1106,stranger,0.9148740310430005,3.2321767035383333,0.2,0.6187780506587269,0.8080000000000005,0
50,19,62,346,760,1106,stranger,0.989840354048087,3.2321767035383333,0.2,0.6187780506587269,0.8800000000000006,0
50,20,62,346,760,1106,stranger,1.2926467613059995,3.2321767035383333,0.2,0.6187780506587269,1.106,0
50,21,62,346,760,1106,self,6.222049424787656,3.2321767035383333,0.2,0.6187780506587269,0.4810000000000002,1
50,22,62,346,760,1106,stranger,1.2663049753984583,3.2321767035383333,0.2,0.6187780506587269,2.1129999999999,1
50,23,62,346,760,1106,stranger,1.203719816633746,3.2321767035383333,0.2,0.6187780506587269,0.9790000000000005,1
50,24,62,346,760,1106,self,5.775907207176348,3.2321767035383333,0.2,0.6187780506587269,0.6580000000000004,1
50,25,62,346,760,1106,self,6.1267805314404535,3.2321767035383333,0.2,0.6187780506587269,0.5980000000000003,1
50,26,62,346,760,1106,stranger,1.0695604632350522,3.2321767035383333,0.2,0.6187780506587269,1.6609999999999498,1
50,27,62,346,760,1106,self,5.872122790562386,3.2321767035383333,0.2,0.6187780506587269,0.8170000000000004,1
50,28,62,346,760,1106,stranger,1.225888556852468,3.2321767035383333,0.2,0.6187780506587269,2.149999999999896,1
50,29,62,346,760,1106,self,5.730316956978361,3.2321767035383333,0.2,0.6187780506587269,0.6190000000000003,1
50,30,62,346,760,1106,stranger,1.5045000453984105,3.2321767035383333,0.2,0.6187780506587269,1.3839999999999804,1
50,31,62,346,760,1106,stranger,0.947871381038026,3.2321767035383333,0.2,0.6187780506587269,1.5449999999999626,1
50,32,62,346,760,1106,self,5.952177247666057,3.2321767035383333,0.2,0.6187780506587269,0.5700000000000003,1
50,33,62,346,760,1106,self,6.287543951009957,3.2321767035383333,0.2,0.6187780506587269,0.6300000000000003,1
50,34,62,346,760,1106,stranger,1.5943725663051644,3.2321767035383333,0.2,0.6187780506587269,1.8729999999999265,1
50,35,62,346,760,1106,self,6.497662805035484,3.2321767035383333,0.2,0.6187780506587269,0.6470000000000004,1
50,36,62,346,760,1106,self,6.879244350768346,3.2321767035383333,0.2,0.6187780506587269,0.7060000000000004,1
50,37,62,346,760,1106,stranger,1.7983729961071693,3.2321767035383333,0.2,0.6187780506587269,1.1080000000000008,1
50,38,62,346,760,1106,stranger,0.3564914587400866,3.2321767035383333,0.2,0.6187780506587269,1.5189999999999655,0
50,39,62,346,760,1106,stranger,1.0397430261738787,3.2321767035383333,0.2,0.6187780506587269,1.305999999999989,1
50,40,62,346,760,1106,stranger,1.1011461463979848,3.2321767035383333,0.2,0.6187780506587269,2.032999999999909,1
50,41,62,346,760,1106,self,5.532561045893415,3.2321767035383333,0.2,0.6187780506587269,0.8240000000000005,1
50,42,62,346,760,1106,stranger,0.8074376027289824,3.2321767035383333,0.2,0.6187780506587269,0.6490000000000004,0
50,43,62,346,760,1106,stranger,1.3675693087244367,3.2321767035383333,0.2,0.6187780506587269,1.106,0
50,44,62,346,760,1106,stranger,1.059016532223473,3.2321767035383333,0.2,0.6187780506587269,1.1960000000000008,1
50,45,62,346,760,1106,self,5.5409352484415875,3.2321767035383333,0.2,0.6187780506587269,0.8740000000000006,1
50,46,62,346,760,1106,self,6.1535353517208,3.2321767035383333,0.2,0.6187780506587269,0.6150000000000003,1
50,47,62,346,760,1106,self,6.020889885467442,3.2321767035383333,0.2,0.6187780506587269,0.6890000000000004,1
50,48,62,346,760,1106,stranger,0.8943725032683144,3.2321767035383333,0.2,0.6187780506587269,0.5890000000000003,0
50,49,62,346,760,1106,stranger,1.2632361416757125,3.2321767035383333,0.2,0.6187780506587269,1.3899999999999797,1
50,50,62,346,760,1106,stranger,0.7535542220227792,3.2321767035383333,0.2,0.6187780506587269,0.4990000000000002,0
50,51,62,346,760,1106,self,6.761888210070945,3.2321767035383333,0.2,0.6187780506587269,0.5010000000000002,1
50,52,62,346,760,1106,self,5.71973077555549,3.2321767035383333,0.2,0.6187780506587269,0.5170000000000002,1
50,53,62,346,760,1106,self,5.480210587771823,3.2321767035383333,0.2,0.6187780506587269,0.6560000000000004,1
50,54,62,346,760,1106,self,6.610032676402683,3.2321767035383333,0.2,0.6187780506587269,0.5850000000000003,1
50,55,62,346,760,1106,self,6.241414694495095,3.2321767035383333,0.2,0.6187780506587269,0.5890000000000003,1
50,56,62,346,760,1106,stranger,0.6117565524415179,3.2321767035383333,0.2,0.6187780506587269,1.106,0
50,57,62,346,760,1106,stranger,0.9564572565965445,3.2321767035383333,0.2,0.6187780506587269,1.106,0
50,58,62,346,760,1106,stranger,0.5167169600439502,3.2321767035383333,0.2,0.6187780506587269,1.9669999999999161,1
50,59,62,346,760,1106,stranger,1.4806359565090759,3.2321767035383333,0.2,0.6187780506587269,1.2899999999999907,1
50,60,62,346,760,1106,self,5.681696952068652,3.2321767035383333,0.2,0.6187780506587269,0.6460000000000004,1
51,1,113,384,1214,1598,self,6.690505580149628,2.939555088200808,0.2,0.6803750703730221,0.6200000000000003,1
51,2,113,384,1214,1598,self,6.849692665285247,2.939555088200808,0.2,0.6803750703730221,0.5720000000000003,1
51,3,113,384,1214,1598,stranger,1.4781328248381425,2.939555088200808,0.2,0.6803750703730221,1.4909999999999686,1
51,4,113,384,1214,1598,self,7.272949810369338,2.939555088200808,0.2,0.6803750703730221,0.5090000000000002,1
51,5,113,384,1214,1598,self,7.86214081808852,2.939555088200808,0.2,0.6803750703730221,0.40000000000000013,1
51,6,113,384,1214,1598,stranger,2.0631191225566075,2.939555088200808,0.2,0.6803750703730221,0.8320000000000005,1
51,7,113,384,1214,1598,stranger,2.216634892344468,2.939555088200808,0.2,0.6803750703730221,0.9650000000000005,1
51,8,113,384,1214,1598,stranger,1.6177015511271429,2.939555088200808,0.2,0.6803750703730221,0.7800000000000005,1
51,9,113,384,1214,1598,stranger,1.6667179678502466,2.939555088200808,0.2,0.6803750703730221,1.0280000000000007,1
51,10,113,384,1214,1598,stranger,1.7157281869601062,2.939555088200808,0.2,0.6803750703730221,2.122999999999899,0
51,11,113,384,1214,1598,self,8.049707877951969,2.939555088200808,0.2,0.6803750703730221,0.42100000000000015,1
51,12,113,384,1214,1598,stranger,1.9570761908866983,2.939555088200808,0.2,0.6803750703730221,1.3359999999999856,1
51,13,113,384,1214,1598,stranger,1.5548035727576104,2.939555088200808,0.2,0.6803750703730221,0.7690000000000003,1
51,14,113,384,1214,1598,stranger,1.3872796364262125,2.939555088200808,0.2,0.6803750703730221,1.6879999999999469,1
51,15,113,384,1214,1598,stranger,2.008074741177547,2.939555088200808,0.2,0.6803750703730221,1.6389999999999523,1
51,16,113,384,1214,1598,self,6.471391406789049,2.939555088200808,0.2,0.6803750703730221,0.6750000000000004,1
51,17,113,384,1214,1598,self,7.447314929125915,2.939555088200808,0.2,0.6803750703730221,0.5330000000000003,1
51,18,113,384,1214,1598,stranger,1.4677629125679514,2.939555088200808,0.2,0.6803750703730221,1.958999999999917,1
51,19,113,384,1214,1598,self,6.197861345378221,2.939555088200808,0.2,0.6803750703730221,0.4980000000000002,1
51,20,113,384,1214,1598,self,6.774793312818826,2.939555088200808,0.2,0.6803750703730221,0.44100000000000017,1
51,21,113,384,1214,1598,stranger,0.9679288187057316,2.939555088200808,0.2,0.6803750703730221,1.0980000000000008,1
51,22,113,384,1214,1598,stranger,0.9607303284635264,2.939555088200808,0.2,0.6803750703730221,1.0420000000000007,1
51,23,113,384,1214,1598,stranger,1.3638027229853218,2.939555088200808,0.2,0.6803750703730221,1.4269999999999756,1
51,24,113,384,1214,1598,stranger,1.0778357245577541,2.939555088200808,0.2,0.6803750703730221,1.3919999999999795,1
51,25,113,384,1214,1598,stranger,1.7341930195424524,2.939555088200808,0.2,0.6803750703730221,2.263999999999884,1
51,26,113,384,1214,1598,stranger,2.3891206859163607,2.939555088200808,0.2,0.6803750703730221,0.7190000000000003,1
51,27,113,384,1214,1598,self,7.326159872631069,2.939555088200808,0.2,0.6803750703730221,0.5740000000000003,1
51,28,113,384,1214,1598,self,7.4578588894815265,2.939555088200808,0.2,0.6803750703730221,0.5090000000000002,1
51,29,113,384,1214,1598,self,6.599721602940754,2.939555088200808,0.2,0.6803750703730221,0.7400000000000004,1
51,30,113,384,1214,1598,stranger,2.024657061881183,2.939555088200808,0.2,0.6803750703730221,0.9570000000000005,1
51,31,113,384,1214,1598,self,6.572787418313996,2.939555088200808,0.2,0.6803750703730221,0.5120000000000002,1
51,32,113,384,1214,1598,self,7.536770159094524,2.939555088200808,0.2,0.6803750703730221,0.5640000000000003,1
51,33,113,384,1214,1598,stranger,0.9133800873078827,2.939555088200808,0.2,0.6803750703730221,1.598,0
51,34,113,384,1214,1598,self,6.429228274599844,2.939555088200808,0.2,0.6803750703730221,0.5320000000000003,1
51,35,113,384,1214,1598,self,7.805133419120655,2.939555088200808,0.2,0.6803750703730221,0.4950000000000002,1
51,36,113,384,1214,1598,self,7.6298269162760395,2.939555088200808,0.2,0.6803750703730221,0.5730000000000003,1
51,37,113,384,1214,1598,stranger,1.1059584675979606,2.939555088200808,0.2,0.6803750703730221,0.3100000000000001,0
51,38,113,384,1214,1598,self,7.224775920618689,2.939555088200808,0.2,0.6803750703730221,0.4570000000000002,1
51,39,113,384,1214,1598,stranger,1.3070473814213495,2.939555088200808,0.2,0.6803750703730221,1.9009999999999234,0
51,40,113,384,1214,1598,stranger,0.9957879494601102,2.939555088200808,0.2,0.6803750703730221,1.941999999999919,1
51,41,113,384,1214,1598,stranger,1.1875901933013289,2.939555088200808,0.2,0.6803750703730221,2.224999999999888,1
51,42,113,384,1214,1598,self,5.933561646195741,2.939555088200808,0.2,0.6803750703730221,0.5680000000000003,1
51,43,113,384,1214,1598,self,7.487271134672456,2.939555088200808,0.2,0.6803750703730221,0.5070000000000002,1
51,44,113,384,1214,1598,stranger,1.1794047052863978,2.939555088200808,0.2,0.6803750703730221,0.6920000000000004,1
51,45,113,384,1214,1598,stranger,1.609802410419356,2.939555088200808,0.2,0.6803750703730221,1.7359999999999416,1
51,46,113,384,1214,1598,self,7.192481332404566,2.939555088200808,0.2,0.6803750703730221,0.5880000000000003,1
51,47,113,384,1214,1598,self,7.280973410851334,2.939555088200808,0.2,0.6803750703730221,0.4910000000000002,1
51,48,113,384,1214,1598,stranger,2.101590948308592,2.939555088200808,0.2,0.6803750703730221,1.377999999999981,1
51,49,113,384,1214,1598,self,7.087909322755272,2.939555088200808,0.2,0.6803750703730221,0.5390000000000003,1
51,50,113,384,1214,1598,self,7.133666441268863,2.939555088200808,0.2,0.6803750703730221,0.42100000000000015,1
51,51,113,384,1214,1598,self,6.470361089674105,2.939555088200808,0.2,0.6803750703730221,0.6900000000000004,1
51,52,113,384,1214,1598,self,7.432923464901111,2.939555088200808,0.2,0.6803750703730221,0.4730000000000002,1
51,53,113,384,1214,1598,stranger,1.965464620988481,2.939555088200808,0.2,0.6803750703730221,0.8780000000000006,1
51,54,113,384,1214,1598,stranger,2.0837263681875915,2.939555088200808,0.2,0.6803750703730221,1.0160000000000007,1
51,55,113,384,1214,1598,self,6.874808962262845,2.939555088200808,0.2,0.6803750703730221,0.6450000000000004,1
51,56,113,384,1214,1598,self,6.973022791269129,2.939555088200808,0.2,0.6803750703730221,0.4940000000000002,1
51,57,113,384,1214,1598,stranger,2.284424439270449,2.939555088200808,0.2,0.6803750703730221,1.3459999999999845,1
51,58,113,384,1214,1598,self,6.907187880350932,2.939555088200808,0.2,0.6803750703730221,0.6090000000000003,1
51,59,113,384,1214,1598,stranger,2.0498480100969014,2.939555088200808,0.2,0.6803750703730221,0.8790000000000004,1
51,60,113,384,1214,1598,self,7.869269865615867,2.939555088200808,0.2,0.6803750703730221,0.4570000000000002,1
52,1,130,592,977,1569,self,6.400615325419516,3.616628839754046,0.2,0.5530011755743266,0.7960000000000005,1
52,2,130,592,977,1569,self,7.8406693687190625,3.616628839754046,0.2,0.5530011755743266,0.5420000000000003,1
52,3,130,592,977,1569,stranger,1.8196312556909056,3.616628839754046,0.2,0.5530011755743266,1.47899999999997,1
52,4,130,592,977,1569,self,7.178662984035037,3.616628839754046,0.2,0.5530011755743266,0.8810000000000004,1
52,5,130,592,977,1569,self,7.326078865442025,3.616628839754046,0.2,0.5530011755743266,0.5170000000000002,1
52,6,130,592,977,1569,self,6.829327624303868,3.616628839754046,0.2,0.5530011755743266,0.6510000000000004,1
52,7,130,592,977,1569,self,7.007746407235009,3.616628839754046,0.2,0.5530011755743266,0.6400000000000003,1
52,8,130,592,977,1569,stranger,1.5566205815915954,3.616628839754046,0.2,0.5530011755743266,0.3560000000000001,0
52,9,130,592,977,1569,self,7.409133815536147,3.616628839754046,0.2,0.5530011755743266,0.6310000000000003,1
52,10,130,592,977,1569,stranger,2.2455080108987486,3.616628839754046,0.2,0.5530011755743266,2.1629999999998946,1
52,11,130,592,977,1569,self,6.321433168182688,3.616628839754046,0.2,0.5530011755743266,0.5290000000000002,1
52,12,130,592,977,1569,stranger,1.745785812633255,3.616628839754046,0.2,0.5530011755743266,0.5770000000000003,0
52,13,130,592,977,1569,stranger,1.3509899421730434,3.616628839754046,0.2,0.5530011755743266,0.43100000000000016,0
52,14,130,592,977,1569,self,7.094292322154139,3.616628839754046,0.2,0.5530011755743266,0.5680000000000003,1
52,15,130,592,977,1569,self,7.469026275474879,3.616628839754046,0.2,0.5530011755743266,0.6580000000000004,1
52,16,130,592,977,1569,self,7.830948659176736,3.616628839754046,0.2,0.5530011755743266,0.5560000000000003,1
52,17,130,592,977,1569,stranger,1.0862561095727972,3.616628839754046,0.2,0.5530011755743266,0.3520000000000001,0
52,18,130,592,977,1569,stranger,1.4298129203245438,3.616628839754046,0.2,0.5530011755743266,0.5490000000000003,0
52,19,130,592,977,1569,stranger,1.9041312036947011,3.616628839754046,0.2,0.5530011755743266,1.823999999999932,1
52,20,130,592,977,1569,stranger,1.8450399408294023,3.616628839754046,0.2,0.5530011755743266,0.26400000000000007,0
52,21,130,592,977,1569,self,6.354920152902247,3.616628839754046,0.2,0.5530011755743266,0.6980000000000004,1
52,22,130,592,977,1569,stranger,1.726674924535343,3.616628839754046,0.2,0.5530011755743266,1.5479999999999623,1
52,23,130,592,977,1569,stranger,0.7564553333994614,3.616628839754046,0.2,0.5530011755743266,1.569,0
52,24,130,592,977,1569,self,7.141103142565278,3.616628839754046,0.2,0.5530011755743266,0.5920000000000003,1
52,25,130,592,977,1569,stranger,2.013482320490873,3.616628839754046,0.2,0.5530011755743266,1.569,0
52,26,130,592,977,1569,stranger,1.9322598916762033,3.616628839754046,0.2,0.5530011755743266,1.569,0
52,27,130,592,977,1569,stranger,2.111423501093806,3.616628839754046,0.2,0.5530011755743266,1.2849999999999913,1
52,28,130,592,977,1569,self,6.774377156678577,3.616628839754046,0.2,0.5530011755743266,0.7030000000000003,1
52,29,130,592,977,1569,self,7.136330822197401,3.616628839754046,0.2,0.5530011755743266,0.5130000000000002,1
52,30,130,592,977,1569,stranger,1.795421949702039,3.616628839754046,0.2,0.5530011755743266,1.569,0
52,31,130,592,977,1569,stranger,1.7249350428412744,3.616628839754046,0.2,0.5530011755743266,1.569,0
52,32,130,592,977,1569,self,6.9598713586122125,3.616628839754046,0.2,0.5530011755743266,0.6940000000000004,1
52,33,130,592,977,1569,self,7.271476372047417,3.616628839754046,0.2,0.5530011755743266,0.6600000000000004,1
52,34,130,592,977,1569,self,7.297938052156002,3.616628839754046,0.2,0.5530011755743266,0.6020000000000003,1
52,35,130,592,977,1569,stranger,1.1218826190399378,3.616628839754046,0.2,0.5530011755743266,1.569,0
52,36,130,592,977,1569,stranger,1.6922957479143443,3.616628839754046,0.2,0.5530011755743266,1.496999999999968,1
52,37,130,592,977,1569,self,7.801721258698786,3.616628839754046,0.2,0.5530011755743266,0.6280000000000003,1
52,38,130,592,977,1569,stranger,1.7611545479920228,3.616628839754046,0.2,0.5530011755743266,0.41400000000000015,0
52,39,130,592,977,1569,stranger,1.440913955772606,3.616628839754046,0.2,0.5530011755743266,1.8829999999999254,1
52,40,130,592,977,1569,stranger,1.7738054520116848,3.616628839754046,0.2,0.5530011755743266,0.8290000000000004,1
52,41,130,592,977,1569,self,7.148840551123271,3.616628839754046,0.2,0.5530011755743266,0.5710000000000003,1
52,42,130,592,977,1569,stranger,1.4088511881787382,3.616628839754046,0.2,0.5530011755743266,0.3390000000000001,0
52,43,130,592,977,1569,stranger,1.6399751366135535,3.616628839754046,0.2,0.5530011755743266,1.5609999999999609,1
52,44,130,592,977,1569,stranger,1.2600680432217044,3.616628839754046,0.2,0.5530011755743266,0.9910000000000005,0
52,45,130,592,977,1569,self,7.907962732318516,3.616628839754046,0.2,0.5530011755743266,0.4510000000000002,1
52,46,130,592,977,1569,stranger,1.6708168730654087,3.616628839754046,0.2,0.5530011755743266,1.1440000000000008,1
52,47,130,592,977,1569,self,7.211423849529937,3.616628839754046,0.2,0.5530011755743266,0.7410000000000003,1
52,48,130,592,977,1569,self,7.1901030699728565,3.616628839754046,0.2,0.5530011755743266,0.6630000000000004,1
52,49,130,592,977,1569,stranger,0.7921159611227743,3.616628839754046,0.2,0.5530011755743266,1.569,0
52,50,130,592,977,1569,stranger,1.4785652146806059,3.616628839754046,0.2,0.5530011755743266,1.569,0
52,51,130,592,977,1569,self,7.598967292511625,3.616628839754046,0.2,0.5530011755743266,0.7090000000000003,1
52,52,130,592,977,1569,self,7.624461044662747,3.616628839754046,0.2,0.5530011755743266,0.6050000000000003,1
52,53,130,592,977,1569,stranger,1.2105594191733697,3.616628839754046,0.2,0.5530011755743266,1.531999999999964,1
52,54,130,592,977,1569,self,7.176740097427518,3.616628839754046,0.2,0.5530011755743266,0.7210000000000003,1
52,55,130,592,977,1569,self,7.308154759631014,3.616628839754046,0.2,0.5530011755743266,0.5420000000000003,1
52,56,130,592,977,1569,self,6.487858746731152,3.616628839754046,0.2,0.5530011755743266,0.7510000000000003,1
52,57,130,592,977,1569,self,7.063303591233246,3.616628839754046,0.2,0.5530011755743266,0.6390000000000003,1
52,58,130,592,977,1569,stranger,1.832382440239702,3.616628839754046,0.2,0.5530011755743266,2.103999999999901,1
52,59,130,592,977,1569,self,6.521274281681789,3.616628839754046,0.2,0.5530011755743266,0.5210000000000002,1
52,60,130,592,977,1569,stranger,2.0104833732704246,3.616628839754046,0.2,0.5530011755743266,1.5609999999999609,1
53,1,72,429,1460,1889,self,8.027642120754646,3.607568404300417,0.2,0.5543900422278596,0.5740000000000003,1
53,2,72,429,1460,1889,self,7.770087360176456,3.607568404300417,0.2,0.5543900422278596,0.7000000000000004,1
53,3,72,429,1460,1889,self,7.758015650171266,3.607568404300417,0.2,0.5543900422278596,0.5570000000000003,1
53,4,72,429,1460,1889,stranger,1.3718605468246552,3.607568404300417,0.2,0.5543900422278596,0.3370000000000001,0
53,5,72,429,1460,1889,stranger,2.4049603726813835,3.607568404300417,0.2,0.5543900422278596,1.2129999999999992,1
53,6,72,429,1460,1889,stranger,2.657349027196223,3.607568404300417,0.2,0.5543900422278596,0.9900000000000007,1
53,7,72,429,1460,1889,self,7.389056079522852,3.607568404300417,0.2,0.5543900422278596,0.4870000000000002,1
53,8,72,429,1460,1889,self,7.884770766005199,3.607568404300417,0.2,0.5543900422278596,0.5330000000000003,1
53,9,72,429,1460,1889,stranger,2.7090571025238077,3.607568404300417,0.2,0.5543900422278596,0.24600000000000005,0
53,10,72,429,1460,1889,stranger,2.165598210400243,3.607568404300417,0.2,0.5543900422278596,1.6169999999999547,1
53,11,72,429,1460,1889,stranger,2.1077872113312326,3.607568404300417,0.2,0.5543900422278596,2.0369999999999084,1
53,12,72,429,1460,1889,stranger,2.6408263966615126,3.607568404300417,0.2,0.5543900422278596,0.25300000000000006,0
53,13,72,429,1460,1889,stranger,2.1445341145493644,3.607568404300417,0.2,0.5543900422278596,0.5120000000000002,0
53,14,72,429,1460,1889,stranger,3.005164204444513,3.607568404300417,0.2,0.5543900422278596,1.0190000000000006,1
53,15,72,429,1460,1889,stranger,1.782339095463857,3.607568404300417,0.2,0.5543900422278596,1.889,0
53,16,72,429,1460,1889,stranger,2.4601723253779273,3.607568404300417,0.2,0.5543900422278596,1.340999999999985,1
53,17,72,429,1460,1889,stranger,2.5455735200817955,3.607568404300417,0.2,0.5543900422278596,1.4159999999999768,1
53,18,72,429,1460,1889,stranger,2.786091332537963,3.607568404300417,0.2,0.5543900422278596,1.1400000000000008,1
53,19,72,429,1460,1889,self,7.750895398652076,3.607568404300417,0.2,0.5543900422278596,0.6770000000000004,1
53,20,72,429,1460,1889,stranger,1.9207626972268432,3.607568404300417,0.2,0.5543900422278596,1.6889999999999468,1
53,21,72,429,1460,1889,stranger,1.1586543366915203,3.607568404300417,0.2,0.5543900422278596,1.889,0
53,22,72,429,1460,1889,self,7.386853147926361,3.607568404300417,0.2,0.5543900422278596,0.5240000000000002,1
53,23,72,429,1460,1889,self,7.766948341134986,3.607568404300417,0.2,0.5543900422278596,0.5820000000000003,1
53,24,72,429,1460,1889,self,8.07338809774535,3.607568404300417,0.2,0.5543900422278596,0.5560000000000003,1
53,25,72,429,1460,1889,stranger,2.217703755597664,3.607568404300417,0.2,0.5543900422278596,1.2359999999999967,1
53,26,72,429,1460,1889,self,8.395395828664556,3.607568404300417,0.2,0.5543900422278596,0.4540000000000002,1
53,27,72,429,1460,1889,self,8.074892061226024,3.607568404300417,0.2,0.5543900422278596,0.4910000000000002,1
53,28,72,429,1460,1889,self,7.662196850078985,3.607568404300417,0.2,0.5543900422278596,0.5020000000000002,1
53,29,72,429,1460,1889,self,8.676887212390467,3.607568404300417,0.2,0.5543900422278596,0.4810000000000002,1
53,30,72,429,1460,1889,self,7.715069286192287,3.607568404300417,0.2,0.5543900422278596,0.6280000000000003,1
53,31,72,429,1460,1889,self,8.30811385516123,3.607568404300417,0.2,0.5543900422278596,0.7110000000000003,1
53,32,72,429,1460,1889,stranger,2.7917096599393845,3.607568404300417,0.2,0.5543900422278596,1.0900000000000007,1
53,33,72,429,1460,1889,stranger,2.745277670877971,3.607568404300417,0.2,0.5543900422278596,0.9190000000000005,1
53,34,72,429,1460,1889,stranger,3.0633179330034923,3.607568404300417,0.2,0.5543900422278596,1.4829999999999695,1
53,35,72,429,1460,1889,self,7.837937552662357,3.607568404300417,0.2,0.5543900422278596,0.6740000000000004,1
53,36,72,429,1460,1889,self,8.413029182844998,3.607568404300417,0.2,0.5543900422278596,0.7410000000000003,1
53,37,72,429,1460,1889,stranger,3.2078536644664473,3.607568404300417,0.2,0.5543900422278596,1.2020000000000004,1
53,38,72,429,1460,1889,stranger,2.7528351604256724,3.607568404300417,0.2,0.5543900422278596,1.1200000000000008,1
53,39,72,429,1460,1889,self,6.586113716250417,3.607568404300417,0.2,0.5543900422278596,0.5940000000000003,1
53,40,72,429,1460,1889,self,8.387731075882515,3.607568404300417,0.2,0.5543900422278596,0.6310000000000003,1
53,41,72,429,1460,1889,stranger,2.56867154043587,3.607568404300417,0.2,0.5543900422278596,1.7819999999999365,1
53,42,72,429,1460,1889,self,7.724911297626819,3.607568404300417,0.2,0.5543900422278596,0.7570000000000003,1
53,43,72,429,1460,1889,self,7.93264383398088,3.607568404300417,0.2,0.5543900422278596,0.5240000000000002,1
53,44,72,429,1460,1889,self,7.8716716027448665,3.607568404300417,0.2,0.5543900422278596,0.5630000000000003,1
53,45,72,429,1460,1889,self,7.707417284946137,3.607568404300417,0.2,0.5543900422278596,0.5580000000000003,1
53,46,72,429,1460,1889,self,8.49998827951143,3.607568404300417,0.2,0.5543900422278596,0.5830000000000003,1
53,47,72,429,1460,1889,self,8.024295898320668,3.607568404300417,0.2,0.5543900422278596,0.6450000000000004,1
53,48,72,429,1460,1889,self,7.904895726519143,3.607568404300417,0.2,0.5543900422278596,0.5540000000000003,1
53,49,72,429,1460,1889,stranger,2.7196486128049937,3.607568404300417,0.2,0.5543900422278596,1.3949999999999791,1
53,50,72,429,1460,1889,self,7.990027366758563,3.607568404300417,0.2,0.5543900422278596,0.5890000000000003,1
53,51,72,429,1460,1889,stranger,3.324992428135342,3.607568404300417,0.2,0.5543900422278596,1.1390000000000007,1
53,52,72,429,1460,1889,self,7.701529749874872,3.607568404300417,0.2,0.5543900422278596,0.5440000000000003,1
53,53,72,429,1460,1889,self,8.163146964356418,3.607568404300417,0.2,0.5543900422278596,0.4880000000000002,1
53,54,72,429,1460,1889,stranger,3.045162562208848,3.607568404300417,0.2,0.5543900422278596,0.8300000000000005,1
53,55,72,429,1460,1889,stranger,2.225074180052003,3.607568404300417,0.2,0.5543900422278596,0.7240000000000004,1
53,56,72,429,1460,1889,self,8.295504154734239,3.607568404300417,0.2,0.5543900422278596,0.4760000000000002,1
53,57,72,429,1460,1889,stranger,2.711556767580161,3.607568404300417,0.2,0.5543900422278596,1.1320000000000008,1
53,58,72,429,1460,1889,stranger,1.5024335540562501,3.607568404300417,0.2,0.5543900422278596,1.889,0
53,59,72,429,1460,1889,stranger,2.6455255320862374,3.607568404300417,0.2,0.5543900422278596,1.3729999999999816,1
53,60,72,429,1460,1889,stranger,2.746359410917149,3.607568404300417,0.2,0.5543900422278596,0.8250000000000004,1
54,1,133,82,494,576,stranger,1.0698346113895707,1.001415246262801,0.2,1.997173507657123,0.201,1
54,2,133,82,494,576,stranger,1.2414132814167886,1.001415246262801,0.2,1.997173507657123,0.201,1
54,3,133,82,494,576,stranger,1.1714721424612735,1.001415246262801,0.2,1.997173507657123,0.201,1
54,4,133,82,494,576,stranger,1.9048756426456546,1.001415246262801,0.2,1.997173507657123,0.201,1
54,5,133,82,494,576,self,3.686701835232129,1.001415246262801,0.2,1.997173507657123,0.201,1
54,6,133,82,494,576,stranger,0.9595531766314636,1.001415246262801,0.2,1.997173507657123,0.201,1
54,7,133,82,494,576,stranger,1.459535114333919,1.001415246262801,0.2,1.997173507657123,0.201,1
54,8,133,82,494,576,stranger,0.4513475569779398,1.001415246262801,0.2,1.997173507657123,0.201,1
54,9,133,82,494,576,self,4.423458986906293,1.001415246262801,0.2,1.997173507657123,0.201,1
54,10,133,82,494,576,self,4.6006788037311415,1.001415246262801,0.2,1.997173507657123,0.201,1
54,11,133,82,494,576,stranger,1.7802205224043672,1.001415246262801,0.2,1.997173507657123,0.201,1
54,12,133,82,494,576,self,3.7670809358592994,1.001415246262801,0.2,1.997173507657123,0.201,1
54,13,133,82,494,576,stranger,0.9824174151951699,1.001415246262801,0.2,1.997173507657123,0.201,1
54,14,133,82,494,576,stranger,1.1392784454002005,1.001415246262801,0.2,1.997173507657123,0.201,1
54,15,133,82,494,576,self,3.7974597205905334,1.001415246262801,0.2,1.997173507657123,0.201,1
54,16,133,82,494,576,self,3.4933099551571254,1.001415246262801,0.2,1.997173507657123,0.201,1
54,17,133,82,494,576,self,3.6727772387209,1.001415246262801,0.2,1.997173507657123,0.201,1
54,18,133,82,494,576,self,3.2465599424706384,1.001415246262801,0.2,1.997173507657123,0.201,1
54,19,133,82,494,576,self,3.903540252058254,1.001415246262801,0.2,1.997173507657123,0.201,1
54,20,133,82,494,576,self,3.3021157068979017,1.001415246262801,0.2,1.997173507657123,0.201,1
54,21,133,82,494,576,stranger,1.4600126598303749,1.001415246262801,0.2,1.997173507657123,0.201,1
54,22,133,82,494,576,self,3.752690094289796,1.001415246262801,0.2,1.997173507657123,0.201,1
54,23,133,82,494,576,self,3.6786240719937076,1.001415246262801,0.2,1.997173507657123,0.201,1
54,24,133,82,494,576,stranger,1.095856397729971,1.001415246262801,0.2,1.997173507657123,0.201,1
54,25,133,82,494,576,self,3.876797063811837,1.001415246262801,0.2,1.997173507657123,0.201,1
54,26,133,82,494,576,stranger,2.0858435298165383,1.001415246262801,0.2,1.997173507657123,0.201,1
54,27,133,82,494,576,self,3.093691801107281,1.001415246262801,0.2,1.997173507657123,0.201,1
54,28,133,82,494,576,self,2.9989793904155677,1.001415246262801,0.2,1.997173507657123,0.201,1
54,29,133,82,494,576,self,3.5199946790236125,1.001415246262801,0.2,1.997173507657123,0.201,1
54,30,133,82,494,576,self,3.758175816946128,1.001415246262801,0.2,1.997173507657123,0.201,1
54,31,133,82,494,576,self,4.8170170280346065,1.001415246262801,0.2,1.997173507657123,0.201,1
54,32,133,82,494,576,stranger,1.5116890941776253,1.001415246262801,0.2,1.997173507657123,0.201,1
54,33,133,82,494,576,stranger,0.4748297576903666,1.001415246262801,0.2,1.997173507657123,0.201,1
54,34,133,82,494,576,stranger,0.60257431076176,1.001415246262801,0.2,1.997173507657123,0.201,1
54,35,133,82,494,576,self,3.4979224452756204,1.001415246262801,0.2,1.997173507657123,0.201,1
54,36,133,82,494,576,self,4.17496307083307,1.001415246262801,0.2,1.997173507657123,0.201,1
54,37,133,82,494,576,stranger,1.7901016791571034,1.001415246262801,0.2,1.997173507657123,0.201,1
54,38,133,82,494,576,self,3.965335160614177,1.001415246262801,0.2,1.997173507657123,0.201,1
54,39,133,82,494,576,self,4.8140333317295045,1.001415246262801,0.2,1.997173507657123,0.201,1
54,40,133,82,494,576,self,4.039995727040721,1.001415246262801,0.2,1.997173507657123,0.201,1
54,41,133,82,494,576,self,3.9503413756865142,1.001415246262801,0.2,1.997173507657123,0.201,1
54,42,133,82,494,576,stranger,0.5925409243699971,1.001415246262801,0.2,1.997173507657123,0.201,1
54,43,133,82,494,576,stranger,1.3038946369150572,1.001415246262801,0.2,1.997173507657123,0.201,1
54,44,133,82,494,576,stranger,1.0913879714507897,1.001415246262801,0.2,1.997173507657123,0.201,1
54,45,133,82,494,576,self,3.6118526606895855,1.001415246262801,0.2,1.997173507657123,0.201,1
54,46,133,82,494,576,stranger,1.442468511774436,1.001415246262801,0.2,1.997173507657123,0.201,1
54,47,133,82,494,576,stranger,2.1586984012388855,1.001415246262801,0.2,1.997173507657123,0.201,1
54,48,133,82,494,576,stranger,1.6017267608562524,1.001415246262801,0.2,1.997173507657123,0.201,1
54,49,133,82,494,576,stranger,2.670863561095539,1.001415246262801,0.2,1.997173507657123,0.201,1
54,50,133,82,494,576,stranger,1.2380538970117674,1.001415246262801,0.2,1.997173507657123,0.201,1
54,51,133,82,494,576,stranger,1.5075910043710379,1.001415246262801,0.2,1.997173507657123,0.201,1
54,52,133,82,494,576,self,4.0223637787829585,1.001415246262801,0.2,1.997173507657123,0.201,1
54,53,133,82,494,576,self,3.7260341368039605,1.001415246262801,0.2,1.997173507657123,0.201,1
54,54,133,82,494,576,self,4.430392627466947,1.001415246262801,0.2,1.997173507657123,0.201,1
54,55,133,82,494,576,self,3.4543339517376523,1.001415246262801,0.2,1.997173507657123,0.201,1
54,56,133,82,494,576,stranger,1.7806823562296126,1.001415246262801,0.2,1.997173507657123,0.201,1
54,57,133,82,494,576,stranger,1.590435995834452,1.001415246262801,0.2,1.997173507657123,0.201,1
54,58,133,82,494,576,stranger,2.201820520699934,1.001415246262801,0.2,1.997173507657123,0.201,1
54,59,133,82,494,576,self,3.9993170758510397,1.001415246262801,0.2,1.997173507657123,0.201,1
54,60,133,82,494,576,stranger,1.1554517280887102,1.001415246262801,0.2,1.997173507657123,0.201,1
55,1,20,544,260,804,stranger,1.6295486584134218,3.471966067617419,0.2,0.576042496110127,0.26000000000000006,0
55,2,20,544,260,804,self,4.42941572021592,3.471966067617419,0.2,0.576042496110127,0.9300000000000006,1
55,3,20,544,260,804,stranger,1.1329481704997209,3.471966067617419,0.2,0.576042496110127,0.804,0
55,4,20,544,260,804,self,4.012742693870187,3.471966067617419,0.2,0.576042496110127,0.9660000000000006,1
55,5,20,544,260,804,self,5.36117702986479,3.471966067617419,0.2,0.576042496110127,0.7430000000000003,1
55,6,20,544,260,804,stranger,1.8057703785097226,3.471966067617419,0.2,0.576042496110127,1.2119999999999993,1
55,7,20,544,260,804,self,4.71787569304745,3.471966067617419,0.2,0.576042496110127,1.0240000000000007,1
55,8,20,544,260,804,self,5.228672171988042,3.471966067617419,0.2,0.576042496110127,0.5310000000000002,1
55,9,20,544,260,804,self,6.161215713198507,3.471966067617419,0.2,0.576042496110127,0.6780000000000004,1
55,10,20,544,260,804,self,5.19501960149486,3.471966067617419,0.2,0.576042496110127,0.5070000000000002,1
55,11,20,544,260,804,stranger,1.3239135762221979,3.471966067617419,0.2,0.576042496110127,0.804,0
55,12,20,544,260,804,self,5.746478309194911,3.471966067617419,0.2,0.576042496110127,0.7800000000000005,1
55,13,20,544,260,804,self,5.099403641976452,3.471966067617419,0.2,0.576042496110127,1.0220000000000007,1
55,14,20,544,260,804,self,5.135760167348908,3.471966067617419,0.2,0.576042496110127,0.7860000000000005,1
55,15,20,544,260,804,self,5.59864611897914,3.471966067617419,0.2,0.576042496110127,0.8590000000000004,1
55,16,20,544,260,804,self,5.3891450415224345,3.471966067617419,0.2,0.576042496110127,0.5580000000000003,1
55,17,20,544,260,804,stranger,1.4843786458014328,3.471966067617419,0.2,0.576042496110127,1.4729999999999706,1
55,18,20,544,260,804,stranger,1.3365498680607586,3.471966067617419,0.2,0.576042496110127,0.804,0
55,19,20,544,260,804,stranger,2.0318574141602563,3.471966067617419,0.2,0.576042496110127,1.3249999999999869,1
55,20,20,544,260,804,self,4.81854609857734,3.471966067617419,0.2,0.576042496110127,1.2299999999999973,1
55,21,20,544,260,804,self,5.510863576032712,3.471966067617419,0.2,0.576042496110127,0.5230000000000002,1
55,22,20,544,260,804,self,5.550412500659215,3.471966067617419,0.2,0.576042496110127,0.6360000000000003,1
55,23,20,544,260,804,self,4.994863561791956,3.471966067617419,0.2,0.576042496110127,0.8450000000000004,1
55,24,20,544,260,804,stranger,1.1224473580230738,3.471966067617419,0.2,0.576042496110127,0.804,0
55,25,20,544,260,804,stranger,2.023551642215394,3.471966067617419,0.2,0.576042496110127,1.8159999999999328,1
55,26,20,544,260,804,self,6.280586368678268,3.471966067617419,0.2,0.576042496110127,0.7100000000000004,1
55,27,20,544,260,804,stranger,1.7709665317567862,3.471966067617419,0.2,0.576042496110127,1.0900000000000007,1
55,28,20,544,260,804,stranger,1.4755838542661577,3.471966067617419,0.2,0.576042496110127,2.160999999999895,1
55,29,20,544,260,804,stranger,1.073915418268264,3.471966067617419,0.2,0.576042496110127,1.9249999999999208,1
55,30,20,544,260,804,self,6.137918465884055,3.471966067617419,0.2,0.576042496110127,0.5380000000000003,1
55,31,20,544,260,804,self,5.6370512879123,3.471966067617419,0.2,0.576042496110127,0.6110000000000003,1
55,32,20,544,260,804,stranger,1.1966555984168346,3.471966067617419,0.2,0.576042496110127,0.804,0
55,33,20,544,260,804,stranger,1.2559763317635033,3.471966067617419,0.2,0.576042496110127,0.3750000000000001,0
55,34,20,544,260,804,self,5.269622669108885,3.471966067617419,0.2,0.576042496110127,0.4640000000000002,1
55,35,20,544,260,804,self,4.990064352616968,3.471966067617419,0.2,0.576042496110127,0.7380000000000004,1
55,36,20,544,260,804,self,5.477825836796007,3.471966067617419,0.2,0.576042496110127,0.8810000000000004,1
55,37,20,544,260,804,stranger,1.1245786313584465,3.471966067617419,0.2,0.576042496110127,0.2940000000000001,0
55,38,20,544,260,804,self,4.9732718405844825,3.471966067617419,0.2,0.576042496110127,1.0130000000000006,1
55,39,20,544,260,804,stranger,1.1439580562537999,3.471966067617419,0.2,0.576042496110127,2.1259999999998986,1
55,40,20,544,260,804,stranger,1.61008006356472,3.471966067617419,0.2,0.576042496110127,0.9810000000000005,1
55,41,20,544,260,804,self,4.917802795134573,3.471966067617419,0.2,0.576042496110127,0.9710000000000005,1
55,42,20,544,260,804,self,5.629659042282702,3.471966067617419,0.2,0.576042496110127,0.8610000000000004,1
55,43,20,544,260,804,self,4.549831599627617,3.471966067617419,0.2,0.576042496110127,0.9070000000000005,1
55,44,20,544,260,804,stranger,1.7727201700713227,3.471966067617419,0.2,0.576042496110127,0.804,0
55,45,20,544,260,804,self,5.373109343606369,3.471966067617419,0.2,0.576042496110127,0.9190000000000005,1
55,46,20,544,260,804,stranger,0.5778472277967142,3.471966067617419,0.2,0.576042496110127,0.4780000000000002,0
55,47,20,544,260,804,stranger,0.5827835621232014,3.471966067617419,0.2,0.576042496110127,0.804,0
55,48,20,544,260,804,stranger,2.5672738934891255,3.471966067617419,0.2,0.576042496110127,1.1930000000000007,1
55,49,20,544,260,804,stranger,0.8514931054463374,3.471966067617419,0.2,0.576042496110127,0.804,0
55,50,20,544,260,804,stranger,1.012882711507767,3.471966067617419,0.2,0.576042496110127,0.9070000000000005,1
55,51,20,544,260,804,self,4.68616402985643,3.471966067617419,0.2,0.576042496110127,0.5040000000000002,1
55,52,20,544,260,804,stranger,0.6374621320876473,3.471966067617419,0.2,0.576042496110127,0.804,0
55,53,20,544,260,804,stranger,0.21989781561449817,3.471966067617419,0.2,0.576042496110127,0.41100000000000014,0
55,54,20,544,260,804,stranger,0.7783062011880046,3.471966067617419,0.2,0.576042496110127,0.804,0
55,55,20,544,260,804,stranger,1.858942108518221,3.471966067617419,0.2,0.576042496110127,2.157999999999895,1
55,56,20,544,260,804,stranger,2.0091814337188865,3.471966067617419,0.2,0.576042496110127,1.5829999999999584,1
55,57,20,544,260,804,self,5.364907078022773,3.471966067617419,0.2,0.576042496110127,0.6270000000000003,1
55,58,20,544,260,804,self,5.735416218815604,3.471966067617419,0.2,0.576042496110127,0.7650000000000003,1
55,59,20,544,260,804,stranger,1.3775091224878866,3.471966067617419,0.2,0.576042496110127,2.0289999999999093,1
55,60,20,544,260,804,stranger,1.1600874256761524,3.471966067617419,0.2,0.576042496110127,1.2109999999999994,1
56,1,121,508,1219,1727,self,7.709024283502906,3.536454979500707,0.2,0.5655380915615018,0.6570000000000004,1
56,2,121,508,1219,1727,self,5.864315547235577,3.536454979500707,0.2,0.5655380915615018,0.6660000000000004,1
56,3,121,508,1219,1727,self,7.873968494154456,3.536454979500707,0.2,0.5655380915615018,0.6860000000000004,1
56,4,121,508,1219,1727,self,7.532289798099035,3.536454979500707,0.2,0.5655380915615018,0.7030000000000003,1
56,5,121,508,1219,1727,stranger,2.5293410410370654,3.536454979500707,0.2,0.5655380915615018,1.7649999999999384,1
56,6,121,508,1219,1727,stranger,1.3276128088346255,3.536454979500707,0.2,0.5655380915615018,0.26200000000000007,0
56,7,121,508,1219,1727,stranger,1.1798750956255761,3.536454979500707,0.2,0.5655380915615018,2.200999999999891,1
56,8,121,508,1219,1727,stranger,1.5927988650025693,3.536454979500707,0.2,0.5655380915615018,1.0100000000000007,1
56,9,121,508,1219,1727,stranger,2.3118871943710007,3.536454979500707,0.2,0.5655380915615018,1.2549999999999946,1
56,10,121,508,1219,1727,stranger,2.3723814717525875,3.536454979500707,0.2,0.5655380915615018,1.2389999999999963,1
56,11,121,508,1219,1727,stranger,1.7433980851676736,3.536454979500707,0.2,0.5655380915615018,0.6190000000000003,1
56,12,121,508,1219,1727,self,7.161862679041255,3.536454979500707,0.2,0.5655380915615018,0.7320000000000004,1
56,13,121,508,1219,1727,stranger,1.5397691031394771,3.536454979500707,0.2,0.5655380915615018,2.3679999999998724,1
56,14,121,508,1219,1727,stranger,0.9932646816466936,3.536454979500707,0.2,0.5655380915615018,2.4049999999998684,1
56,15,121,508,1219,1727,self,7.882190991468226,3.536454979500707,0.2,0.5655380915615018,0.4750000000000002,1
56,16,121,508,1219,1727,self,6.472296840127932,3.536454979500707,0.2,0.5655380915615018,0.5900000000000003,1
56,17,121,508,1219,1727,self,7.136232788175807,3.536454979500707,0.2,0.5655380915615018,0.6440000000000003,1
56,18,121,508,1219,1727,self,8.028250869177993,3.536454979500707,0.2,0.5655380915615018,0.7160000000000004,1
56,19,121,508,1219,1727,stranger,1.8995751000377752,3.536454979500707,0.2,0.5655380915615018,2.4139999999998674,1
56,20,121,508,1219,1727,self,7.413595226678592,3.536454979500707,0.2,0.5655380915615018,0.6790000000000004,1
56,21,121,508,1219,1727,self,7.229018197923193,3.536454979500707,0.2,0.5655380915615018,0.5080000000000002,1
56,22,121,508,1219,1727,self,7.155897099096071,3.536454979500707,0.2,0.5655380915615018,0.4780000000000002,1
56,23,121,508,1219,1727,self,7.979004777300947,3.536454979500707,0.2,0.5655380915615018,0.5520000000000003,1
56,24,121,508,1219,1727,stranger,1.5758056108533929,3.536454979500707,0.2,0.5655380915615018,1.7719999999999376,1
56,25,121,508,1219,1727,stranger,1.9582833382741756,3.536454979500707,0.2,0.5655380915615018,1.3939999999999793,1
56,26,121,508,1219,1727,self,6.747157624149417,3.536454979500707,0.2,0.5655380915615018,0.5800000000000003,1
56,27,121,508,1219,1727,self,7.860631968036632,3.536454979500707,0.2,0.5655380915615018,0.6270000000000003,1
56,28,121,508,1219,1727,self,7.003560462653368,3.536454979500707,0.2,0.5655380915615018,0.5820000000000003,1
56,29,121,508,1219,1727,stranger,1.8168058810038974,3.536454979500707,0.2,0.5655380915615018,0.3560000000000001,0
56,30,121,508,1219,1727,stranger,2.0469960531448073,3.536454979500707,0.2,0.5655380915615018,1.9389999999999192,1
56,31,121,508,1219,1727,stranger,2.7249030860202983,3.536454979500707,0.2,0.5655380915615018,1.2279999999999975,1
56,32,121,508,1219,1727,self,7.708907593404317,3.536454979500707,0.2,0.5655380915615018,0.4840000000000002,1
56,33,121,508,1219,1727,stranger,1.5165019397175399,3.536454979500707,0.2,0.5655380915615018,2.1719999999998936,1
56,34,121,508,1219,1727,stranger,1.766925660056289,3.536454979500707,0.2,0.5655380915615018,1.727,0
56,35,121,508,1219,1727,self,7.764112341273014,3.536454979500707,0.2,0.5655380915615018,0.7010000000000003,1
56,36,121,508,1219,1727,stranger,1.5934227743755265,3.536454979500707,0.2,0.5655380915615018,0.7100000000000004,0
56,37,121,508,1219,1727,self,7.38616981858893,3.536454979500707,0.2,0.5655380915615018,0.5400000000000003,1
56,38,121,508,1219,1727,self,7.294915843109832,3.536454979500707,0.2,0.5655380915615018,0.6150000000000003,1
56,39,121,508,1219,1727,self,6.834542489329903,3.536454979500707,0.2,0.5655380915615018,0.6230000000000003,1
56,40,121,508,1219,1727,self,6.946791181758202,3.536454979500707,0.2,0.5655380915615018,0.7110000000000003,1
56,41,121,508,1219,1727,stranger,0.909756780700071,3.536454979500707,0.2,0.5655380915615018,1.727,0
56,42,121,508,1219,1727,stranger,2.4366622184827227,3.536454979500707,0.2,0.5655380915615018,1.2739999999999925,1
56,43,121,508,1219,1727,stranger,0.8752747601190531,3.536454979500707,0.2,0.5655380915615018,0.4840000000000002,0
56,44,121,508,1219,1727,stranger,1.4790460990192225,3.536454979500707,0.2,0.5655380915615018,0.5900000000000003,0
56,45,121,508,1219,1727,stranger,1.8560821297435388,3.536454979500707,0.2,0.5655380915615018,1.1410000000000007,1
56,46,121,508,1219,1727,self,7.45277133801342,3.536454979500707,0.2,0.5655380915615018,0.5500000000000003,1
56,47,121,508,1219,1727,self,7.3759693554159345,3.536454979500707,0.2,0.5655380915615018,0.5880000000000003,1
56,48,121,508,1219,1727,stranger,2.2652676432976873,3.536454979500707,0.2,0.5655380915615018,1.921999999999921,1
56,49,121,508,1219,1727,self,7.025696688904465,3.536454979500707,0.2,0.5655380915615018,0.7650000000000003,1
56,50,121,508,1219,1727,self,6.840169107642875,3.536454979500707,0.2,0.5655380915615018,0.7620000000000005,1
56,51,121,508,1219,1727,stranger,1.5130560565699527,3.536454979500707,0.2,0.5655380915615018,1.1330000000000007,1
56,52,121,508,1219,1727,stranger,2.6876569241315407,3.536454979500707,0.2,0.5655380915615018,1.5439999999999627,1
56,53,121,508,1219,1727,self,6.32367863628423,3.536454979500707,0.2,0.5655380915615018,0.7000000000000004,1
56,54,121,508,1219,1727,self,7.060106892870944,3.536454979500707,0.2,0.5655380915615018,0.5700000000000003,1
56,55,121,508,1219,1727,self,7.940822088156377,3.536454979500707,0.2,0.5655380915615018,0.6230000000000003,1
56,56,121,508,1219,1727,stranger,0.400727677558273,3.536454979500707,0.2,0.5655380915615018,1.727,0
56,57,121,508,1219,1727,self,7.460033553748307,3.536454979500707,0.2,0.5655380915615018,0.7270000000000003,1
56,58,121,508,1219,1727,stranger,2.1342185433663365,3.536454979500707,0.2,0.5655380915615018,1.8819999999999255,1
56,59,121,508,1219,1727,stranger,1.5751593150081353,3.536454979500707,0.2,0.5655380915615018,1.876999999999926,1
56,60,121,508,1219,1727,stranger,1.3983597231959939,3.536454979500707,0.2,0.5655380915615018,1.6519999999999508,1
57,1,24,153,867,1020,stranger,-0.6704334487110053,4.201870531857406,0.2,0.47597849215880406,0.4730000000000002,0
57,2,24,153,867,1020,stranger,0.1745786035647232,4.201870531857406,0.2,0.47597849215880406,2.0529999999999067,1
57,3,24,153,867,1020,self,3.0021498627165837,4.201870531857406,0.2,0.47597849215880406,0.7620000000000005,1
57,4,24,153,867,1020,self,2.424518244872013,4.201870531857406,0.2,0.47597849215880406,1.640999999999952,1
57,5,24,153,867,1020,stranger,-0.7297494207516986,4.201870531857406,0.2,0.47597849215880406,0.26300000000000007,0
57,6,24,153,867,1020,self,2.1701178125524305,4.201870531857406,0.2,0.47597849215880406,2.1619999999998947,1
57,7,24,153,867,1020,stranger,-0.3849856728340766,4.201870531857406,0.2,0.47597849215880406,0.2720000000000001,0
57,8,24,153,867,1020,stranger,-0.49629595548998817,4.201870531857406,0.2,0.47597849215880406,0.8380000000000005,0
57,9,24,153,867,1020,self,1.9588244452421613,4.201870531857406,0.2,0.47597849215880406,1.686999999999947,1
57,10,24,153,867,1020,stranger,-0.29607444924743476,4.201870531857406,0.2,0.47597849215880406,0.6420000000000003,0
57,11,24,153,867,1020,stranger,-1.4477514306701798,4.201870531857406,0.2,0.47597849215880406,0.2910000000000001,0
57,12,24,153,867,1020,stranger,-0.748094450658505,4.201870531857406,0.2,0.47597849215880406,0.25700000000000006,0
57,13,24,153,867,1020,stranger,-0.32542432625811224,4.201870531857406,0.2,0.47597849215880406,1.02,0
57,14,24,153,867,1020,stranger,-0.9317882153597905,4.201870531857406,0.2,0.47597849215880406,0.9380000000000006,0
57,15,24,153,867,1020,stranger,-0.8413115605726746,4.201870531857406,0.2,0.47597849215880406,0.5010000000000002,0
57,16,24,153,867,1020,stranger,-0.9515525889987198,4.201870531857406,0.2,0.47597849215880406,0.3610000000000001,0
57,17,24,153,867,1020,self,3.0980023501469827,4.201870531857406,0.2,0.47597849215880406,1.4569999999999723,1
57,18,24,153,867,1020,self,2.9763331905025474,4.201870531857406,0.2,0.47597849215880406,1.5829999999999584,1
57,19,24,153,867,1020,self,1.6114034888756263,4.201870531857406,0.2,0.47597849215880406,0.2920000000000001,0
57,20,24,153,867,1020,self,2.774854958211593,4.201870531857406,0.2,0.47597849215880406,1.6289999999999534,1
57,21,24,153,867,1020,stranger,0.1955742067426396,4.201870531857406,0.2,0.47597849215880406,2.157999999999895,1
57,22,24,153,867,1020,stranger,-0.2322083097789398,4.201870531857406,0.2,0.47597849215880406,0.3180000000000001,0
57,23,24,153,867,1020,self,2.3018275464704363,4.201870531857406,0.2,0.47597849215880406,1.2020000000000004,1
57,24,24,153,867,1020,self,1.9334693282537332,4.201870531857406,0.2,0.47597849215880406,0.2790000000000001,0
57,25,24,153,867,1020,stranger,-0.6685746866100981,4.201870531857406,0.2,0.47597849215880406,0.8420000000000005,0
57,26,24,153,867,1020,self,1.4756207632198128,4.201870531857406,0.2,0.47597849215880406,0.7740000000000005,0
57,27,24,153,867,1020,stranger,0.004273748131373933,4.201870531857406,0.2,0.47597849215880406,0.3690000000000001,0
57,28,24,153,867,1020,self,1.738605861679806,4.201870531857406,0.2,0.47597849215880406,1.02,0
57,29,24,153,867,1020,stranger,-0.5536002429990781,4.201870531857406,0.2,0.47597849215880406,0.3120000000000001,0
57,30,24,153,867,1020,self,1.7056875733933827,4.201870531857406,0.2,0.47597849215880406,1.38699999999998,0
57,31,24,153,867,1020,stranger,-0.8206474528698408,4.201870531857406,0.2,0.47597849215880406,1.02,0
57,32,24,153,867,1020,self,1.9149466373499182,4.201870531857406,0.2,0.47597849215880406,1.4999999999999676,1
57,33,24,153,867,1020,self,2.5535989122755725,4.201870531857406,0.2,0.47597849215880406,1.6879999999999469,1
57,34,24,153,867,1020,stranger,-0.18030025588351428,4.201870531857406,0.2,0.47597849215880406,0.3220000000000001,0
57,35,24,153,867,1020,self,2.175871327897197,4.201870531857406,0.2,0.47597849215880406,1.8579999999999282,1
57,36,24,153,867,1020,stranger,-0.7318755163740619,4.201870531857406,0.2,0.47597849215880406,0.8650000000000004,0
57,37,24,153,867,1020,stranger,-0.11668376591986873,4.201870531857406,0.2,0.47597849215880406,1.7299999999999423,0
57,38,24,153,867,1020,self,2.5341182548522587,4.201870531857406,0.2,0.47597849215880406,0.9210000000000005,1
57,39,24,153,867,1020,self,2.7394387042356074,4.201870531857406,0.2,0.47597849215880406,1.3429999999999849,1
57,40,24,153,867,1020,self,1.5176076768497628,4.201870531857406,0.2,0.47597849215880406,1.02,0
57,41,24,153,867,1020,self,2.014546644337485,4.201870531857406,0.2,0.47597849215880406,1.968999999999916,1
57,42,24,153,867,1020,self,1.8896012179355326,4.201870531857406,0.2,0.47597849215880406,2.1639999999998945,1
57,43,24,153,867,1020,stranger,0.26760147208029306,4.201870531857406,0.2,0.47597849215880406,2.1099999999999004,1
57,44,24,153,867,1020,self,2.3620649426148845,4.201870531857406,0.2,0.47597849215880406,1.02,0
57,45,24,153,867,1020,stranger,-0.2747060997834794,4.201870531857406,0.2,0.47597849215880406,1.3099999999999885,0
57,46,24,153,867,1020,self,2.22758417668723,4.201870531857406,0.2,0.47597849215880406,1.02,0
57,47,24,153,867,1020,stranger,-0.6049495828145945,4.201870531857406,0.2,0.47597849215880406,1.02,0
57,48,24,153,867,1020,self,2.2672613027991484,4.201870531857406,0.2,0.47597849215880406,1.8479999999999293,1
57,49,24,153,867,1020,self,2.9188698337875243,4.201870531857406,0.2,0.47597849215880406,1.3929999999999794,1
57,50,24,153,867,1020,stranger,-1.1870073510634198,4.201870531857406,0.2,0.47597849215880406,0.3690000000000001,0
57,51,24,153,867,1020,stranger,0.22382326879586323,4.201870531857406,0.2,0.47597849215880406,0.3080000000000001,0
57,52,24,153,867,1020,stranger,-0.11744380728742287,4.201870531857406,0.2,0.47597849215880406,0.4560000000000002,0
57,53,24,153,867,1020,stranger,0.48225824142125795,4.201870531857406,0.2,0.47597849215880406,0.5020000000000002,0
57,54,24,153,867,1020,self,2.7886396838236474,4.201870531857406,0.2,0.47597849215880406,1.0200000000000007,1
57,55,24,153,867,1020,self,1.94166530600793,4.201870531857406,0.2,0.47597849215880406,1.02,0
57,56,24,153,867,1020,self,2.0969867615799016,4.201870531857406,0.2,0.47597849215880406,1.8029999999999342,1
57,57,24,153,867,1020,self,3.4087483725816954,4.201870531857406,0.2,0.47597849215880406,1.1130000000000007,1
57,58,24,153,867,1020,stranger,-1.7240729193487883,4.201870531857406,0.2,0.47597849215880406,0.2970000000000001,0
57,59,24,153,867,1020,stranger,-1.257696122530973,4.201870531857406,0.2,0.47597849215880406,0.3440000000000001,0
57,60,24,153,867,1020,self,2.0776170972677885,4.201870531857406,0.2,0.47597849215880406,1.5019999999999674,1
58,1,90,105,1458,1563,stranger,0.792897055314925,3.6683176987554957,0.2,0.5452090479182092,0.6670000000000004,0
58,2,90,105,1458,1563,stranger,1.4321288661762706,3.6683176987554957,0.2,0.5452090479182092,1.563,0
58,3,90,105,1458,1563,stranger,1.4463919627525645,3.6683176987554957,0.2,0.5452090479182092,1.1900000000000008,1
58,4,90,105,1458,1563,self,3.3172361876414405,3.6683176987554957,0.2,0.5452090479182092,1.7739999999999374,1
58,5,90,105,1458,1563,self,3.447601110668793,3.6683176987554957,0.2,0.5452090479182092,0.6250000000000003,1
58,6,90,105,1458,1563,stranger,0.23984979870915682,3.6683176987554957,0.2,0.5452090479182092,1.2339999999999969,0
58,7,90,105,1458,1563,self,3.4613753079003295,3.6683176987554957,0.2,0.5452090479182092,0.8660000000000005,1
58,8,90,105,1458,1563,self,4.605616098973388,3.6683176987554957,0.2,0.5452090479182092,0.6670000000000004,1
58,9,90,105,1458,1563,self,3.3286084991272187,3.6683176987554957,0.2,0.5452090479182092,1.1770000000000007,1
58,10,90,105,1458,1563,stranger,0.1396582720536558,3.6683176987554957,0.2,0.5452090479182092,1.1260000000000008,0
58,11,90,105,1458,1563,self,3.5013227161889775,3.6683176987554957,0.2,0.5452090479182092,1.331999999999986,1
58,12,90,105,1458,1563,stranger,0.2863982176206703,3.6683176987554957,0.2,0.5452090479182092,0.6230000000000003,0
58,13,90,105,1458,1563,stranger,0.9033561094663984,3.6683176987554957,0.2,0.5452090479182092,1.563,0
58,14,90,105,1458,1563,self,4.282158961142273,3.6683176987554957,0.2,0.5452090479182092,1.3839999999999804,1
58,15,90,105,1458,1563,stranger,0.3590238768054035,3.6683176987554957,0.2,0.5452090479182092,1.541999999999963,0
58,16,90,105,1458,1563,stranger,0.17089854202215907,3.6683176987554957,0.2,0.5452090479182092,1.563,0
58,17,90,105,1458,1563,stranger,1.179112087577596,3.6683176987554957,0.2,0.5452090479182092,1.563,0
58,18,90,105,1458,1563,self,3.148742860882839,3.6683176987554957,0.2,0.5452090479182092,1.0280000000000007,1
58,19,90,105,1458,1563,self,4.135940444471875,3.6683176987554957,0.2,0.5452090479182092,0.8280000000000005,1
58,20,90,105,1458,1563,stranger,0.29595183253402524,3.6683176987554957,0.2,0.5452090479182092,0.7250000000000003,0
58,21,90,105,1458,1563,self,3.53701393764697,3.6683176987554957,0.2,0.5452090479182092,0.9500000000000006,1
58,22,90,105,1458,1563,stranger,0.8577666610723864,3.6683176987554957,0.2,0.5452090479182092,1.563,0
58,23,90,105,1458,1563,self,3.174137530430894,3.6683176987554957,0.2,0.5452090479182092,1.6539999999999506,1
58,24,90,105,1458,1563,stranger,1.2678278483848198,3.6683176987554957,0.2,0.5452090479182092,2.085999999999903,1
58,25,90,105,1458,1563,self,3.453135990417268,3.6683176987554957,0.2,0.5452090479182092,0.8540000000000005,1
58,26,90,105,1458,1563,self,3.6196424754996834,3.6683176987554957,0.2,0.5452090479182092,0.9000000000000006,1
58,27,90,105,1458,1563,self,3.601538316553621,3.6683176987554957,0.2,0.5452090479182092,0.8330000000000004,1
58,28,90,105,1458,1563,self,3.1979823409442654,3.6683176987554957,0.2,0.5452090479182092,0.9600000000000006,1
58,29,90,105,1458,1563,self,3.0675381124026786,3.6683176987554957,0.2,0.5452090479182092,1.3029999999999893,1
58,30,90,105,1458,1563,self,3.849405586047531,3.6683176987554957,0.2,0.5452090479182092,1.7069999999999448,1
58,31,90,105,1458,1563,self,3.775670833296009,3.6683176987554957,0.2,0.5452090479182092,1.38699999999998,1
58,32,90,105,1458,1563,self,4.203888396073989,3.6683176987554957,0.2,0.5452090479182092,1.1900000000000008,1
58,33,90,105,1458,1563,stranger,0.21064822057287183,3.6683176987554957,0.2,0.5452090479182092,0.3770000000000001,0
58,34,90,105,1458,1563,stranger,0.604737409709117,3.6683176987554957,0.2,0.5452090479182092,1.563,0
58,35,90,105,1458,1563,self,4.47827830874822,3.6683176987554957,0.2,0.5452090479182092,0.9480000000000006,1
58,36,90,105,1458,1563,stranger,1.239946787893992,3.6683176987554957,0.2,0.5452090479182092,0.5940000000000003,0
58,37,90,105,1458,1563,stranger,0.4061825079050001,3.6683176987554957,0.2,0.5452090479182092,1.563,0
58,38,90,105,1458,1563,stranger,1.387275881282772,3.6683176987554957,0.2,0.5452090479182092,0.22500000000000003,0
58,39,90,105,1458,1563,self,4.010249259507074,3.6683176987554957,0.2,0.5452090479182092,0.7690000000000003,1
58,40,90,105,1458,1563,self,2.8009813347665253,3.6683176987554957,0.2,0.5452090479182092,0.9920000000000007,1
58,41,90,105,1458,1563,self,3.8341424441644825,3.6683176987554957,0.2,0.5452090479182092,0.9290000000000005,1
58,42,90,105,1458,1563,stranger,0.4861936779924033,3.6683176987554957,0.2,0.5452090479182092,1.563,0
58,43,90,105,1458,1563,stranger,0.6089339368124065,3.6683176987554957,0.2,0.5452090479182092,0.39800000000000013,0
58,44,90,105,1458,1563,self,4.197599507525235,3.6683176987554957,0.2,0.5452090479182092,1.1360000000000008,1
58,45,90,105,1458,1563,stranger,1.4911049479787413,3.6683176987554957,0.2,0.5452090479182092,1.1820000000000008,1
58,46,90,105,1458,1563,stranger,0.6813749527237888,3.6683176987554957,0.2,0.5452090479182092,0.5730000000000003,0
58,47,90,105,1458,1563,stranger,0.8199010029623948,3.6683176987554957,0.2,0.5452090479182092,1.563,0
58,48,90,105,1458,1563,stranger,0.6284746329387454,3.6683176987554957,0.2,0.5452090479182092,1.563,0
58,49,90,105,1458,1563,stranger,0.3143346368405404,3.6683176987554957,0.2,0.5452090479182092,0.6680000000000004,0
58,50,90,105,1458,1563,self,3.1554914027770966,3.6683176987554957,0.2,0.5452090479182092,1.6259999999999537,1
58,51,90,105,1458,1563,stranger,0.3276340502827292,3.6683176987554957,0.2,0.5452090479182092,0.43300000000000016,0
58,52,90,105,1458,1563,self,3.507498545007883,3.6683176987554957,0.2,0.5452090479182092,1.4809999999999697,1
58,53,90,105,1458,1563,stranger,0.10746536221475725,3.6683176987554957,0.2,0.5452090479182092,0.3130000000000001,0
58,54,90,105,1458,1563,self,4.366207613994647,3.6683176987554957,0.2,0.5452090479182092,0.8000000000000005,1
58,55,90,105,1458,1563,stranger,-0.06255182590087591,3.6683176987554957,0.2,0.5452090479182092,0.3430000000000001,0
58,56,90,105,1458,1563,stranger,-0.1279363084402033,3.6683176987554957,0.2,0.5452090479182092,1.563,0
58,57,90,105,1458,1563,self,3.431153986923445,3.6683176987554957,0.2,0.5452090479182092,1.2769999999999921,1
58,58,90,105,1458,1563,self,4.200677324819029,3.6683176987554957,0.2,0.5452090479182092,1.1230000000000007,1
58,59,90,105,1458,1563,stranger,0.9182860712650168,3.6683176987554957,0.2,0.5452090479182092,2.1519999999998958,1
58,60,90,105,1458,1563,self,3.7665653268802095,3.6683176987554957,0.2,0.5452090479182092,1.0800000000000007,1
59,1,112,327,583,910,stranger,2.2002741953742797,2.8865758452535446,0.2,0.6928624457551118,1.0720000000000007,1
59,2,112,327,583,910,self,6.932314235558813,2.8865758452535446,0.2,0.6928624457551118,0.5360000000000003,1
59,3,112,327,583,910,self,8.096355684652718,2.8865758452535446,0.2,0.6928624457551118,0.4990000000000002,1
59,4,112,327,583,910,self,6.710775901023527,2.8865758452535446,0.2,0.6928624457551118,0.6470000000000004,1
59,5,112,327,583,910,self,7.338531166547869,2.8865758452535446,0.2,0.6928624457551118,0.39400000000000013,1
59,6,112,327,583,910,self,7.50392161130593,2.8865758452535446,0.2,0.6928624457551118,0.5360000000000003,1
59,7,112,327,583,910,self,6.92335383212704,2.8865758452535446,0.2,0.6928624457551118,0.41500000000000015,1
59,8,112,327,583,910,stranger,2.6342142509632103,2.8865758452535446,0.2,0.6928624457551118,0.9620000000000006,1
59,9,112,327,583,910,stranger,2.8880149789894194,2.8865758452535446,0.2,0.6928624457551118,1.0630000000000006,1
59,10,112,327,583,910,stranger,2.023815558464383,2.8865758452535446,0.2,0.6928624457551118,1.0980000000000008,1
59,11,112,327,583,910,stranger,2.4151702973715286,2.8865758452535446,0.2,0.6928624457551118,0.8730000000000004,1
59,12,112,327,583,910,self,7.4052138944543815,2.8865758452535446,0.2,0.6928624457551118,0.6490000000000004,1
59,13,112,327,583,910,stranger,2.5897287392606536,2.8865758452535446,0.2,0.6928624457551118,0.9970000000000006,1
59,14,112,327,583,910,self,8.179618802275535,2.8865758452535446,0.2,0.6928624457551118,0.5160000000000002,1
59,15,112,327,583,910,stranger,1.755958325513817,2.8865758452535446,0.2,0.6928624457551118,0.9330000000000005,1
59,16,112,327,583,910,self,7.812531115390193,2.8865758452535446,0.2,0.6928624457551118,0.5280000000000002,1
59,17,112,327,583,910,self,8.197202693865009,2.8865758452535446,0.2,0.6928624457551118,0.42500000000000016,1
59,18,112,327,583,910,stranger,2.3009496966975647,2.8865758452535446,0.2,0.6928624457551118,0.91,0
59,19,112,327,583,910,stranger,1.768585320966654,2.8865758452535446,0.2,0.6928624457551118,1.3639999999999826,1
59,20,112,327,583,910,stranger,3.3602726311181277,2.8865758452535446,0.2,0.6928624457551118,0.6470000000000004,1
59,21,112,327,583,910,stranger,1.3949853797055114,2.8865758452535446,0.2,0.6928624457551118,1.2839999999999914,1
59,22,112,327,583,910,stranger,1.9989594029866034,2.8865758452535446,0.2,0.6928624457551118,0.5000000000000002,0
59,23,112,327,583,910,stranger,2.728867815849088,2.8865758452535446,0.2,0.6928624457551118,1.1480000000000008,1
59,24,112,327,583,910,stranger,2.506109606892811,2.8865758452535446,0.2,0.6928624457551118,1.3249999999999869,1
59,25,112,327,583,910,stranger,2.696708370898055,2.8865758452535446,0.2,0.6928624457551118,1.4359999999999746,1
59,26,112,327,583,910,self,6.376473185592642,2.8865758452535446,0.2,0.6928624457551118,0.5120000000000002,1
59,27,112,327,583,910,stranger,2.4412278261220717,2.8865758452535446,0.2,0.6928624457551118,0.6140000000000003,1
59,28,112,327,583,910,self,6.992603603887095,2.8865758452535446,0.2,0.6928624457551118,0.6620000000000004,1
59,29,112,327,583,910,stranger,2.197476019201444,2.8865758452535446,0.2,0.6928624457551118,1.0720000000000007,1
59,30,112,327,583,910,self,8.047151515726696,2.8865758452535446,0.2,0.6928624457551118,0.5870000000000003,1
59,31,112,327,583,910,self,6.186627977428348,2.8865758452535446,0.2,0.6928624457551118,0.5110000000000002,1
59,32,112,327,583,910,self,7.586645019611958,2.8865758452535446,0.2,0.6928624457551118,0.5790000000000003,1
59,33,112,327,583,910,self,6.834664894462725,2.8865758452535446,0.2,0.6928624457551118,0.5990000000000003,1
59,34,112,327,583,910,self,7.5416960659291625,2.8865758452535446,0.2,0.6928624457551118,0.4920000000000002,1
59,35,112,327,583,910,self,7.749450392218584,2.8865758452535446,0.2,0.6928624457551118,0.6040000000000003,1
59,36,112,327,583,910,stranger,2.1371337276711655,2.8865758452535446,0.2,0.6928624457551118,1.0680000000000007,1
59,37,112,327,583,910,self,8.409622098560277,2.8865758452535446,0.2,0.6928624457551118,0.42900000000000016,1
59,38,112,327,583,910,stranger,1.4637318074387626,2.8865758452535446,0.2,0.6928624457551118,1.7569999999999393,1
59,39,112,327,583,910,self,7.201062737171399,2.8865758452535446,0.2,0.6928624457551118,0.6190000000000003,1
59,40,112,327,583,910,stranger,1.6282650104170973,2.8865758452535446,0.2,0.6928624457551118,1.3749999999999813,1
59,41,112,327,583,910,self,6.660951484552289,2.8865758452535446,0.2,0.6928624457551118,0.5690000000000003,1
59,42,112,327,583,910,self,7.456206791823226,2.8865758452535446,0.2,0.6928624457551118,0.5630000000000003,1
59,43,112,327,583,910,self,7.200589620449775,2.8865758452535446,0.2,0.6928624457551118,0.5290000000000002,1
59,44,112,327,583,910,stranger,2.794798225523855,2.8865758452535446,0.2,0.6928624457551118,1.0360000000000007,1
59,45,112,327,583,910,self,7.257319252046357,2.8865758452535446,0.2,0.6928624457551118,0.6320000000000003,1
59,46,112,327,583,910,self,7.627004642152974,2.8865758452535446,0.2,0.6928624457551118,0.41300000000000014,1
59,47,112,327,583,910,stranger,3.0156637516389475,2.8865758452535446,0.2,0.6928624457551118,0.8910000000000005,1
59,48,112,327,583,910,self,7.805222224372245,2.8865758452535446,0.2,0.6928624457551118,0.5210000000000002,1
59,49,112,327,583,910,self,6.886291771762944,2.8865758452535446,0.2,0.6928624457551118,0.5820000000000003,1
59,50,112,327,583,910,stranger,1.9616352442820624,2.8865758452535446,0.2,0.6928624457551118,0.7550000000000003,0
59,51,112,327,583,910,stranger,3.2045113029703955,2.8865758452535446,0.2,0.6928624457551118,0.7610000000000003,1
59,52,112,327,583,910,stranger,1.72270883859375,2.8865758452535446,0.2,0.6928624457551118,1.9439999999999187,1
59,53,112,327,583,910,self,7.27206325030053,2.8865758452535446,0.2,0.6928624457551118,0.5350000000000003,1
59,54,112,327,583,910,self,7.344451792042166,2.8865758452535446,0.2,0.6928624457551118,0.4520000000000002,1
59,55,112,327,583,910,stranger,2.6577314582105496,2.8865758452535446,0.2,0.6928624457551118,1.5659999999999603,1
59,56,112,327,583,910,stranger,1.3203243155364786,2.8865758452535446,0.2,0.6928624457551118,1.2099999999999995,1
59,57,112,327,583,910,self,7.2570482948556405,2.8865758452535446,0.2,0.6928624457551118,0.4820000000000002,1
59,58,112,327,583,910,stranger,1.9805792750764888,2.8865758452535446,0.2,0.6928624457551118,0.9180000000000006,1
59,59,112,327,583,910,stranger,1.9705144299593158,2.8865758452535446,0.2,0.6928624457551118,1.0330000000000006,1
59,60,112,327,583,910,stranger,1.5314830596054891,2.8865758452535446,0.2,0.6928624457551118,1.8799999999999257,1
60,1,124,191,887,1078,stranger,2.171385767242335,3.1442465707862683,0.2,0.6360824302337932,0.8380000000000005,1
60,2,124,191,887,1078,self,6.768772478025188,3.1442465707862683,0.2,0.6360824302337932,0.4850000000000002,1
60,3,124,191,887,1078,self,7.604357730767594,3.1442465707862683,0.2,0.6360824302337932,0.4800000000000002,1
60,4,124,191,887,1078,self,6.616723947980573,3.1442465707862683,0.2,0.6360824302337932,0.5140000000000002,1
60,5,124,191,887,1078,stranger,2.515678172470133,3.1442465707862683,0.2,0.6360824302337932,1.2769999999999921,1
60,6,124,191,887,1078,self,5.6468088381073755,3.1442465707862683,0.2,0.6360824302337932,0.6460000000000004,1
60,7,124,191,887,1078,self,7.133843139191887,3.1442465707862683,0.2,0.6360824302337932,0.6230000000000003,1
60,8,124,191,887,1078,stranger,2.554512358958635,3.1442465707862683,0.2,0.6360824302337932,1.1780000000000008,1
60,9,124,191,887,1078,self,7.501141828139231,3.1442465707862683,0.2,0.6360824302337932,0.4940000000000002,1
60,10,124,191,887,1078,self,6.088892399303241,3.1442465707862683,0.2,0.6360824302337932,0.7010000000000003,1
60,11,124,191,887,1078,self,6.686214318341419,3.1442465707862683,0.2,0.6360824302337932,0.5720000000000003,1
60,12,124,191,887,1078,stranger,3.195327981614092,3.1442465707862683,0.2,0.6360824302337932,0.6310000000000003,1
60,13,124,191,887,1078,stranger,1.6113749888684694,3.1442465707862683,0.2,0.6360824302337932,1.213999999999999,1
60,14,124,191,887,1078,self,6.078107110424877,3.1442465707862683,0.2,0.6360824302337932,0.42600000000000016,1
60,15,124,191,887,1078,stranger,2.3968707886574037,3.1442465707862683,0.2,0.6360824302337932,1.6889999999999468,1
60,16,124,191,887,1078,stranger,2.6114039553194948,3.1442465707862683,0.2,0.6360824302337932,1.3629999999999827,1
60,17,124,191,887,1078,stranger,1.9386572610897659,3.1442465707862683,0.2,0.6360824302337932,0.7540000000000004,1
60,18,124,191,887,1078,self,6.254632009881975,3.1442465707862683,0.2,0.6360824302337932,0.5140000000000002,1
60,19,124,191,887,1078,stranger,1.9635649570817173,3.1442465707862683,0.2,0.6360824302337932,1.5579999999999612,1
60,20,124,191,887,1078,stranger,3.502284358795152,3.1442465707862683,0.2,0.6360824302337932,0.6730000000000004,1
60,21,124,191,887,1078,self,6.448133461889142,3.1442465707862683,0.2,0.6360824302337932,0.7630000000000003,1
60,22,124,191,887,1078,self,6.446463025512175,3.1442465707862683,0.2,0.6360824302337932,0.4840000000000002,1
60,23,124,191,887,1078,stranger,2.5524190597217027,3.1442465707862683,0.2,0.6360824302337932,1.3189999999999875,1
60,24,124,191,887,1078,stranger,2.5836840506483894,3.1442465707862683,0.2,0.6360824302337932,1.6729999999999485,1
60,25,124,191,887,1078,self,6.339416978193238,3.1442465707862683,0.2,0.6360824302337932,0.6460000000000004,1
60,26,124,191,887,1078,stranger,2.501041329716375,3.1442465707862683,0.2,0.6360824302337932,1.6899999999999467,1
60,27,124,191,887,1078,self,7.065715358908374,3.1442465707862683,0.2,0.6360824302337932,0.42500000000000016,1
60,28,124,191,887,1078,stranger,1.729149151266682,3.1442465707862683,0.2,0.6360824302337932,1.4759999999999702,1
60,29,124,191,887,1078,self,6.792868117017706,3.1442465707862683,0.2,0.6360824302337932,0.4670000000000002,1
60,30,124,191,887,1078,stranger,2.2906642773866652,3.1442465707862683,0.2,0.6360824302337932,1.4479999999999733,1
60,31,124,191,887,1078,stranger,2.3669119567457573,3.1442465707862683,0.2,0.6360824302337932,1.0400000000000007,1
60,32,124,191,887,1078,self,5.998191955126675,3.1442465707862683,0.2,0.6360824302337932,0.4570000000000002,1
60,33,124,191,887,1078,stranger,3.257570919302402,3.1442465707862683,0.2,0.6360824302337932,1.1140000000000008,1
60,34,124,191,887,1078,stranger,2.7401902897735546,3.1442465707862683,0.2,0.6360824302337932,0.7340000000000004,1
60,35,124,191,887,1078,self,6.848466649520649,3.1442465707862683,0.2,0.6360824302337932,0.5510000000000003,1
60,36,124,191,887,1078,self,5.720479935524313,3.1442465707862683,0.2,0.6360824302337932,0.7340000000000004,1
60,37,124,191,887,1078,stranger,2.7036953839918194,3.1442465707862683,0.2,0.6360824302337932,0.9390000000000005,1
60,38,124,191,887,1078,self,6.726332856733698,3.1442465707862683,0.2,0.6360824302337932,0.5390000000000003,1
60,39,124,191,887,1078,stranger,2.699022505773051,3.1442465707862683,0.2,0.6360824302337932,0.7420000000000004,1
60,40,124,191,887,1078,self,7.751465780092595,3.1442465707862683,0.2,0.6360824302337932,0.5220000000000002,1
60,41,124,191,887,1078,stranger,2.612311763234345,3.1442465707862683,0.2,0.6360824302337932,1.0070000000000006,1
60,42,124,191,887,1078,self,7.06477703745286,3.1442465707862683,0.2,0.6360824302337932,0.5550000000000003,1
60,43,124,191,887,1078,self,6.739078183691689,3.1442465707862683,0.2,0.6360824302337932,0.6130000000000003,1
60,44,124,191,887,1078,stranger,3.152979140258187,3.1442465707862683,0.2,0.6360824302337932,0.6720000000000004,1
60,45,124,191,887,1078,self,7.240177609499632,3.1442465707862683,0.2,0.6360824302337932,0.5020000000000002,1
60,46,124,191,887,1078,self,6.0058233730030715,3.1442465707862683,0.2,0.6360824302337932,0.8360000000000005,1
60,47,124,191,887,1078,self,6.870481059512855,3.1442465707862683,0.2,0.6360824302337932,0.5290000000000002,1
60,48,124,191,887,1078,stranger,2.1849729139748115,3.1442465707862683,0.2,0.6360824302337932,1.1110000000000007,1
60,49,124,191,887,1078,stranger,2.661742162039066,3.1442465707862683,0.2,0.6360824302337932,0.7830000000000004,1
60,50,124,191,887,1078,stranger,2.743430570080457,3.1442465707862683,0.2,0.6360824302337932,2.1659999999998942,1
60,51,124,191,887,1078,stranger,1.7061072225837939,3.1442465707862683,0.2,0.6360824302337932,0.3630000000000001,0
60,52,124,191,887,1078,self,6.809177148097376,3.1442465707862683,0.2,0.6360824302337932,0.5980000000000003,1
60,53,124,191,887,1078,self,7.508361718162465,3.1442465707862683,0.2,0.6360824302337932,0.4980000000000002,1
60,54,124,191,887,1078,stranger,2.613787141950799,3.1442465707862683,0.2,0.6360824302337932,1.1090000000000007,1
60,55,124,191,887,1078,stranger,2.733871466736008,3.1442465707862683,0.2,0.6360824302337932,0.9360000000000006,1
60,56,124,191,887,1078,stranger,2.435030288279134,3.1442465707862683,0.2,0.6360824302337932,1.2040000000000002,1
60,57,124,191,887,1078,stranger,2.8411277112676396,3.1442465707862683,0.2,0.6360824302337932,0.8560000000000005,1
60,58,124,191,887,1078,self,6.721132959022558,3.1442465707862683,0.2,0.6360824302337932,0.5190000000000002,1
60,59,124,191,887,1078,self,6.468745485454644,3.1442465707862683,0.2,0.6360824302337932,0.5310000000000002,1
60,60,124,191,887,1078,self,6.033560116318229,3.1442465707862683,0.2,0.6360824302337932,0.5390000000000003,1
61,1,131,571,1336,1907,stranger,1.5601070556931793,3.4517908028484077,0.2,0.5794093889900876,1.907,0
61,2,131,571,1336,1907,stranger,2.2624312345532336,3.4517908028484077,0.2,0.5794093889900876,0.6400000000000003,1
61,3,131,571,1336,1907,stranger,1.695977825862857,3.4517908028484077,0.2,0.5794093889900876,1.758999999999939,1
61,4,131,571,1336,1907,self,7.998853060854738,3.4517908028484077,0.2,0.5794093889900876,0.5160000000000002,1
61,5,131,571,1336,1907,self,7.4302510699307875,3.4517908028484077,0.2,0.5794093889900876,0.5760000000000003,1
61,6,131,571,1336,1907,self,7.642285621837032,3.4517908028484077,0.2,0.5794093889900876,0.5210000000000002,1
61,7,131,571,1336,1907,stranger,2.5476155873257977,3.4517908028484077,0.2,0.5794093889900876,2.3039999999998795,1
61,8,131,571,1336,1907,stranger,1.9128999064164056,3.4517908028484077,0.2,0.5794093889900876,1.907,0
61,9,131,571,1336,1907,self,6.3471102783431945,3.4517908028484077,0.2,0.5794093889900876,0.7220000000000004,1
61,10,131,571,1336,1907,self,7.83300513499965,3.4517908028484077,0.2,0.5794093889900876,0.6360000000000003,1
61,11,131,571,1336,1907,self,7.458694519866491,3.4517908028484077,0.2,0.5794093889900876,0.5690000000000003,1
61,12,131,571,1336,1907,self,6.834677723338307,3.4517908028484077,0.2,0.5794093889900876,0.7230000000000003,1
61,13,131,571,1336,1907,stranger,1.0342822169823938,3.4517908028484077,0.2,0.5794093889900876,1.907,0
61,14,131,571,1336,1907,self,7.633176966828846,3.4517908028484077,0.2,0.5794093889900876,0.6020000000000003,1
61,15,131,571,1336,1907,stranger,2.4024947609045744,3.4517908028484077,0.2,0.5794093889900876,1.1880000000000008,1
61,16,131,571,1336,1907,stranger,1.6964710146228748,3.4517908028484077,0.2,0.5794093889900876,1.1130000000000007,1
61,17,131,571,1336,1907,stranger,1.2126588119870954,3.4517908028484077,0.2,0.5794093889900876,2.1989999999998906,1
61,18,131,571,1336,1907,stranger,1.6323302335758594,3.4517908028484077,0.2,0.5794093889900876,2.0359999999999085,1
61,19,131,571,1336,1907,stranger,1.5879178424199438,3.4517908028484077,0.2,0.5794093889900876,1.6359999999999526,1
61,20,131,571,1336,1907,self,6.8196857201507335,3.4517908028484077,0.2,0.5794093889900876,0.6140000000000003,1
61,21,131,571,1336,1907,stranger,1.4309481574400913,3.4517908028484077,0.2,0.5794093889900876,1.2809999999999917,1
61,22,131,571,1336,1907,stranger,1.484598480029798,3.4517908028484077,0.2,0.5794093889900876,1.907,0
61,23,131,571,1336,1907,self,7.294157256023598,3.4517908028484077,0.2,0.5794093889900876,0.4970000000000002,1
61,24,131,571,1336,1907,stranger,1.8111591727553675,3.4517908028484077,0.2,0.5794093889900876,1.8559999999999284,1
61,25,131,571,1336,1907,stranger,2.4435795587234512,3.4517908028484077,0.2,0.5794093889900876,0.9190000000000005,1
61,26,131,571,1336,1907,self,7.930069800370156,3.4517908028484077,0.2,0.5794093889900876,0.5000000000000002,1
61,27,131,571,1336,1907,stranger,1.7736439897150014,3.4517908028484077,0.2,0.5794093889900876,1.0360000000000007,1
61,28,131,571,1336,1907,stranger,0.587040384751188,3.4517908028484077,0.2,0.5794093889900876,1.4669999999999712,0
61,29,131,571,1336,1907,self,7.773181771191988,3.4517908028484077,0.2,0.5794093889900876,0.7070000000000003,1
61,30,131,571,1336,1907,stranger,1.9856079877118187,3.4517908028484077,0.2,0.5794093889900876,0.9070000000000005,1
61,31,131,571,1336,1907,self,8.085682072873842,3.4517908028484077,0.2,0.5794093889900876,0.6380000000000003,1
61,32,131,571,1336,1907,self,7.0300946760095755,3.4517908028484077,0.2,0.5794093889900876,0.5490000000000003,1
61,33,131,571,1336,1907,self,7.776296953768198,3.4517908028484077,0.2,0.5794093889900876,0.5060000000000002,1
61,34,131,571,1336,1907,stranger,2.3665177203211436,3.4517908028484077,0.2,0.5794093889900876,1.0870000000000006,1
61,35,131,571,1336,1907,self,8.51616143089103,3.4517908028484077,0.2,0.5794093889900876,0.5300000000000002,1
61,36,131,571,1336,1907,self,6.094376151901241,3.4517908028484077,0.2,0.5794093889900876,0.6250000000000003,1
61,37,131,571,1336,1907,self,6.698175425671093,3.4517908028484077,0.2,0.5794093889900876,0.7530000000000003,1
61,38,131,571,1336,1907,self,7.010621460869595,3.4517908028484077,0.2,0.5794093889900876,0.7150000000000003,1
61,39,131,571,1336,1907,self,7.510041438682447,3.4517908028484077,0.2,0.5794093889900876,0.5590000000000003,1
61,40,131,571,1336,1907,self,7.8876752094172025,3.4517908028484077,0.2,0.5794093889900876,0.5700000000000003,1
61,41,131,571,1336,1907,stranger,1.4513798360750672,3.4517908028484077,0.2,0.5794093889900876,1.585999999999958,1
61,42,131,571,1336,1907,stranger,1.4004916950192305,3.4517908028484077,0.2,0.5794093889900876,2.215999999999889,1
61,43,131,571,1336,1907,stranger,1.5947064083295823,3.4517908028484077,0.2,0.5794093889900876,1.8059999999999339,1
61,44,131,571,1336,1907,stranger,0.9573126652556629,3.4517908028484077,0.2,0.5794093889900876,0.5740000000000003,0
61,45,131,571,1336,1907,self,7.352109623536756,3.4517908028484077,0.2,0.5794093889900876,0.5020000000000002,1
61,46,131,571,1336,1907,stranger,2.3884579437322335,3.4517908028484077,0.2,0.5794093889900876,1.2679999999999931,1
61,47,131,571,1336,1907,self,7.7223578266190565,3.4517908028484077,0.2,0.5794093889900876,0.5260000000000002,1
61,48,131,571,1336,1907,stranger,0.872784420991985,3.4517908028484077,0.2,0.5794093889900876,1.907,0
61,49,131,571,1336,1907,self,7.444267108122621,3.4517908028484077,0.2,0.5794093889900876,0.4670000000000002,1
61,50,131,571,1336,1907,stranger,1.7229561692321436,3.4517908028484077,0.2,0.5794093889900876,1.3009999999999895,1
61,51,131,571,1336,1907,self,7.1293673764276395,3.4517908028484077,0.2,0.5794093889900876,0.6030000000000003,1
61,52,131,571,1336,1907,self,6.204923268282775,3.4517908028484077,0.2,0.5794093889900876,0.8390000000000004,1
61,53,131,571,1336,1907,stranger,1.535861669575215,3.4517908028484077,0.2,0.5794093889900876,2.272999999999883,1
61,54,131,571,1336,1907,stranger,1.3949449670121816,3.4517908028484077,0.2,0.5794093889900876,1.907,0
61,55,131,571,1336,1907,self,6.974654197408523,3.4517908028484077,0.2,0.5794093889900876,0.6860000000000004,1
61,56,131,571,1336,1907,self,7.43533398448319,3.4517908028484077,0.2,0.5794093889900876,0.5560000000000003,1
61,57,131,571,1336,1907,self,6.994216146435259,3.4517908028484077,0.2,0.5794093889900876,0.5560000000000003,1
61,58,131,571,1336,1907,stranger,1.8596823556324924,3.4517908028484077,0.2,0.5794093889900876,2.4829999999998598,1
61,59,131,571,1336,1907,self,6.94389756228985,3.4517908028484077,0.2,0.5794093889900876,0.6970000000000004,1
61,60,131,571,1336,1907,stranger,2.306343765774546,3.4517908028484077,0.2,0.5794093889900876,1.3859999999999801,1
62,1,107,596,1373,1969,stranger,1.3231628162713398,3.421314958777101,0.2,0.5845705595941014,1.7359999999999416,1
62,2,107,596,1373,1969,stranger,1.47145329781395,3.421314958777101,0.2,0.5845705595941014,1.894999999999924,1
62,3,107,596,1373,1969,self,7.211904249075654,3.421314958777101,0.2,0.5845705595941014,0.5920000000000003,1
62,4,107,596,1373,1969,self,7.039144168819972,3.421314958777101,0.2,0.5845705595941014,0.6390000000000003,1
62,5,107,596,1373,1969,stranger,2.2725847911604204,3.421314958777101,0.2,0.5845705595941014,0.4660000000000002,0
62,6,107,596,1373,1969,self,6.5496637829010345,3.421314958777101,0.2,0.5845705595941014,0.6500000000000004,1
62,7,107,596,1373,1969,stranger,2.5688663039042305,3.421314958777101,0.2,0.5845705595941014,1.622999999999954,1
62,8,107,596,1373,1969,self,6.889969644494275,3.421314958777101,0.2,0.5845705595941014,0.5190000000000002,1
62,9,107,596,1373,1969,stranger,1.7809220487110524,3.421314958777101,0.2,0.5845705595941014,1.5749999999999593,1
62,10,107,596,1373,1969,self,7.568527624983865,3.421314958777101,0.2,0.5845705595941014,0.5270000000000002,1
62,11,107,596,1373,1969,stranger,1.717871747550952,3.421314958777101,0.2,0.5845705595941014,2.1449999999998965,1
62,12,107,596,1373,1969,self,7.445741479462109,3.421314958777101,0.2,0.5845705595941014,0.4670000000000002,1
62,13,107,596,1373,1969,stranger,2.3649632933768916,3.421314958777101,0.2,0.5845705595941014,0.9880000000000007,1
62,14,107,596,1373,1969,self,6.661868471497866,3.421314958777101,0.2,0.5845705595941014,0.5860000000000003,1
62,15,107,596,1373,1969,stranger,1.3220416055695021,3.421314958777101,0.2,0.5845705595941014,1.6839999999999473,1
62,16,107,596,1373,1969,stranger,1.1766193620371201,3.421314958777101,0.2,0.5845705595941014,1.4259999999999757,1
62,17,107,596,1373,1969,stranger,1.6749232897221356,3.421314958777101,0.2,0.5845705595941014,2.1439999999998967,1
62,18,107,596,1373,1969,self,8.150058236600668,3.421314958777101,0.2,0.5845705595941014,0.6220000000000003,1
62,19,107,596,1373,1969,self,7.271584151016931,3.421314958777101,0.2,0.5845705595941014,0.5880000000000003,1
62,20,107,596,1373,1969,self,7.472592669536044,3.421314958777101,0.2,0.5845705595941014,0.4930000000000002,1
62,21,107,596,1373,1969,stranger,1.7056733960423436,3.421314958777101,0.2,0.5845705595941014,0.5550000000000003,0
62,22,107,596,1373,1969,self,6.308539811300846,3.421314958777101,0.2,0.5845705595941014,0.7320000000000004,1
62,23,107,596,1373,1969,self,7.495000835985309,3.421314958777101,0.2,0.5845705595941014,0.6410000000000003,1
62,24,107,596,1373,1969,self,7.035573985909103,3.421314958777101,0.2,0.5845705595941014,0.6960000000000004,1
62,25,107,596,1373,1969,stranger,2.0518475033841295,3.421314958777101,0.2,0.5845705595941014,1.585999999999958,1
62,26,107,596,1373,1969,self,7.3533215506331375,3.421314958777101,0.2,0.5845705595941014,0.5100000000000002,1
62,27,107,596,1373,1969,stranger,1.7089932008685982,3.421314958777101,0.2,0.5845705595941014,0.25800000000000006,0
62,28,107,596,1373,1969,self,7.406913312186029,3.421314958777101,0.2,0.5845705595941014,0.6340000000000003,1
62,29,107,596,1373,1969,stranger,2.3918781117264136,3.421314958777101,0.2,0.5845705595941014,1.6809999999999476,1
62,30,107,596,1373,1969,self,7.246549197483005,3.421314958777101,0.2,0.5845705595941014,0.6870000000000004,1
62,31,107,596,1373,1969,stranger,2.0370970124679233,3.421314958777101,0.2,0.5845705595941014,0.8770000000000004,0
62,32,107,596,1373,1969,self,7.617983339670252,3.421314958777101,0.2,0.5845705595941014,0.5230000000000002,1
62,33,107,596,1373,1969,stranger,1.9262443584735518,3.421314958777101,0.2,0.5845705595941014,2.453999999999863,1
62,34,107,596,1373,1969,stranger,2.6060440376022327,3.421314958777101,0.2,0.5845705595941014,1.495999999999968,1
62,35,107,596,1373,1969,self,7.582515117951326,3.421314958777101,0.2,0.5845705595941014,0.4490000000000002,1
62,36,107,596,1373,1969,stranger,2.4329720921665965,3.421314958777101,0.2,0.5845705595941014,0.8550000000000004,1
62,37,107,596,1373,1969,stranger,0.829962009533515,3.421314958777101,0.2,0.5845705595941014,0.4840000000000002,0
62,38,107,596,1373,1969,stranger,2.210947282311483,3.421314958777101,0.2,0.5845705595941014,1.0100000000000007,1
62,39,107,596,1373,1969,stranger,1.4686600779658194,3.421314958777101,0.2,0.5845705595941014,1.1500000000000008,1
62,40,107,596,1373,1969,stranger,2.217509495992713,3.421314958777101,0.2,0.5845705595941014,0.8310000000000004,1
62,41,107,596,1373,1969,stranger,1.317999090343072,3.421314958777101,0.2,0.5845705595941014,0.6610000000000004,0
62,42,107,596,1373,1969,self,7.603623550785243,3.421314958777101,0.2,0.5845705595941014,0.7420000000000004,1
62,43,107,596,1373,1969,self,8.155128569075078,3.421314958777101,0.2,0.5845705595941014,0.4820000000000002,1
62,44,107,596,1373,1969,self,7.830100371891312,3.421314958777101,0.2,0.5845705595941014,0.6140000000000003,1
62,45,107,596,1373,1969,self,7.420656031667354,3.421314958777101,0.2,0.5845705595941014,0.7340000000000004,1
62,46,107,596,1373,1969,stranger,1.987134188131984,3.421314958777101,0.2,0.5845705595941014,2.5409999999998534,1
62,47,107,596,1373,1969,stranger,1.485303669050618,3.421314958777101,0.2,0.5845705595941014,1.969,0
62,48,107,596,1373,1969,self,7.840193433926513,3.421314958777101,0.2,0.5845705595941014,0.5480000000000003,1
62,49,107,596,1373,1969,stranger,1.5567187564897904,3.421314958777101,0.2,0.5845705595941014,1.3999999999999786,0
62,50,107,596,1373,1969,stranger,1.312872526685264,3.421314958777101,0.2,0.5845705595941014,1.8389999999999302,1
62,51,107,596,1373,1969,self,8.255328371537683,3.421314958777101,0.2,0.5845705595941014,0.5420000000000003,1
62,52,107,596,1373,1969,stranger,1.3119327760779704,3.421314958777101,0.2,0.5845705595941014,2.6659999999998396,1
62,53,107,596,1373,1969,stranger,1.9512054865408333,3.421314958777101,0.2,0.5845705595941014,1.5939999999999572,1
62,54,107,596,1373,1969,self,8.00796784263637,3.421314958777101,0.2,0.5845705595941014,0.6180000000000003,1
62,55,107,596,1373,1969,self,6.820771105292699,3.421314958777101,0.2,0.5845705595941014,0.6230000000000003,1
62,56,107,596,1373,1969,self,6.914825376724972,3.421314958777101,0.2,0.5845705595941014,0.6390000000000003,1
62,57,107,596,1373,1969,stranger,2.307038547380669,3.421314958777101,0.2,0.5845705595941014,1.6929999999999463,1
62,58,107,596,1373,1969,self,7.948186664267402,3.421314958777101,0.2,0.5845705595941014,0.5290000000000002,1
62,59,107,596,1373,1969,self,8.076146531123523,3.421314958777101,0.2,0.5845705595941014,0.6220000000000003,1
62,60,107,596,1373,1969,self,8.357940042443706,3.421314958777101,0.2,0.5845705595941014,0.4950000000000002,1
63,1,39,593,435,1028,stranger,1.3763418234931668,3.4772517082376857,0.2,0.5751668753981646,0.8450000000000004,1
63,2,39,593,435,1028,stranger,1.6515926906463325,3.4772517082376857,0.2,0.5751668753981646,1.028,0
63,3,39,593,435,1028,self,7.787809399030385,3.4772517082376857,0.2,0.5751668753981646,0.4440000000000002,1
63,4,39,593,435,1028,self,7.466783267011368,3.4772517082376857,0.2,0.5751668753981646,0.6460000000000004,1
63,5,39,593,435,1028,self,6.146651101667468,3.4772517082376857,0.2,0.5751668753981646,0.8770000000000004,1
63,6,39,593,435,1028,self,7.970060856622747,3.4772517082376857,0.2,0.5751668753981646,0.5140000000000002,1
63,7,39,593,435,1028,self,7.273926536923038,3.4772517082376857,0.2,0.5751668753981646,0.5750000000000003,1
63,8,39,593,435,1028,stranger,1.7364076467867193,3.4772517082376857,0.2,0.5751668753981646,0.7680000000000005,1
63,9,39,593,435,1028,stranger,2.104821396591747,3.4772517082376857,0.2,0.5751668753981646,0.8960000000000006,1
63,10,39,593,435,1028,stranger,1.9243181759100672,3.4772517082376857,0.2,0.5751668753981646,1.2899999999999907,1
63,11,39,593,435,1028,stranger,0.7446556352179177,3.4772517082376857,0.2,0.5751668753981646,1.028,0
63,12,39,593,435,1028,self,7.902410192706165,3.4772517082376857,0.2,0.5751668753981646,0.6400000000000003,1
63,13,39,593,435,1028,self,7.7697695105536635,3.4772517082376857,0.2,0.5751668753981646,0.4830000000000002,1
63,14,39,593,435,1028,stranger,1.3552200034206812,3.4772517082376857,0.2,0.5751668753981646,1.028,0
63,15,39,593,435,1028,self,7.1574260964122205,3.4772517082376857,0.2,0.5751668753981646,0.5170000000000002,1
63,16,39,593,435,1028,stranger,2.09265154477479,3.4772517082376857,0.2,0.5751668753981646,1.8339999999999308,1
63,17,39,593,435,1028,stranger,1.242342918513783,3.4772517082376857,0.2,0.5751668753981646,1.0180000000000007,1
63,18,39,593,435,1028,stranger,2.5974331388985408,3.4772517082376857,0.2,0.5751668753981646,1.1240000000000008,1
63,19,39,593,435,1028,self,6.340811845270282,3.4772517082376857,0.2,0.5751668753981646,1.0730000000000006,1
63,20,39,593,435,1028,self,6.634679149201421,3.4772517082376857,0.2,0.5751668753981646,0.7800000000000005,1
63,21,39,593,435,1028,self,7.451199667690916,3.4772517082376857,0.2,0.5751668753981646,0.5450000000000003,1
63,22,39,593,435,1028,self,7.600758813624204,3.4772517082376857,0.2,0.5751668753981646,0.5950000000000003,1
63,23,39,593,435,1028,self,8.122979576144498,3.4772517082376857,0.2,0.5751668753981646,0.5340000000000003,1
63,24,39,593,435,1028,stranger,2.271775338020621,3.4772517082376857,0.2,0.5751668753981646,1.2119999999999993,1
63,25,39,593,435,1028,stranger,1.6049371862851216,3.4772517082376857,0.2,0.5751668753981646,0.3840000000000001,0
63,26,39,593,435,1028,stranger,1.7152060275232657,3.4772517082376857,0.2,0.5751668753981646,1.7719999999999376,1
63,27,39,593,435,1028,self,7.809000223713766,3.4772517082376857,0.2,0.5751668753981646,0.5360000000000003,1
63,28,39,593,435,1028,self,8.213312437802736,3.4772517082376857,0.2,0.5751668753981646,0.6580000000000004,1
63,29,39,593,435,1028,self,7.197482567739108,3.4772517082376857,0.2,0.5751668753981646,0.7300000000000004,1
63,30,39,593,435,1028,stranger,1.7123476331210843,3.4772517082376857,0.2,0.5751668753981646,1.5949999999999571,1
63,31,39,593,435,1028,stranger,2.169973873621617,3.4772517082376857,0.2,0.5751668753981646,0.2700000000000001,0
63,32,39,593,435,1028,stranger,1.3886592815438408,3.4772517082376857,0.2,0.5751668753981646,1.3349999999999858,1
63,33,39,593,435,1028,stranger,1.1673820169111797,3.4772517082376857,0.2,0.5751668753981646,1.5639999999999605,1
63,34,39,593,435,1028,self,7.545058172453369,3.4772517082376857,0.2,0.5751668753981646,0.6260000000000003,1
63,35,39,593,435,1028,stranger,2.0933633216677325,3.4772517082376857,0.2,0.5751668753981646,1.260999999999994,1
63,36,39,593,435,1028,stranger,1.8875273072897916,3.4772517082376857,0.2,0.5751668753981646,1.2989999999999897,1
63,37,39,593,435,1028,self,7.739155598669005,3.4772517082376857,0.2,0.5751668753981646,0.4990000000000002,1
63,38,39,593,435,1028,stranger,1.7209025408196423,3.4772517082376857,0.2,0.5751668753981646,1.028,0
63,39,39,593,435,1028,self,7.744615564676378,3.4772517082376857,0.2,0.5751668753981646,0.5040000000000002,1
63,40,39,593,435,1028,stranger,1.8258271196355462,3.4772517082376857,0.2,0.5751668753981646,1.723999999999943,1
63,41,39,593,435,1028,self,6.922090000833527,3.4772517082376857,0.2,0.5751668753981646,0.5040000000000002,1
63,42,39,593,435,1028,self,6.91886108005866,3.4772517082376857,0.2,0.5751668753981646,0.5000000000000002,1
63,43,39,593,435,1028,self,6.942582433695682,3.4772517082376857,0.2,0.5751668753981646,0.5270000000000002,1
63,44,39,593,435,1028,stranger,1.391465923229541,3.4772517082376857,0.2,0.5751668753981646,1.29599999999999,1
63,45,39,593,435,1028,stranger,1.9674464241932714,3.4772517082376857,0.2,0.5751668753981646,1.8519999999999288,1
63,46,39,593,435,1028,stranger,1.3479598068866003,3.4772517082376857,0.2,0.5751668753981646,1.2030000000000003,1
63,47,39,593,435,1028,self,7.626690325459018,3.4772517082376857,0.2,0.5751668753981646,0.7150000000000003,1
63,48,39,593,435,1028,stranger,2.5818630412586927,3.4772517082376857,0.2,0.5751668753981646,1.1580000000000008,1
63,49,39,593,435,1028,stranger,2.0306983264712533,3.4772517082376857,0.2,0.5751668753981646,1.028,0
63,50,39,593,435,1028,self,7.510845027582324,3.4772517082376857,0.2,0.5751668753981646,0.5730000000000003,1
63,51,39,593,435,1028,stranger,1.4004716018588055,3.4772517082376857,0.2,0.5751668753981646,1.028,0
63,52,39,593,435,1028,self,7.605905730036005,3.4772517082376857,0.2,0.5751668753981646,0.5180000000000002,1
63,53,39,593,435,1028,self,7.688673457984515,3.4772517082376857,0.2,0.5751668753981646,0.5400000000000003,1
63,54,39,593,435,1028,self,7.366277632246121,3.4772517082376857,0.2,0.5751668753981646,0.6480000000000004,1
63,55,39,593,435,1028,self,7.403515794099455,3.4772517082376857,0.2,0.5751668753981646,0.6890000000000004,1
63,56,39,593,435,1028,stranger,1.7002163730441846,3.4772517082376857,0.2,0.5751668753981646,0.8240000000000005,1
63,57,39,593,435,1028,self,5.908404904727886,3.4772517082376857,0.2,0.5751668753981646,0.5460000000000003,1
63,58,39,593,435,1028,stranger,2.0534862806055036,3.4772517082376857,0.2,0.5751668753981646,1.028,0
63,59,39,593,435,1028,self,7.450467888196003,3.4772517082376857,0.2,0.5751668753981646,0.4720000000000002,1
63,60,39,593,435,1028,stranger,0.5898975889566402,3.4772517082376857,0.2,0.5751668753981646,1.028,0
64,1,81,227,1044,1271,stranger,1.3376386153660216,2.993572813926163,0.2,0.6680979967134785,2.168999999999894,1
64,2,81,227,1044,1271,stranger,1.6405370843339744,2.993572813926163,0.2,0.6680979967134785,1.1630000000000007,1
64,3,81,227,1044,1271,self,5.23248094003833,2.993572813926163,0.2,0.6680979967134785,0.6730000000000004,1
64,4,81,227,1044,1271,self,6.7771169546166545,2.993572813926163,0.2,0.6680979967134785,0.5730000000000003,1
64,5,81,227,1044,1271,stranger,1.7696571215216215,2.993572813926163,0.2,0.6680979967134785,0.7350000000000003,1
64,6,81,227,1044,1271,stranger,0.8282989533428124,2.993572813926163,0.2,0.6680979967134785,1.8449999999999296,1
64,7,81,227,1044,1271,stranger,1.8006210852866165,2.993572813926163,0.2,0.6680979967134785,1.7299999999999423,1
64,8,81,227,1044,1271,stranger,0.7989010137714745,2.993572813926163,0.2,0.6680979967134785,0.5760000000000003,0
64,9,81,227,1044,1271,stranger,1.5282109159016817,2.993572813926163,0.2,0.6680979967134785,1.0510000000000006,1
64,10,81,227,1044,1271,self,5.365701676823365,2.993572813926163,0.2,0.6680979967134785,0.7150000000000003,1
64,11,81,227,1044,1271,self,4.9817666443613415,2.993572813926163,0.2,0.6680979967134785,0.8630000000000004,1
64,12,81,227,1044,1271,self,6.107853320425405,2.993572813926163,0.2,0.6680979967134785,0.6940000000000004,1
64,13,81,227,1044,1271,self,5.683962294259604,2.993572813926163,0.2,0.6680979967134785,0.7400000000000004,1
64,14,81,227,1044,1271,self,6.1725975747514275,2.993572813926163,0.2,0.6680979967134785,0.6490000000000004,1
64,15,81,227,1044,1271,stranger,1.4198218576712804,2.993572813926163,0.2,0.6680979967134785,1.2639999999999936,1
64,16,81,227,1044,1271,stranger,-0.03328001942566866,2.993572813926163,0.2,0.6680979967134785,0.3620000000000001,0
64,17,81,227,1044,1271,self,6.077794326962286,2.993572813926163,0.2,0.6680979967134785,0.4980000000000002,1
64,18,81,227,1044,1271,stranger,1.4993204697630647,2.993572813926163,0.2,0.6680979967134785,1.3359999999999856,0
64,19,81,227,1044,1271,stranger,0.6444157678337343,2.993572813926163,0.2,0.6680979967134785,0.5600000000000003,0
64,20,81,227,1044,1271,self,6.384358527761086,2.993572813926163,0.2,0.6680979967134785,0.5400000000000003,1
64,21,81,227,1044,1271,stranger,0.23899179101187012,2.993572813926163,0.2,0.6680979967134785,0.3810000000000001,0
64,22,81,227,1044,1271,self,6.125009091720495,2.993572813926163,0.2,0.6680979967134785,0.5630000000000003,1
64,23,81,227,1044,1271,self,6.58981181650256,2.993572813926163,0.2,0.6680979967134785,0.5660000000000003,1
64,24,81,227,1044,1271,stranger,1.8136978420241958,2.993572813926163,0.2,0.6680979967134785,1.431999999999975,1
64,25,81,227,1044,1271,stranger,1.0317262097154734,2.993572813926163,0.2,0.6680979967134785,1.2909999999999906,1
64,26,81,227,1044,1271,self,6.328186268334113,2.993572813926163,0.2,0.6680979967134785,0.5710000000000003,1
64,27,81,227,1044,1271,self,6.19891317364877,2.993572813926163,0.2,0.6680979967134785,0.6540000000000004,1
64,28,81,227,1044,1271,self,5.6724216090091355,2.993572813926163,0.2,0.6680979967134785,0.5800000000000003,1
64,29,81,227,1044,1271,self,5.6133536604270216,2.993572813926163,0.2,0.6680979967134785,0.4450000000000002,1
64,30,81,227,1044,1271,stranger,1.4134267915651006,2.993572813926163,0.2,0.6680979967134785,1.2710000000000001,0
64,31,81,227,1044,1271,self,6.239994125797892,2.993572813926163,0.2,0.6680979967134785,0.7530000000000003,1
64,32,81,227,1044,1271,stranger,2.046956239830854,2.993572813926163,0.2,0.6680979967134785,0.9240000000000006,1
64,33,81,227,1044,1271,stranger,0.3008233862103638,2.993572813926163,0.2,0.6680979967134785,1.5119999999999663,1
64,34,81,227,1044,1271,self,6.721158026562355,2.993572813926163,0.2,0.6680979967134785,0.4890000000000002,1
64,35,81,227,1044,1271,stranger,1.1202186814850636,2.993572813926163,0.2,0.6680979967134785,1.2710000000000001,0
64,36,81,227,1044,1271,stranger,1.1692410406318479,2.993572813926163,0.2,0.6680979967134785,1.8889999999999247,1
64,37,81,227,1044,1271,self,5.859765107755389,2.993572813926163,0.2,0.6680979967134785,0.6310000000000003,1
64,38,81,227,1044,1271,self,5.3338055500694805,2.993572813926163,0.2,0.6680979967134785,0.7000000000000004,1
64,39,81,227,1044,1271,stranger,0.9213953413846392,2.993572813926163,0.2,0.6680979967134785,0.43300000000000016,0
64,40,81,227,1044,1271,stranger,1.5862298560932981,2.993572813926163,0.2,0.6680979967134785,1.241999999999996,1
64,41,81,227,1044,1271,self,6.272455931449455,2.993572813926163,0.2,0.6680979967134785,0.4760000000000002,1
64,42,81,227,1044,1271,stranger,1.5968423133166727,2.993572813926163,0.2,0.6680979967134785,1.5989999999999567,1
64,43,81,227,1044,1271,self,6.0024092519771814,2.993572813926163,0.2,0.6680979967134785,0.5380000000000003,1
64,44,81,227,1044,1271,self,5.919636800923223,2.993572813926163,0.2,0.6680979967134785,0.5470000000000003,1
64,45,81,227,1044,1271,stranger,1.2848193381831459,2.993572813926163,0.2,0.6680979967134785,1.2710000000000001,0
64,46,81,227,1044,1271,stranger,0.9502531593414305,2.993572813926163,0.2,0.6680979967134785,0.8750000000000004,1
64,47,81,227,1044,1271,self,5.890889940927305,2.993572813926163,0.2,0.6680979967134785,0.4970000000000002,1
64,48,81,227,1044,1271,self,5.865622183441918,2.993572813926163,0.2,0.6680979967134785,0.5250000000000002,1
64,49,81,227,1044,1271,stranger,1.428364770468979,2.993572813926163,0.2,0.6680979967134785,1.2710000000000001,0
64,50,81,227,1044,1271,stranger,0.9864787886998381,2.993572813926163,0.2,0.6680979967134785,1.5019999999999674,1
64,51,81,227,1044,1271,self,5.646189413488357,2.993572813926163,0.2,0.6680979967134785,0.8160000000000005,1
64,52,81,227,1044,1271,stranger,1.4254403755369534,2.993572813926163,0.2,0.6680979967134785,1.5039999999999671,1
64,53,81,227,1044,1271,stranger,1.158825187153828,2.993572813926163,0.2,0.6680979967134785,0.3390000000000001,0
64,54,81,227,1044,1271,self,5.169990903621301,2.993572813926163,0.2,0.6680979967134785,0.8510000000000004,1
64,55,81,227,1044,1271,self,5.449858542410205,2.993572813926163,0.2,0.6680979967134785,0.5980000000000003,1
64,56,81,227,1044,1271,stranger,1.022966829720177,2.993572813926163,0.2,0.6680979967134785,0.8950000000000005,1
64,57,81,227,1044,1271,stranger,1.2727223656315905,2.993572813926163,0.2,0.6680979967134785,0.9770000000000005,1
64,58,81,227,1044,1271,self,5.389228334420729,2.993572813926163,0.2,0.6680979967134785,0.6810000000000004,1
64,59,81,227,1044,1271,self,4.712125219888421,2.993572813926163,0.2,0.6680979967134785,1.2449999999999957,1
64,60,81,227,1044,1271,self,5.468266904798902,2.993572813926163,0.2,0.6680979967134785,0.6930000000000004,1
65,1,131,415,724,1139,stranger,1.3553186468692462,2.9791478934903353,0.2,0.6713329017233928,1.5459999999999625,1
65,2,131,415,724,1139,stranger,1.8589409293663888,2.9791478934903353,0.2,0.6713329017233928,0.6980000000000004,0
65,3,131,415,724,1139,self,7.661722092632041,2.9791478934903353,0.2,0.6713329017233928,0.5020000000000002,1
65,4,131,415,724,1139,stranger,1.987859874706849,2.9791478934903353,0.2,0.6713329017233928,1.2679999999999931,1
65,5,131,415,724,1139,self,7.122275924146136,2.9791478934903353,0.2,0.6713329017233928,0.6430000000000003,1
65,6,131,415,724,1139,stranger,2.291392123445338,2.9791478934903353,0.2,0.6713329017233928,1.304999999999989,1
65,7,131,415,724,1139,stranger,2.3815273549464773,2.9791478934903353,0.2,0.6713329017233928,0.7450000000000003,1
65,8,131,415,724,1139,stranger,2.0189725905565403,2.9791478934903353,0.2,0.6713329017233928,0.5720000000000003,1
65,9,131,415,724,1139,stranger,1.9336972200113038,2.9791478934903353,0.2,0.6713329017233928,1.0390000000000006,1
65,10,131,415,724,1139,self,7.060476550847338,2.9791478934903353,0.2,0.6713329017233928,0.7020000000000004,1
65,11,131,415,724,1139,self,7.740716388771049,2.9791478934903353,0.2,0.6713329017233928,0.4900000000000002,1
65,12,131,415,724,1139,self,7.496863153235669,2.9791478934903353,0.2,0.6713329017233928,0.5110000000000002,1
65,13,131,415,724,1139,self,7.716331062529703,2.9791478934903353,0.2,0.6713329017233928,0.4870000000000002,1
65,14,131,415,724,1139,self,8.46632188516761,2.9791478934903353,0.2,0.6713329017233928,0.5400000000000003,1
65,15,131,415,724,1139,self,7.308062281722402,2.9791478934903353,0.2,0.6713329017233928,0.4710000000000002,1
65,16,131,415,724,1139,self,7.583975673333692,2.9791478934903353,0.2,0.6713329017233928,0.5180000000000002,1
65,17,131,415,724,1139,stranger,2.425788026794782,2.9791478934903353,0.2,0.6713329017233928,0.9340000000000006,1
65,18,131,415,724,1139,stranger,2.367455546096478,2.9791478934903353,0.2,0.6713329017233928,1.2539999999999947,1
65,19,131,415,724,1139,stranger,2.382994758618226,2.9791478934903353,0.2,0.6713329017233928,0.7320000000000004,1
65,20,131,415,724,1139,stranger,2.535662246845537,2.9791478934903353,0.2,0.6713329017233928,0.7680000000000005,1
65,21,131,415,724,1139,self,7.132697896558435,2.9791478934903353,0.2,0.6713329017233928,0.6310000000000003,1
65,22,131,415,724,1139,self,7.74992158216692,2.9791478934903353,0.2,0.6713329017233928,0.5390000000000003,1
65,23,131,415,724,1139,self,7.803733766309038,2.9791478934903353,0.2,0.6713329017233928,0.5210000000000002,1
65,24,131,415,724,1139,stranger,2.6055652165022494,2.9791478934903353,0.2,0.6713329017233928,1.2669999999999932,1
65,25,131,415,724,1139,stranger,1.9392896233536279,2.9791478934903353,0.2,0.6713329017233928,2.104999999999901,1
65,26,131,415,724,1139,self,7.223356311972212,2.9791478934903353,0.2,0.6713329017233928,0.5790000000000003,1
65,27,131,415,724,1139,stranger,2.2596868014555906,2.9791478934903353,0.2,0.6713329017233928,0.3830000000000001,0
65,28,131,415,724,1139,stranger,2.0390310213896563,2.9791478934903353,0.2,0.6713329017233928,1.4029999999999783,1
65,29,131,415,724,1139,self,7.494694171677732,2.9791478934903353,0.2,0.6713329017233928,0.4740000000000002,1
65,30,131,415,724,1139,self,7.254779137139155,2.9791478934903353,0.2,0.6713329017233928,0.41400000000000015,1
65,31,131,415,724,1139,stranger,2.3494219541622337,2.9791478934903353,0.2,0.6713329017233928,2.031999999999909,1
65,32,131,415,724,1139,stranger,2.4327418755702914,2.9791478934903353,0.2,0.6713329017233928,1.8059999999999339,1
65,33,131,415,724,1139,self,7.324681076517436,2.9791478934903353,0.2,0.6713329017233928,0.40800000000000014,1
65,34,131,415,724,1139,self,7.149385467219227,2.9791478934903353,0.2,0.6713329017233928,0.7050000000000003,1
65,35,131,415,724,1139,self,7.866589661447986,2.9791478934903353,0.2,0.6713329017233928,0.42900000000000016,1
65,36,131,415,724,1139,self,7.071314681052017,2.9791478934903353,0.2,0.6713329017233928,0.5080000000000002,1
65,37,131,415,724,1139,self,7.297262251921536,2.9791478934903353,0.2,0.6713329017233928,0.7760000000000005,1
65,38,131,415,724,1139,stranger,1.6530615265274746,2.9791478934903353,0.2,0.6713329017233928,1.5429999999999628,1
65,39,131,415,724,1139,stranger,1.653466404009115,2.9791478934903353,0.2,0.6713329017233928,0.7150000000000003,1
65,40,131,415,724,1139,self,7.222363554932641,2.9791478934903353,0.2,0.6713329017233928,0.4500000000000002,1
65,41,131,415,724,1139,stranger,2.2450782594282215,2.9791478934903353,0.2,0.6713329017233928,0.8370000000000004,0
65,42,131,415,724,1139,stranger,1.7735311317007474,2.9791478934903353,0.2,0.6713329017233928,1.3719999999999817,1
65,43,131,415,724,1139,self,7.902096683062744,2.9791478934903353,0.2,0.6713329017233928,0.43600000000000017,1
65,44,131,415,724,1139,self,7.829468793394762,2.9791478934903353,0.2,0.6713329017233928,0.5300000000000002,1
65,45,131,415,724,1139,self,7.816644516311655,2.9791478934903353,0.2,0.6713329017233928,0.42800000000000016,1
65,46,131,415,724,1139,self,7.497453090994643,2.9791478934903353,0.2,0.6713329017233928,0.44200000000000017,1
65,47,131,415,724,1139,stranger,2.199941200082643,2.9791478934903353,0.2,0.6713329017233928,0.9800000000000006,1
65,48,131,415,724,1139,stranger,1.9948783133065815,2.9791478934903353,0.2,0.6713329017233928,1.2529999999999948,1
65,49,131,415,724,1139,self,7.974994233300161,2.9791478934903353,0.2,0.6713329017233928,0.4640000000000002,1
65,50,131,415,724,1139,self,7.780055395757267,2.9791478934903353,0.2,0.6713329017233928,0.4750000000000002,1
65,51,131,415,724,1139,stranger,1.6715082160343187,2.9791478934903353,0.2,0.6713329017233928,1.5719999999999597,1
65,52,131,415,724,1139,stranger,3.17289271217988,2.9791478934903353,0.2,0.6713329017233928,1.0130000000000006,1
65,53,131,415,724,1139,self,7.273499437718382,2.9791478934903353,0.2,0.6713329017233928,0.42700000000000016,1
65,54,131,415,724,1139,self,7.479195530670612,2.9791478934903353,0.2,0.6713329017233928,0.5460000000000003,1
65,55,131,415,724,1139,stranger,1.6038112961450164,2.9791478934903353,0.2,0.6713329017233928,0.3200000000000001,0
65,56,131,415,724,1139,self,6.914300549831992,2.9791478934903353,0.2,0.6713329017233928,0.3900000000000001,1
65,57,131,415,724,1139,stranger,1.2351356720919702,2.9791478934903353,0.2,0.6713329017233928,1.5909999999999576,1
65,58,131,415,724,1139,stranger,2.487378692397684,2.9791478934903353,0.2,0.6713329017233928,0.8570000000000004,1
65,59,131,415,724,1139,stranger,2.1221635710173183,2.9791478934903353,0.2,0.6713329017233928,0.6620000000000004,1
65,60,131,415,724,1139,stranger,2.305219966448504,2.9791478934903353,0.2,0.6713329017233928,1.0970000000000006,1
66,1,8,107,339,446,self,1.8483123564127921,0.629009701100212,0.2,3.1796011993165836,0.201,1
66,2,8,107,339,446,self,3.9316287747170895,0.629009701100212,0.2,3.1796011993165836,0.201,1
66,3,8,107,339,446,stranger,0.10711935434297326,0.629009701100212,0.2,3.1796011993165836,0.201,1
66,4,8,107,339,446,stranger,0.4483118588910432,0.629009701100212,0.2,3.1796011993165836,0.201,1
66,5,8,107,339,446,self,2.6244513518277,0.629009701100212,0.2,3.1796011993165836,0.201,1
66,6,8,107,339,446,self,2.7941546821097654,0.629009701100212,0.2,3.1796011993165836,0.201,1
66,7,8,107,339,446,self,2.475186070388763,0.629009701100212,0.2,3.1796011993165836,0.201,1
66,8,8,107,339,446,stranger,-0.7215036425265792,0.629009701100212,0.2,3.1796011993165836,0.201,1
66,9,8,107,339,446,self,1.7198825235082729,0.629009701100212,0.2,3.1796011993165836,0.201,1
66,10,8,107,339,446,stranger,0.7436765569248934,0.629009701100212,0.2,3.1796011993165836,0.201,1
66,11,8,107,339,446,stranger,0.3342900310317305,0.629009701100212,0.2,3.1796011993165836,0.201,1
66,12,8,107,339,446,self,2.3676075971167276,0.629009701100212,0.2,3.1796011993165836,0.201,1
66,13,8,107,339,446,self,2.3998557077801914,0.629009701100212,0.2,3.1796011993165836,0.201,1
66,14,8,107,339,446,self,1.6618957321653354,0.629009701100212,0.2,3.1796011993165836,0.201,1
66,15,8,107,339,446,self,1.750407187214626,0.629009701100212,0.2,3.1796011993165836,0.201,1
66,16,8,107,339,446,stranger,1.4752224005676484,0.629009701100212,0.2,3.1796011993165836,0.201,1
66,17,8,107,339,446,self,2.2470401132669036,0.629009701100212,0.2,3.1796011993165836,0.201,1
66,18,8,107,339,446,self,1.6139252045830297,0.629009701100212,0.2,3.1796011993165836,0.201,1
66,19,8,107,339,446,self,1.9906145974204135,0.629009701100212,0.2,3.1796011993165836,0.201,1
66,20,8,107,339,446,stranger,1.0313309456221678,0.629009701100212,0.2,3.1796011993165836,0.201,1
66,21,8,107,339,446,stranger,1.107077286565413,0.629009701100212,0.2,3.1796011993165836,0.201,1
66,22,8,107,339,446,stranger,0.7557508038735613,0.629009701100212,0.2,3.1796011993165836,0.201,1
66,23,8,107,339,446,stranger,1.069436581043926,0.629009701100212,0.2,3.1796011993165836,0.201,1
66,24,8,107,339,446,stranger,0.9307272973051777,0.629009701100212,0.2,3.1796011993165836,0.201,1
66,25,8,107,339,446,stranger,1.4191998394872107,0.629009701100212,0.2,3.1796011993165836,0.201,1
66,26,8,107,339,446,self,2.1192160935162003,0.629009701100212,0.2,3.1796011993165836,0.201,1
66,27,8,107,339,446,self,1.5104362964095968,0.629009701100212,0.2,3.1796011993165836,0.201,1
66,28,8,107,339,446,stranger,1.325954691020017,0.629009701100212,0.2,3.1796011993165836,0.201,1
66,29,8,107,339,446,self,1.9065307971850236,0.629009701100212,0.2,3.1796011993165836,0.201,1
66,30,8,107,339,446,self,1.377612647474195,0.629009701100212,0.2,3.1796011993165836,0.201,1
66,31,8,107,339,446,stranger,-0.22409037576450808,0.629009701100212,0.2,3.1796011993165836,0.201,1
66,32,8,107,339,446,stranger,0.9232354752134568,0.629009701100212,0.2,3.1796011993165836,0.201,1
66,33,8,107,339,446,self,1.4918311843365508,0.629009701100212,0.2,3.1796011993165836,0.201,1
66,34,8,107,339,446,stranger,0.6216979440774156,0.629009701100212,0.2,3.1796011993165836,0.201,1
66,35,8,107,339,446,stranger,0.6937096172441828,0.629009701100212,0.2,3.1796011993165836,0.201,1
66,36,8,107,339,446,self,2.9681705741274818,0.629009701100212,0.2,3.1796011993165836,0.201,1
66,37,8,107,339,446,self,1.1611850363216307,0.629009701100212,0.2,3.1796011993165836,0.201,1
66,38,8,107,339,446,self,2.4875018821558474,0.629009701100212,0.2,3.1796011993165836,0.201,1
66,39,8,107,339,446,stranger,0.3450362846601477,0.629009701100212,0.2,3.1796011993165836,0.201,1
66,40,8,107,339,446,self,2.6743715202920026,0.629009701100212,0.2,3.1796011993165836,0.201,1
66,41,8,107,339,446,self,1.8068597517660205,0.629009701100212,0.2,3.1796011993165836,0.201,1
66,42,8,107,339,446,stranger,1.2074605531001068,0.629009701100212,0.2,3.1796011993165836,0.201,1
66,43,8,107,339,446,stranger,0.9159914502751214,0.629009701100212,0.2,3.1796011993165836,0.201,1
66,44,8,107,339,446,self,1.5466673445819303,0.629009701100212,0.2,3.1796011993165836,0.201,1
66,45,8,107,339,446,stranger,0.7534033174969549,0.629009701100212,0.2,3.1796011993165836,0.201,1
66,46,8,107,339,446,stranger,-0.1506284866593819,0.629009701100212,0.2,3.1796011993165836,0.201,1
66,47,8,107,339,446,stranger,0.2678795169408957,0.629009701100212,0.2,3.1796011993165836,0.201,1
66,48,8,107,339,446,self,1.3549011595372118,0.629009701100212,0.2,3.1796011993165836,0.201,1
66,49,8,107,339,446,stranger,0.06851432712528116,0.629009701100212,0.2,3.1796011993165836,0.201,1
66,50,8,107,339,446,stranger,-0.6195560961125298,0.629009701100212,0.2,3.1796011993165836,0.201,1
66,51,8,107,339,446,stranger,0.41477369049511664,0.629009701100212,0.2,3.1796011993165836,0.201,1
66,52,8,107,339,446,self,2.260987504275685,0.629009701100212,0.2,3.1796011993165836,0.201,1
66,53,8,107,339,446,self,2.712762810947772,0.629009701100212,0.2,3.1796011993165836,0.201,1
66,54,8,107,339,446,self,2.729342538330609,0.629009701100212,0.2,3.1796011993165836,0.201,1
66,55,8,107,339,446,stranger,0.6169412836960719,0.629009701100212,0.2,3.1796011993165836,0.201,1
66,56,8,107,339,446,self,2.57045838373093,0.629009701100212,0.2,3.1796011993165836,0.201,1
66,57,8,107,339,446,stranger,0.22094320474466728,0.629009701100212,0.2,3.1796011993165836,0.201,1
66,58,8,107,339,446,self,1.7778109487941742,0.629009701100212,0.2,3.1796011993165836,0.201,1
66,59,8,107,339,446,stranger,0.547342188371299,0.629009701100212,0.2,3.1796011993165836,0.201,1
66,60,8,107,339,446,stranger,0.5385443812847783,0.629009701100212,0.2,3.1796011993165836,0.201,1
67,1,47,219,808,1027,stranger,0.8955330528881109,3.589380383848084,0.2,0.5571992338844429,0.6020000000000003,0
67,2,47,219,808,1027,stranger,0.9031697401521825,3.589380383848084,0.2,0.5571992338844429,1.027,0
67,3,47,219,808,1027,self,5.767393536561404,3.589380383848084,0.2,0.5571992338844429,0.7200000000000004,1
67,4,47,219,808,1027,self,4.952874419320833,3.589380383848084,0.2,0.5571992338844429,0.6790000000000004,1
67,5,47,219,808,1027,self,5.096516200631331,3.589380383848084,0.2,0.5571992338844429,0.8950000000000005,1
67,6,47,219,808,1027,stranger,1.0281090833683577,3.589380383848084,0.2,0.5571992338844429,0.43400000000000016,0
67,7,47,219,808,1027,self,4.483863647720896,3.589380383848084,0.2,0.5571992338844429,0.8880000000000006,1
67,8,47,219,808,1027,stranger,0.7712853623020224,3.589380383848084,0.2,0.5571992338844429,0.23600000000000004,0
67,9,47,219,808,1027,stranger,0.6314146544204857,3.589380383848084,0.2,0.5571992338844429,0.4630000000000002,0
67,10,47,219,808,1027,stranger,1.0352459528541753,3.589380383848084,0.2,0.5571992338844429,1.027,0
67,11,47,219,808,1027,stranger,0.3964501751320757,3.589380383848084,0.2,0.5571992338844429,1.027,0
67,12,47,219,808,1027,stranger,0.9446060326871653,3.589380383848084,0.2,0.5571992338844429,2.1349999999998976,1
67,13,47,219,808,1027,self,4.560068309647238,3.589380383848084,0.2,0.5571992338844429,1.1140000000000008,1
67,14,47,219,808,1027,self,4.7142252117911205,3.589380383848084,0.2,0.5571992338844429,0.7200000000000004,1
67,15,47,219,808,1027,self,4.875102878660664,3.589380383848084,0.2,0.5571992338844429,0.5950000000000003,1
67,16,47,219,808,1027,self,4.615627376321055,3.589380383848084,0.2,0.5571992338844429,1.0180000000000007,1
67,17,47,219,808,1027,stranger,1.0920030067029773,3.589380383848084,0.2,0.5571992338844429,1.5609999999999609,1
67,18,47,219,808,1027,self,4.402581471075534,3.589380383848084,0.2,0.5571992338844429,0.8740000000000006,1
67,19,47,219,808,1027,self,4.63013657838337,3.589380383848084,0.2,0.5571992338844429,0.8580000000000005,1
67,20,47,219,808,1027,self,5.209712521097947,3.589380383848084,0.2,0.5571992338844429,0.8270000000000004,1
67,21,47,219,808,1027,self,5.534262095710058,3.589380383848084,0.2,0.5571992338844429,0.8480000000000005,1
67,22,47,219,808,1027,stranger,1.3703216224430106,3.589380383848084,0.2,0.5571992338844429,1.027,0
67,23,47,219,808,1027,self,5.144918369767708,3.589380383848084,0.2,0.5571992338844429,0.7330000000000003,1
67,24,47,219,808,1027,stranger,-0.17621355134155514,3.589380383848084,0.2,0.5571992338844429,0.25400000000000006,0
67,25,47,219,808,1027,stranger,1.4281907549522965,3.589380383848084,0.2,0.5571992338844429,1.4899999999999687,1
67,26,47,219,808,1027,stranger,0.4610186234880742,3.589380383848084,0.2,0.5571992338844429,2.1619999999998947,1
67,27,47,219,808,1027,self,5.142519829300285,3.589380383848084,0.2,0.5571992338844429,0.8090000000000004,1
67,28,47,219,808,1027,self,5.0972435498219575,3.589380383848084,0.2,0.5571992338844429,0.7050000000000003,1
67,29,47,219,808,1027,stranger,0.7806033940161663,3.589380383848084,0.2,0.5571992338844429,1.027,0
67,30,47,219,808,1027,stranger,-0.04698488728278538,3.589380383848084,0.2,0.5571992338844429,1.5929999999999573,1
67,31,47,219,808,1027,stranger,1.54766796361527,3.589380383848084,0.2,0.5571992338844429,2.103999999999901,1
67,32,47,219,808,1027,stranger,0.7560676143260618,3.589380383848084,0.2,0.5571992338844429,1.894999999999924,1
67,33,47,219,808,1027,self,4.808847901085596,3.589380383848084,0.2,0.5571992338844429,0.8870000000000005,1
67,34,47,219,808,1027,stranger,0.07680643883203264,3.589380383848084,0.2,0.5571992338844429,0.5930000000000003,0
67,35,47,219,808,1027,stranger,0.6159218145595791,3.589380383848084,0.2,0.5571992338844429,0.3020000000000001,0
67,36,47,219,808,1027,self,4.114094659368091,3.589380383848084,0.2,0.5571992338844429,0.8020000000000005,1
67,37,47,219,808,1027,self,5.013562262356961,3.589380383848084,0.2,0.5571992338844429,0.8820000000000006,1
67,38,47,219,808,1027,self,4.630805573535481,3.589380383848084,0.2,0.5571992338844429,0.9220000000000006,1
67,39,47,219,808,1027,self,4.493323825265847,3.589380383848084,0.2,0.5571992338844429,0.6860000000000004,1
67,40,47,219,808,1027,stranger,-0.5349806783076936,3.589380383848084,0.2,0.5571992338844429,0.24800000000000005,0
67,41,47,219,808,1027,stranger,1.0175345458679952,3.589380383848084,0.2,0.5571992338844429,1.027,0
67,42,47,219,808,1027,self,5.1237774105280725,3.589380383848084,0.2,0.5571992338844429,0.7330000000000003,1
67,43,47,219,808,1027,stranger,0.9555618410343902,3.589380383848084,0.2,0.5571992338844429,1.8389999999999302,1
67,44,47,219,808,1027,self,4.271198455840671,3.589380383848084,0.2,0.5571992338844429,1.1350000000000007,1
67,45,47,219,808,1027,self,5.407699275463233,3.589380383848084,0.2,0.5571992338844429,0.5940000000000003,1
67,46,47,219,808,1027,stranger,0.14352968074791095,3.589380383848084,0.2,0.5571992338844429,0.26400000000000007,0
67,47,47,219,808,1027,stranger,0.9592799200210589,3.589380383848084,0.2,0.5571992338844429,0.5110000000000002,0
67,48,47,219,808,1027,stranger,0.8496706918619683,3.589380383848084,0.2,0.5571992338844429,1.027,0
67,49,47,219,808,1027,stranger,0.3528927973598184,3.589380383848084,0.2,0.5571992338844429,1.027,0
67,50,47,219,808,1027,stranger,-0.19203125634915452,3.589380383848084,0.2,0.5571992338844429,0.41100000000000014,0
67,51,47,219,808,1027,self,4.275484428391158,3.589380383848084,0.2,0.5571992338844429,1.1040000000000008,1
67,52,47,219,808,1027,self,4.917892814579478,3.589380383848084,0.2,0.5571992338844429,0.7180000000000004,1
67,53,47,219,808,1027,stranger,0.5829576213173429,3.589380383848084,0.2,0.5571992338844429,0.43400000000000016,0
67,54,47,219,808,1027,stranger,0.20850337174956768,3.589380383848084,0.2,0.5571992338844429,0.4700000000000002,0
67,55,47,219,808,1027,self,4.030959073552444,3.589380383848084,0.2,0.5571992338844429,0.8030000000000004,1
67,56,47,219,808,1027,stranger,-0.4176053625466011,3.589380383848084,0.2,0.5571992338844429,1.7479999999999403,0
67,57,47,219,808,1027,self,4.859608174209284,3.589380383848084,0.2,0.5571992338844429,0.8140000000000005,1
67,58,47,219,808,1027,self,4.154213058318848,3.589380383848084,0.2,0.5571992338844429,0.6270000000000003,1
67,59,47,219,808,1027,self,5.617384142931699,3.589380383848084,0.2,0.5571992338844429,0.7640000000000005,1
67,60,47,219,808,1027,self,3.887619149721842,3.589380383848084,0.2,0.5571992338844429,0.7580000000000005,1
68,1,115,490,493,983,stranger,1.5294325013400627,3.656199048426924,0.2,0.5470161699376017,0.983,0
68,2,115,490,493,983,stranger,1.6297546290789253,3.656199048426924,0.2,0.5470161699376017,1.5759999999999592,1
68,3,115,490,493,983,stranger,0.8717051841400452,3.656199048426924,0.2,0.5470161699376017,0.983,0
68,4,115,490,493,983,self,7.1021513224206165,3.656199048426924,0.2,0.5470161699376017,0.6240000000000003,1
68,5,115,490,493,983,stranger,0.43693279287106995,3.656199048426924,0.2,0.5470161699376017,0.8770000000000004,0
68,6,115,490,493,983,stranger,0.7843104261942557,3.656199048426924,0.2,0.5470161699376017,0.5210000000000002,0
68,7,115,490,493,983,stranger,0.7996918606433405,3.656199048426924,0.2,0.5470161699376017,2.1169999999998996,1
68,8,115,490,493,983,stranger,1.59715026321947,3.656199048426924,0.2,0.5470161699376017,0.40300000000000014,0
68,9,115,490,493,983,self,7.788669382115779,3.656199048426924,0.2,0.5470161699376017,0.5760000000000003,1
68,10,115,490,493,983,stranger,1.5312854910743159,3.656199048426924,0.2,0.5470161699376017,0.3910000000000001,0
68,11,115,490,493,983,self,6.535220556445529,3.656199048426924,0.2,0.5470161699376017,0.7070000000000003,1
68,12,115,490,493,983,self,7.457247627569892,3.656199048426924,0.2,0.5470161699376017,0.5920000000000003,1
68,13,115,490,493,983,stranger,0.9819211887323165,3.656199048426924,0.2,0.5470161699376017,0.2760000000000001,0
68,14,115,490,493,983,self,6.811275282861751,3.656199048426924,0.2,0.5470161699376017,0.5570000000000003,1
68,15,115,490,493,983,stranger,1.682988798534806,3.656199048426924,0.2,0.5470161699376017,1.776999999999937,1
68,16,115,490,493,983,self,7.193544467194937,3.656199048426924,0.2,0.5470161699376017,0.5270000000000002,1
68,17,115,490,493,983,stranger,1.5865384675534462,3.656199048426924,0.2,0.5470161699376017,0.983,0
68,18,115,490,493,983,self,7.340470664148815,3.656199048426924,0.2,0.5470161699376017,0.6510000000000004,1
68,19,115,490,493,983,self,6.671161487655386,3.656199048426924,0.2,0.5470161699376017,0.6830000000000004,1
68,20,115,490,493,983,self,6.481613443666827,3.656199048426924,0.2,0.5470161699376017,0.6050000000000003,1
68,21,115,490,493,983,self,7.010841915005294,3.656199048426924,0.2,0.5470161699376017,0.5720000000000003,1
68,22,115,490,493,983,self,6.750265519635342,3.656199048426924,0.2,0.5470161699376017,0.5300000000000002,1
68,23,115,490,493,983,stranger,1.327375154112869,3.656199048426924,0.2,0.5470161699376017,1.2859999999999912,1
68,24,115,490,493,983,stranger,1.1555623228049023,3.656199048426924,0.2,0.5470161699376017,0.6030000000000003,0
68,25,115,490,493,983,stranger,1.0231191811131446,3.656199048426924,0.2,0.5470161699376017,0.6190000000000003,0
68,26,115,490,493,983,stranger,0.7136912161134943,3.656199048426924,0.2,0.5470161699376017,0.983,0
68,27,115,490,493,983,stranger,0.2773194143573486,3.656199048426924,0.2,0.5470161699376017,0.3000000000000001,0
68,28,115,490,493,983,stranger,1.4614348895686549,3.656199048426924,0.2,0.5470161699376017,0.983,0
68,29,115,490,493,983,self,7.425915215191209,3.656199048426924,0.2,0.5470161699376017,0.6430000000000003,1
68,30,115,490,493,983,self,6.453885363755009,3.656199048426924,0.2,0.5470161699376017,0.7590000000000003,1
68,31,115,490,493,983,stranger,1.9111682878098872,3.656199048426924,0.2,0.5470161699376017,2.1089999999999005,1
68,32,115,490,493,983,self,7.30802519017278,3.656199048426924,0.2,0.5470161699376017,0.7700000000000005,1
68,33,115,490,493,983,self,6.8854377485293785,3.656199048426924,0.2,0.5470161699376017,0.6230000000000003,1
68,34,115,490,493,983,self,6.955115724924888,3.656199048426924,0.2,0.5470161699376017,0.5810000000000003,1
68,35,115,490,493,983,stranger,1.8926547709484127,3.656199048426924,0.2,0.5470161699376017,1.522999999999965,1
68,36,115,490,493,983,self,6.492656570286078,3.656199048426924,0.2,0.5470161699376017,0.6600000000000004,1
68,37,115,490,493,983,self,7.066317414164252,3.656199048426924,0.2,0.5470161699376017,0.5050000000000002,1
68,38,115,490,493,983,stranger,2.043788893366264,3.656199048426924,0.2,0.5470161699376017,1.29699999999999,1
68,39,115,490,493,983,self,7.184628314892193,3.656199048426924,0.2,0.5470161699376017,0.7850000000000004,1
68,40,115,490,493,983,stranger,1.7833339738334628,3.656199048426924,0.2,0.5470161699376017,1.323999999999987,1
68,41,115,490,493,983,self,7.481809624514899,3.656199048426924,0.2,0.5470161699376017,0.4560000000000002,1
68,42,115,490,493,983,stranger,0.7931909237703672,3.656199048426924,0.2,0.5470161699376017,0.7850000000000004,0
68,43,115,490,493,983,self,6.498432722864089,3.656199048426924,0.2,0.5470161699376017,0.6940000000000004,1
68,44,115,490,493,983,self,7.010438323273675,3.656199048426924,0.2,0.5470161699376017,0.5280000000000002,1
68,45,115,490,493,983,self,7.725860115978457,3.656199048426924,0.2,0.5470161699376017,0.5600000000000003,1
68,46,115,490,493,983,self,6.880186648838356,3.656199048426924,0.2,0.5470161699376017,0.6150000000000003,1
68,47,115,490,493,983,stranger,1.4348689330613154,3.656199048426924,0.2,0.5470161699376017,0.42600000000000016,0
68,48,115,490,493,983,stranger,1.7327335178055245,3.656199048426924,0.2,0.5470161699376017,1.3819999999999806,1
68,49,115,490,493,983,self,6.824929407566525,3.656199048426924,0.2,0.5470161699376017,0.7220000000000004,1
68,50,115,490,493,983,self,7.357261729834862,3.656199048426924,0.2,0.5470161699376017,0.5640000000000003,1
68,51,115,490,493,983,self,6.791275164371399,3.656199048426924,0.2,0.5470161699376017,0.8660000000000005,1
68,52,115,490,493,983,self,6.454468186256528,3.656199048426924,0.2,0.5470161699376017,0.6280000000000003,1
68,53,115,490,493,983,self,7.367672988011935,3.656199048426924,0.2,0.5470161699376017,0.6570000000000004,1
68,54,115,490,493,983,stranger,1.709254468720039,3.656199048426924,0.2,0.5470161699376017,2.068999999999905,1
68,55,115,490,493,983,stranger,1.2763861799648721,3.656199048426924,0.2,0.5470161699376017,0.24500000000000005,0
68,56,115,490,493,983,stranger,1.3028734550992116,3.656199048426924,0.2,0.5470161699376017,2.177999999999893,1
68,57,115,490,493,983,stranger,1.2210563304231978,3.656199048426924,0.2,0.5470161699376017,0.983,0
68,58,115,490,493,983,stranger,0.8973745638669608,3.656199048426924,0.2,0.5470161699376017,0.3500000000000001,0
68,59,115,490,493,983,stranger,1.3798405213054723,3.656199048426924,0.2,0.5470161699376017,1.84099999999993,1
68,60,115,490,493,983,self,7.929086627688798,3.656199048426924,0.2,0.5470161699376017,0.6500000000000004,1
69,1,30,504,1056,1560,stranger,0.5115964939569366,3.555058950069019,0.2,0.5625785755145274,1.56,0
69,2,30,504,1056,1560,self,7.053091376795504,3.555058950069019,0.2,0.5625785755145274,0.6400000000000003,1
69,3,30,504,1056,1560,self,6.558227880064012,3.555058950069019,0.2,0.5625785755145274,0.6510000000000004,1
69,4,30,504,1056,1560,self,6.375687547286602,3.555058950069019,0.2,0.5625785755145274,0.9130000000000005,1
69,5,30,504,1056,1560,self,5.507439375519648,3.555058950069019,0.2,0.5625785755145274,0.6190000000000003,1
69,6,30,504,1056,1560,stranger,0.6187794437470767,3.555058950069019,0.2,0.5625785755145274,1.56,0
69,7,30,504,1056,1560,stranger,0.8033219348994477,3.555058950069019,0.2,0.5625785755145274,1.4719999999999707,1
69,8,30,504,1056,1560,stranger,1.0430963921988643,3.555058950069019,0.2,0.5625785755145274,1.56899999999996,1
69,9,30,504,1056,1560,self,7.001137790071788,3.555058950069019,0.2,0.5625785755145274,0.7920000000000005,1
69,10,30,504,1056,1560,stranger,1.6470659151162823,3.555058950069019,0.2,0.5625785755145274,1.6299999999999533,1
69,11,30,504,1056,1560,self,6.587163205143717,3.555058950069019,0.2,0.5625785755145274,0.5750000000000003,1
69,12,30,504,1056,1560,self,6.592979011851543,3.555058950069019,0.2,0.5625785755145274,0.7130000000000003,1
69,13,30,504,1056,1560,stranger,1.3092649159184395,3.555058950069019,0.2,0.5625785755145274,1.56,0
69,14,30,504,1056,1560,self,5.957629887658246,3.555058950069019,0.2,0.5625785755145274,0.6600000000000004,1
69,15,30,504,1056,1560,self,6.059761036029586,3.555058950069019,0.2,0.5625785755145274,0.6900000000000004,1
69,16,30,504,1056,1560,self,6.5374676988266796,3.555058950069019,0.2,0.5625785755145274,0.7710000000000004,1
69,17,30,504,1056,1560,self,6.5640873027494395,3.555058950069019,0.2,0.5625785755145274,0.6110000000000003,1
69,18,30,504,1056,1560,self,6.758724847843252,3.555058950069019,0.2,0.5625785755145274,0.6690000000000004,1
69,19,30,504,1056,1560,self,6.938561868922234,3.555058950069019,0.2,0.5625785755145274,0.6890000000000004,1
69,20,30,504,1056,1560,self,6.367091018540558,3.555058950069019,0.2,0.5625785755145274,0.6070000000000003,1
69,21,30,504,1056,1560,self,5.983365537048715,3.555058950069019,0.2,0.5625785755145274,0.5880000000000003,1
69,22,30,504,1056,1560,stranger,1.3918077365829347,3.555058950069019,0.2,0.5625785755145274,0.9130000000000005,1
69,23,30,504,1056,1560,self,5.68214279583489,3.555058950069019,0.2,0.5625785755145274,0.6440000000000003,1
69,24,30,504,1056,1560,stranger,2.0328762468037063,3.555058950069019,0.2,0.5625785755145274,2.0199999999999103,1
69,25,30,504,1056,1560,stranger,1.5942670897414395,3.555058950069019,0.2,0.5625785755145274,1.4569999999999723,1
69,26,30,504,1056,1560,stranger,1.3278158010281964,3.555058950069019,0.2,0.5625785755145274,1.3659999999999823,1
69,27,30,504,1056,1560,self,5.8208227754271755,3.555058950069019,0.2,0.5625785755145274,0.5700000000000003,1
69,28,30,504,1056,1560,stranger,1.436099604688637,3.555058950069019,0.2,0.5625785755145274,1.56,0
69,29,30,504,1056,1560,stranger,0.6840316789073914,3.555058950069019,0.2,0.5625785755145274,1.6539999999999506,0
69,30,30,504,1056,1560,self,7.495964228171572,3.555058950069019,0.2,0.5625785755145274,0.5520000000000003,1
69,31,30,504,1056,1560,stranger,1.6648909162417893,3.555058950069019,0.2,0.5625785755145274,1.6969999999999459,1
69,32,30,504,1056,1560,stranger,1.1441974563277295,3.555058950069019,0.2,0.5625785755145274,1.56,0
69,33,30,504,1056,1560,stranger,0.9385375424910175,3.555058950069019,0.2,0.5625785755145274,0.5360000000000003,0
69,34,30,504,1056,1560,self,6.43184893719602,3.555058950069019,0.2,0.5625785755145274,0.7840000000000005,1
69,35,30,504,1056,1560,self,6.351503202425877,3.555058950069019,0.2,0.5625785755145274,0.9240000000000006,1
69,36,30,504,1056,1560,stranger,1.3966692980646775,3.555058950069019,0.2,0.5625785755145274,0.42500000000000016,0
69,37,30,504,1056,1560,stranger,1.0583086150810246,3.555058950069019,0.2,0.5625785755145274,1.56,0
69,38,30,504,1056,1560,self,6.774788687536876,3.555058950069019,0.2,0.5625785755145274,0.5910000000000003,1
69,39,30,504,1056,1560,self,6.2388100587919455,3.555058950069019,0.2,0.5625785755145274,0.5790000000000003,1
69,40,30,504,1056,1560,stranger,1.4347588185903097,3.555058950069019,0.2,0.5625785755145274,0.8170000000000004,1
69,41,30,504,1056,1560,stranger,1.1963745604826839,3.555058950069019,0.2,0.5625785755145274,1.56,0
69,42,30,504,1056,1560,self,6.137653611043401,3.555058950069019,0.2,0.5625785755145274,0.6970000000000004,1
69,43,30,504,1056,1560,self,7.094765661528419,3.555058950069019,0.2,0.5625785755145274,0.7090000000000003,1
69,44,30,504,1056,1560,stranger,0.8484641152809432,3.555058950069019,0.2,0.5625785755145274,0.9540000000000006,0
69,45,30,504,1056,1560,stranger,0.9291139925915938,3.555058950069019,0.2,0.5625785755145274,1.7719999999999376,1
69,46,30,504,1056,1560,stranger,1.7419605552306345,3.555058950069019,0.2,0.5625785755145274,0.6660000000000004,0
69,47,30,504,1056,1560,self,5.474656930600616,3.555058950069019,0.2,0.5625785755145274,0.7510000000000003,1
69,48,30,504,1056,1560,self,5.894374459366182,3.555058950069019,0.2,0.5625785755145274,0.9840000000000007,1
69,49,30,504,1056,1560,self,6.772529545320017,3.555058950069019,0.2,0.5625785755145274,0.5880000000000003,1
69,50,30,504,1056,1560,stranger,1.7730987665061217,3.555058950069019,0.2,0.5625785755145274,0.2710000000000001,0
69,51,30,504,1056,1560,stranger,1.239383311622138,3.555058950069019,0.2,0.5625785755145274,1.56,0
69,52,30,504,1056,1560,stranger,2.039047335532693,3.555058950069019,0.2,0.5625785755145274,1.56,0
69,53,30,504,1056,1560,stranger,1.204120267665043,3.555058950069019,0.2,0.5625785755145274,0.7710000000000004,0
69,54,30,504,1056,1560,stranger,2.060144272799863,3.555058950069019,0.2,0.5625785755145274,1.0980000000000008,1
69,55,30,504,1056,1560,stranger,1.3327236126991515,3.555058950069019,0.2,0.5625785755145274,1.56,0
69,56,30,504,1056,1560,stranger,0.3422729349031368,3.555058950069019,0.2,0.5625785755145274,1.56,0
69,57,30,504,1056,1560,self,5.746229753895337,3.555058950069019,0.2,0.5625785755145274,0.6810000000000004,1
69,58,30,504,1056,1560,stranger,1.8467398772809878,3.555058950069019,0.2,0.5625785755145274,1.56,0
69,59,30,504,1056,1560,self,6.266541051718819,3.555058950069019,0.2,0.5625785755145274,0.6250000000000003,1
69,60,30,504,1056,1560,self,6.953211062976042,3.555058950069019,0.2,0.5625785755145274,0.7210000000000003,1
70,1,62,28,950,978,stranger,0.2583300697800952,3.18288918806741,0.2,0.6283599213877634,0.6650000000000004,0
70,2,62,28,950,978,self,2.062889896037001,3.18288918806741,0.2,0.6283599213877634,0.978,0
70,3,62,28,950,978,stranger,0.030770706741516163,3.18288918806741,0.2,0.6283599213877634,1.0790000000000006,0
70,4,62,28,950,978,self,2.3486487588468012,3.18288918806741,0.2,0.6283599213877634,0.32700000000000007,0
70,5,62,28,950,978,stranger,0.6839954672274179,3.18288918806741,0.2,0.6283599213877634,0.978,0
70,6,62,28,950,978,stranger,-1.0142754587156326,3.18288918806741,0.2,0.6283599213877634,0.3840000000000001,0
70,7,62,28,950,978,self,2.0768681454525346,3.18288918806741,0.2,0.6283599213877634,1.9159999999999218,1
70,8,62,28,950,978,stranger,-0.8664079634507571,3.18288918806741,0.2,0.6283599213877634,0.3890000000000001,0
70,9,62,28,950,978,stranger,0.15481843295360875,3.18288918806741,0.2,0.6283599213877634,2.166999999999894,1
70,10,62,28,950,978,self,1.3944213901143883,3.18288918806741,0.2,0.6283599213877634,1.3299999999999863,1
70,11,62,28,950,978,stranger,0.6673254269558883,3.18288918806741,0.2,0.6283599213877634,0.6690000000000004,0
70,12,62,28,950,978,self,1.9701186791379586,3.18288918806741,0.2,0.6283599213877634,0.978,0
70,13,62,28,950,978,self,1.983971354411119,3.18288918806741,0.2,0.6283599213877634,1.0410000000000006,1
70,14,62,28,950,978,stranger,0.19049282179549176,3.18288918806741,0.2,0.6283599213877634,0.978,0
70,15,62,28,950,978,stranger,0.4583461787051063,3.18288918806741,0.2,0.6283599213877634,0.978,0
70,16,62,28,950,978,self,2.1472090623799285,3.18288918806741,0.2,0.6283599213877634,1.6889999999999468,1
70,17,62,28,950,978,stranger,0.2839088218340493,3.18288918806741,0.2,0.6283599213877634,0.7900000000000005,0
70,18,62,28,950,978,self,1.7842038440463428,3.18288918806741,0.2,0.6283599213877634,0.9800000000000006,1
70,19,62,28,950,978,stranger,0.3662049404926201,3.18288918806741,0.2,0.6283599213877634,0.6190000000000003,0
70,20,62,28,950,978,self,1.2786247779280706,3.18288918806741,0.2,0.6283599213877634,1.3919999999999795,1
70,21,62,28,950,978,self,2.1272842933904963,3.18288918806741,0.2,0.6283599213877634,1.1520000000000008,1
70,22,62,28,950,978,stranger,0.020086088317802453,3.18288918806741,0.2,0.6283599213877634,0.978,0
70,23,62,28,950,978,self,1.6935501432171591,3.18288918806741,0.2,0.6283599213877634,0.8970000000000005,1
70,24,62,28,950,978,self,2.850865597190214,3.18288918806741,0.2,0.6283599213877634,0.8020000000000005,1
70,25,62,28,950,978,self,2.641270372778852,3.18288918806741,0.2,0.6283599213877634,0.5970000000000003,1
70,26,62,28,950,978,self,1.7073024441899598,3.18288918806741,0.2,0.6283599213877634,2.149999999999896,1
70,27,62,28,950,978,self,1.4602280193834587,3.18288918806741,0.2,0.6283599213877634,1.3489999999999842,1
70,28,62,28,950,978,self,1.6172337106984154,3.18288918806741,0.2,0.6283599213877634,1.1680000000000008,1
70,29,62,28,950,978,stranger,0.13112030567257527,3.18288918806741,0.2,0.6283599213877634,0.6730000000000004,0
70,30,62,28,950,978,stranger,-0.32251257445095405,3.18288918806741,0.2,0.6283599213877634,0.41800000000000015,0
70,31,62,28,950,978,self,2.622179791807826,3.18288918806741,0.2,0.6283599213877634,1.440999999999974,1
70,32,62,28,950,978,stranger,-0.18534029366149057,3.18288918806741,0.2,0.6283599213877634,0.978,0
70,33,62,28,950,978,self,2.5838200290208104,3.18288918806741,0.2,0.6283599213877634,1.1480000000000008,1
70,34,62,28,950,978,self,2.054224107542212,3.18288918806741,0.2,0.6283599213877634,2.1269999999998985,1
70,35,62,28,950,978,self,2.8473766899715742,3.18288918806741,0.2,0.6283599213877634,0.7170000000000003,1
70,36,62,28,950,978,self,1.934244734996172,3.18288918806741,0.2,0.6283599213877634,1.7729999999999375,1
70,37,62,28,950,978,stranger,-0.44241658157876484,3.18288918806741,0.2,0.6283599213877634,0.40300000000000014,0
70,38,62,28,950,978,self,2.3037945949936915,3.18288918806741,0.2,0.6283599213877634,1.8289999999999313,1
70,39,62,28,950,978,self,1.2671853162212234,3.18288918806741,0.2,0.6283599213877634,1.614999999999955,1
70,40,62,28,950,978,self,1.769240241620408,3.18288918806741,0.2,0.6283599213877634,0.9960000000000007,1
70,41,62,28,950,978,stranger,0.21185732843554383,3.18288918806741,0.2,0.6283599213877634,0.978,0
70,42,62,28,950,978,stranger,0.9773506817505108,3.18288918806741,0.2,0.6283599213877634,2.1429999999998968,1
70,43,62,28,950,978,stranger,-0.8050676939947846,3.18288918806741,0.2,0.6283599213877634,0.978,0
70,44,62,28,950,978,self,1.3322465226012676,3.18288918806741,0.2,0.6283599213877634,1.4069999999999778,1
70,45,62,28,950,978,stranger,1.3893890524291974,3.18288918806741,0.2,0.6283599213877634,1.3899999999999797,1
70,46,62,28,950,978,self,2.0844703512275355,3.18288918806741,0.2,0.6283599213877634,1.2619999999999938,1
70,47,62,28,950,978,stranger,1.0030207959662265,3.18288918806741,0.2,0.6283599213877634,0.978,0
70,48,62,28,950,978,self,2.785879571758869,3.18288918806741,0.2,0.6283599213877634,1.3219999999999872,1
70,49,62,28,950,978,stranger,-0.06396519186437083,3.18288918806741,0.2,0.6283599213877634,0.40400000000000014,0
70,50,62,28,950,978,stranger,0.032525902367470105,3.18288918806741,0.2,0.6283599213877634,0.978,0
70,51,62,28,950,978,stranger,0.5129722817103426,3.18288918806741,0.2,0.6283599213877634,0.8780000000000006,0
70,52,62,28,950,978,stranger,0.8633919567098011,3.18288918806741,0.2,0.6283599213877634,1.4669999999999712,0
70,53,62,28,950,978,stranger,-0.06092810802801407,3.18288918806741,0.2,0.6283599213877634,2.059999999999906,1
70,54,62,28,950,978,stranger,0.08487289173052592,3.18288918806741,0.2,0.6283599213877634,1.650999999999951,0
70,55,62,28,950,978,self,2.5702768201943553,3.18288918806741,0.2,0.6283599213877634,1.487999999999969,1
70,56,62,28,950,978,self,1.5757813098368776,3.18288918806741,0.2,0.6283599213877634,0.978,0
70,57,62,28,950,978,stranger,1.0799265609997004,3.18288918806741,0.2,0.6283599213877634,0.978,0
70,58,62,28,950,978,self,2.1519359140731127,3.18288918806741,0.2,0.6283599213877634,1.2979999999999898,1
70,59,62,28,950,978,stranger,-0.0458554429121622,3.18288918806741,0.2,0.6283599213877634,0.978,0
70,60,62,28,950,978,stranger,0.7112234165923724,3.18288918806741,0.2,0.6283599213877634,0.978,0
71,1,116,206,932,1138,stranger,1.6936015938801758,2.2450997536124944,0.2,0.8908290140702592,0.6730000000000004,1
71,2,116,206,932,1138,self,7.038847589966096,2.2450997536124944,0.2,0.8908290140702592,0.5670000000000003,1
71,3,116,206,932,1138,stranger,2.3012073026173483,2.2450997536124944,0.2,0.8908290140702592,0.9820000000000007,1
71,4,116,206,932,1138,self,6.489784100741623,2.2450997536124944,0.2,0.8908290140702592,0.40400000000000014,1
71,5,116,206,932,1138,stranger,2.942516352814231,2.2450997536124944,0.2,0.8908290140702592,0.5080000000000002,1
71,6,116,206,932,1138,self,6.035772348400816,2.2450997536124944,0.2,0.8908290140702592,0.3080000000000001,1
71,7,116,206,932,1138,self,6.608076881662028,2.2450997536124944,0.2,0.8908290140702592,0.39600000000000013,1
71,8,116,206,932,1138,stranger,2.257878704243296,2.2450997536124944,0.2,0.8908290140702592,0.7490000000000003,1
71,9,116,206,932,1138,self,7.6013324564709235,2.2450997536124944,0.2,0.8908290140702592,0.39700000000000013,1
71,10,116,206,932,1138,self,5.789514192973255,2.2450997536124944,0.2,0.8908290140702592,0.5210000000000002,1
71,11,116,206,932,1138,self,6.74629290007713,2.2450997536124944,0.2,0.8908290140702592,0.32500000000000007,1
71,12,116,206,932,1138,self,6.518590482890539,2.2450997536124944,0.2,0.8908290140702592,0.3750000000000001,1
71,13,116,206,932,1138,self,6.422656111090428,2.2450997536124944,0.2,0.8908290140702592,0.4450000000000002,1
71,14,116,206,932,1138,self,6.468550097147981,2.2450997536124944,0.2,0.8908290140702592,0.3870000000000001,1
71,15,116,206,932,1138,stranger,2.3005369943277136,2.2450997536124944,0.2,0.8908290140702592,0.6430000000000003,1
71,16,116,206,932,1138,stranger,2.2053760562375935,2.2450997536124944,0.2,0.8908290140702592,0.5120000000000002,1
71,17,116,206,932,1138,self,5.965340664880237,2.2450997536124944,0.2,0.8908290140702592,0.41400000000000015,1
71,18,116,206,932,1138,stranger,2.622927995483301,2.2450997536124944,0.2,0.8908290140702592,0.5440000000000003,1
71,19,116,206,932,1138,self,7.51314644679917,2.2450997536124944,0.2,0.8908290140702592,0.3580000000000001,1
71,20,116,206,932,1138,stranger,0.9934142668774719,2.2450997536124944,0.2,0.8908290140702592,0.4760000000000002,1
71,21,116,206,932,1138,self,6.08692752309639,2.2450997536124944,0.2,0.8908290140702592,0.3220000000000001,1
71,22,116,206,932,1138,stranger,2.53597798264217,2.2450997536124944,0.2,0.8908290140702592,0.7310000000000003,1
71,23,116,206,932,1138,stranger,2.0138916246802663,2.2450997536124944,0.2,0.8908290140702592,0.7750000000000004,1
71,24,116,206,932,1138,self,6.58821899875462,2.2450997536124944,0.2,0.8908290140702592,0.43800000000000017,1
71,25,116,206,932,1138,self,6.920699317364032,2.2450997536124944,0.2,0.8908290140702592,0.5060000000000002,1
71,26,116,206,932,1138,stranger,2.8461508385514307,2.2450997536124944,0.2,0.8908290140702592,0.5150000000000002,1
71,27,116,206,932,1138,self,6.44438843734413,2.2450997536124944,0.2,0.8908290140702592,0.40700000000000014,1
71,28,116,206,932,1138,stranger,2.3487667594833557,2.2450997536124944,0.2,0.8908290140702592,0.7430000000000003,1
71,29,116,206,932,1138,stranger,2.394666461705813,2.2450997536124944,0.2,0.8908290140702592,1.6169999999999547,1
71,30,116,206,932,1138,stranger,1.8502668053351494,2.2450997536124944,0.2,0.8908290140702592,0.9590000000000005,1
71,31,116,206,932,1138,stranger,2.06296633829509,2.2450997536124944,0.2,0.8908290140702592,0.6430000000000003,1
71,32,116,206,932,1138,stranger,2.8680960074841533,2.2450997536124944,0.2,0.8908290140702592,0.6820000000000004,1
71,33,116,206,932,1138,self,6.7677573461190494,2.2450997536124944,0.2,0.8908290140702592,0.6710000000000004,1
71,34,116,206,932,1138,self,6.920759655652482,2.2450997536124944,0.2,0.8908290140702592,0.3650000000000001,1
71,35,116,206,932,1138,self,6.426593010191053,2.2450997536124944,0.2,0.8908290140702592,0.42200000000000015,1
71,36,116,206,932,1138,stranger,2.5470211996335093,2.2450997536124944,0.2,0.8908290140702592,0.6210000000000003,1
71,37,116,206,932,1138,self,7.215992604114214,2.2450997536124944,0.2,0.8908290140702592,0.3840000000000001,1
71,38,116,206,932,1138,self,6.413613234882961,2.2450997536124944,0.2,0.8908290140702592,0.3660000000000001,1
71,39,116,206,932,1138,stranger,2.5519680314675535,2.2450997536124944,0.2,0.8908290140702592,0.6070000000000003,1
71,40,116,206,932,1138,self,5.795617857281423,2.2450997536124944,0.2,0.8908290140702592,0.3380000000000001,1
71,41,116,206,932,1138,stranger,2.7743202339949775,2.2450997536124944,0.2,0.8908290140702592,0.4840000000000002,1
71,42,116,206,932,1138,stranger,2.8120163806637946,2.2450997536124944,0.2,0.8908290140702592,0.9620000000000006,1
71,43,116,206,932,1138,self,7.22967422438927,2.2450997536124944,0.2,0.8908290140702592,0.40500000000000014,1
71,44,116,206,932,1138,self,6.387843356624775,2.2450997536124944,0.2,0.8908290140702592,0.41000000000000014,1
71,45,116,206,932,1138,stranger,2.9850772991297823,2.2450997536124944,0.2,0.8908290140702592,0.6330000000000003,1
71,46,116,206,932,1138,stranger,2.139222964772145,2.2450997536124944,0.2,0.8908290140702592,0.3920000000000001,1
71,47,116,206,932,1138,stranger,2.1371737711359593,2.2450997536124944,0.2,0.8908290140702592,1.4859999999999691,1
71,48,116,206,932,1138,stranger,3.130801869279755,2.2450997536124944,0.2,0.8908290140702592,0.7740000000000005,1
71,49,116,206,932,1138,self,6.606057014387464,2.2450997536124944,0.2,0.8908290140702592,0.3700000000000001,1
71,50,116,206,932,1138,self,7.229503376053188,2.2450997536124944,0.2,0.8908290140702592,0.4570000000000002,1
71,51,116,206,932,1138,stranger,1.9670451774298425,2.2450997536124944,0.2,0.8908290140702592,1.650999999999951,1
71,52,116,206,932,1138,stranger,2.612035765208291,2.2450997536124944,0.2,0.8908290140702592,0.7340000000000004,1
71,53,116,206,932,1138,self,6.27346908067519,2.2450997536124944,0.2,0.8908290140702592,0.3890000000000001,1
71,54,116,206,932,1138,self,7.4467912374822385,2.2450997536124944,0.2,0.8908290140702592,0.3830000000000001,1
71,55,116,206,932,1138,self,7.414056191015102,2.2450997536124944,0.2,0.8908290140702592,0.40700000000000014,1
71,56,116,206,932,1138,self,7.391361589951674,2.2450997536124944,0.2,0.8908290140702592,0.4580000000000002,1
71,57,116,206,932,1138,stranger,2.7070191987860897,2.2450997536124944,0.2,0.8908290140702592,0.7170000000000003,1
71,58,116,206,932,1138,stranger,2.401283636091045,2.2450997536124944,0.2,0.8908290140702592,0.5630000000000003,1
71,59,116,206,932,1138,stranger,1.868234749818554,2.2450997536124944,0.2,0.8908290140702592,0.6470000000000004,1
71,60,116,206,932,1138,stranger,3.2283567384647656,2.2450997536124944,0.2,0.8908290140702592,0.5640000000000003,1
72,1,68,134,1270,1404,stranger,0.4648919236982205,2.9087839400382087,0.2,0.6875725530765028,0.4600000000000002,0
72,2,68,134,1270,1404,self,3.399034965545601,2.9087839400382087,0.2,0.6875725530765028,1.0710000000000006,1
72,3,68,134,1270,1404,self,3.4516394016295315,2.9087839400382087,0.2,0.6875725530765028,0.9940000000000007,1
72,4,68,134,1270,1404,self,4.2207483529978544,2.9087839400382087,0.2,0.6875725530765028,0.6180000000000003,1
72,5,68,134,1270,1404,self,4.560637046393729,2.9087839400382087,0.2,0.6875725530765028,0.7590000000000003,1
72,6,68,134,1270,1404,self,4.260889992498755,2.9087839400382087,0.2,0.6875725530765028,0.6030000000000003,1
72,7,68,134,1270,1404,self,4.78688949023113,2.9087839400382087,0.2,0.6875725530765028,0.8460000000000005,1
72,8,68,134,1270,1404,self,5.004062657276582,2.9087839400382087,0.2,0.6875725530765028,0.5710000000000003,1
72,9,68,134,1270,1404,stranger,1.436415570625205,2.9087839400382087,0.2,0.6875725530765028,1.6039999999999561,0
72,10,68,134,1270,1404,stranger,1.1488411812706374,2.9087839400382087,0.2,0.6875725530765028,0.6550000000000004,0
72,11,68,134,1270,1404,self,3.482340027583575,2.9087839400382087,0.2,0.6875725530765028,0.8890000000000005,1
72,12,68,134,1270,1404,self,3.804527028779366,2.9087839400382087,0.2,0.6875725530765028,0.7700000000000005,1
72,13,68,134,1270,1404,stranger,0.6706116761429469,2.9087839400382087,0.2,0.6875725530765028,1.4040000000000001,0
72,14,68,134,1270,1404,stranger,0.6730174279932133,2.9087839400382087,0.2,0.6875725530765028,1.6359999999999526,0
72,15,68,134,1270,1404,self,3.422494900786063,2.9087839400382087,0.2,0.6875725530765028,1.5379999999999634,1
72,16,68,134,1270,1404,self,3.7908137475184978,2.9087839400382087,0.2,0.6875725530765028,0.9340000000000006,1
72,17,68,134,1270,1404,self,4.236464070529881,2.9087839400382087,0.2,0.6875725530765028,0.9950000000000006,1
72,18,68,134,1270,1404,self,2.8903753061207516,2.9087839400382087,0.2,0.6875725530765028,1.2979999999999898,1
72,19,68,134,1270,1404,self,4.464813951916735,2.9087839400382087,0.2,0.6875725530765028,0.6860000000000004,1
72,20,68,134,1270,1404,self,4.065297306131999,2.9087839400382087,0.2,0.6875725530765028,0.43500000000000016,1
72,21,68,134,1270,1404,stranger,1.2513292873739803,2.9087839400382087,0.2,0.6875725530765028,0.9010000000000005,1
72,22,68,134,1270,1404,self,4.359972297572458,2.9087839400382087,0.2,0.6875725530765028,0.6930000000000004,1
72,23,68,134,1270,1404,stranger,0.5130529919050077,2.9087839400382087,0.2,0.6875725530765028,1.4040000000000001,0
72,24,68,134,1270,1404,stranger,1.2812875634191503,2.9087839400382087,0.2,0.6875725530765028,1.0870000000000006,1
72,25,68,134,1270,1404,self,4.037269501371932,2.9087839400382087,0.2,0.6875725530765028,0.6590000000000004,1
72,26,68,134,1270,1404,stranger,0.8315456299315984,2.9087839400382087,0.2,0.6875725530765028,0.5600000000000003,0
72,27,68,134,1270,1404,stranger,1.3920681614518025,2.9087839400382087,0.2,0.6875725530765028,0.7800000000000005,0
72,28,68,134,1270,1404,self,4.8232115890059495,2.9087839400382087,0.2,0.6875725530765028,0.3560000000000001,1
72,29,68,134,1270,1404,self,4.67690347288714,2.9087839400382087,0.2,0.6875725530765028,0.7610000000000003,1
72,30,68,134,1270,1404,stranger,1.1508882407895102,2.9087839400382087,0.2,0.6875725530765028,0.8870000000000005,1
72,31,68,134,1270,1404,self,4.038109978392986,2.9087839400382087,0.2,0.6875725530765028,0.8160000000000005,1
72,32,68,134,1270,1404,stranger,1.0427508145712798,2.9087839400382087,0.2,0.6875725530765028,1.2719999999999927,1
72,33,68,134,1270,1404,self,4.161807355781777,2.9087839400382087,0.2,0.6875725530765028,0.4790000000000002,1
72,34,68,134,1270,1404,self,4.395334780721274,2.9087839400382087,0.2,0.6875725530765028,0.6020000000000003,1
72,35,68,134,1270,1404,stranger,0.857913289278988,2.9087839400382087,0.2,0.6875725530765028,1.4040000000000001,0
72,36,68,134,1270,1404,self,4.019882709156836,2.9087839400382087,0.2,0.6875725530765028,0.8360000000000005,1
72,37,68,134,1270,1404,stranger,0.7080010892169222,2.9087839400382087,0.2,0.6875725530765028,1.4040000000000001,0
72,38,68,134,1270,1404,self,3.687354436543669,2.9087839400382087,0.2,0.6875725530765028,0.7480000000000004,1
72,39,68,134,1270,1404,stranger,1.2095274950029853,2.9087839400382087,0.2,0.6875725530765028,1.4040000000000001,0
72,40,68,134,1270,1404,stranger,0.7715708259498739,2.9087839400382087,0.2,0.6875725530765028,1.2109999999999994,1
72,41,68,134,1270,1404,stranger,1.0476613968807085,2.9087839400382087,0.2,0.6875725530765028,1.4040000000000001,0
72,42,68,134,1270,1404,stranger,0.23753366172545595,2.9087839400382087,0.2,0.6875725530765028,1.2839999999999914,1
72,43,68,134,1270,1404,stranger,0.7426251457090021,2.9087839400382087,0.2,0.6875725530765028,0.4730000000000002,0
72,44,68,134,1270,1404,stranger,0.6218240936526898,2.9087839400382087,0.2,0.6875725530765028,1.995999999999913,1
72,45,68,134,1270,1404,stranger,0.7587579198678004,2.9087839400382087,0.2,0.6875725530765028,1.4040000000000001,0
72,46,68,134,1270,1404,stranger,0.09302823689030845,2.9087839400382087,0.2,0.6875725530765028,1.2079999999999997,0
72,47,68,134,1270,1404,stranger,1.2301345721283343,2.9087839400382087,0.2,0.6875725530765028,1.3259999999999867,1
72,48,68,134,1270,1404,stranger,0.45357784243731447,2.9087839400382087,0.2,0.6875725530765028,1.4040000000000001,0
72,49,68,134,1270,1404,self,4.093817805112516,2.9087839400382087,0.2,0.6875725530765028,0.9260000000000006,1
72,50,68,134,1270,1404,self,4.091597961040893,2.9087839400382087,0.2,0.6875725530765028,0.5940000000000003,1
72,51,68,134,1270,1404,stranger,1.3829878566518345,2.9087839400382087,0.2,0.6875725530765028,1.3399999999999852,1
72,52,68,134,1270,1404,stranger,0.7215651275858764,2.9087839400382087,0.2,0.6875725530765028,0.6720000000000004,1
72,53,68,134,1270,1404,stranger,1.6687300284746842,2.9087839400382087,0.2,0.6875725530765028,0.2940000000000001,0
72,54,68,134,1270,1404,stranger,0.9079631844872824,2.9087839400382087,0.2,0.6875725530765028,1.4040000000000001,0
72,55,68,134,1270,1404,stranger,0.42407662753536524,2.9087839400382087,0.2,0.6875725530765028,1.8359999999999306,1
72,56,68,134,1270,1404,self,3.720154529243472,2.9087839400382087,0.2,0.6875725530765028,0.8330000000000004,1
72,57,68,134,1270,1404,self,4.508382082126099,2.9087839400382087,0.2,0.6875725530765028,0.5560000000000003,1
72,58,68,134,1270,1404,self,4.73110760047413,2.9087839400382087,0.2,0.6875725530765028,0.6620000000000004,1
72,59,68,134,1270,1404,self,4.5870632127024775,2.9087839400382087,0.2,0.6875725530765028,0.8320000000000005,1
72,60,68,134,1270,1404,stranger,0.713099296470029,2.9087839400382087,0.2,0.6875725530765028,1.4040000000000001,0
73,1,6,81,902,983,self,1.1576185113320399,3.61508044720513,0.2,0.5532380341760385,1.5539999999999616,1
73,2,6,81,902,983,self,0.9531624252259023,3.61508044720513,0.2,0.5532380341760385,0.983,0
73,3,6,81,902,983,stranger,1.148959510058379,3.61508044720513,0.2,0.5532380341760385,0.983,0
73,4,6,81,902,983,stranger,0.7016999653843261,3.61508044720513,0.2,0.5532380341760385,0.983,0
73,5,6,81,902,983,self,0.5830802771621368,3.61508044720513,0.2,0.5532380341760385,0.983,0
73,6,6,81,902,983,self,2.448738021316028,3.61508044720513,0.2,0.5532380341760385,0.8940000000000006,1
73,7,6,81,902,983,stranger,1.1958306033737858,3.61508044720513,0.2,0.5532380341760385,0.2840000000000001,0
73,8,6,81,902,983,stranger,0.010117524288156848,3.61508044720513,0.2,0.5532380341760385,0.2970000000000001,0
73,9,6,81,902,983,stranger,0.08635719571791514,3.61508044720513,0.2,0.5532380341760385,1.0670000000000006,0
73,10,6,81,902,983,stranger,0.036450829360124976,3.61508044720513,0.2,0.5532380341760385,0.983,0
73,11,6,81,902,983,stranger,0.2730393208051112,3.61508044720513,0.2,0.5532380341760385,0.5030000000000002,0
73,12,6,81,902,983,stranger,0.44084690421726047,3.61508044720513,0.2,0.5532380341760385,2.138999999999897,1
73,13,6,81,902,983,self,1.5650171727828859,3.61508044720513,0.2,0.5532380341760385,0.2760000000000001,0
73,14,6,81,902,983,self,1.6554684410522256,3.61508044720513,0.2,0.5532380341760385,1.7629999999999386,1
73,15,6,81,902,983,stranger,0.6644585721191623,3.61508044720513,0.2,0.5532380341760385,0.983,0
73,16,6,81,902,983,self,0.4253111703906771,3.61508044720513,0.2,0.5532380341760385,0.4440000000000002,0
73,17,6,81,902,983,stranger,-0.4964854368954704,3.61508044720513,0.2,0.5532380341760385,0.23900000000000005,0
73,18,6,81,902,983,self,1.6458528774638115,3.61508044720513,0.2,0.5532380341760385,0.3170000000000001,0
73,19,6,81,902,983,stranger,0.7069991802285664,3.61508044720513,0.2,0.5532380341760385,1.813999999999933,1
73,20,6,81,902,983,self,1.683253703307463,3.61508044720513,0.2,0.5532380341760385,0.7290000000000003,0
73,21,6,81,902,983,self,0.9738075906430017,3.61508044720513,0.2,0.5532380341760385,0.3110000000000001,0
73,22,6,81,902,983,stranger,0.7840419240355203,3.61508044720513,0.2,0.5532380341760385,0.3600000000000001,0
73,23,6,81,902,983,stranger,1.2501420953181175,3.61508044720513,0.2,0.5532380341760385,0.983,0
73,24,6,81,902,983,stranger,-0.46509870244271523,3.61508044720513,0.2,0.5532380341760385,1.6669999999999492,1
73,25,6,81,902,983,stranger,0.6887635888085988,3.61508044720513,0.2,0.5532380341760385,0.983,0
73,26,6,81,902,983,stranger,-0.38750067624383544,3.61508044720513,0.2,0.5532380341760385,0.25400000000000006,0
73,27,6,81,902,983,self,1.8830324765895652,3.61508044720513,0.2,0.5532380341760385,2.102999999999901,1
73,28,6,81,902,983,self,0.8271755738162375,3.61508044720513,0.2,0.5532380341760385,0.983,0
73,29,6,81,902,983,stranger,0.8101735260128388,3.61508044720513,0.2,0.5532380341760385,0.983,0
73,30,6,81,902,983,stranger,0.6489410297847837,3.61508044720513,0.2,0.5532380341760385,0.983,0
73,31,6,81,902,983,self,1.9621668056027728,3.61508044720513,0.2,0.5532380341760385,1.2109999999999994,1
73,32,6,81,902,983,self,1.271570765217596,3.61508044720513,0.2,0.5532380341760385,0.983,0
73,33,6,81,902,983,self,1.8797204781558081,3.61508044720513,0.2,0.5532380341760385,1.6029999999999562,1
73,34,6,81,902,983,stranger,-0.33602083399786364,3.61508044720513,0.2,0.5532380341760385,0.983,0
73,35,6,81,902,983,self,1.7888420216003396,3.61508044720513,0.2,0.5532380341760385,0.983,0
73,36,6,81,902,983,self,1.3812963484043566,3.61508044720513,0.2,0.5532380341760385,0.983,0
73,37,6,81,902,983,self,2.02456017635634,3.61508044720513,0.2,0.5532380341760385,1.7909999999999355,1
73,38,6,81,902,983,stranger,0.7578834838916482,3.61508044720513,0.2,0.5532380341760385,2.0459999999999074,1
73,39,6,81,902,983,self,1.2307341149658317,3.61508044720513,0.2,0.5532380341760385,1.1650000000000007,1
73,40,6,81,902,983,self,1.9480588643302026,3.61508044720513,0.2,0.5532380341760385,1.0910000000000006,1
73,41,6,81,902,983,stranger,0.8816279108774109,3.61508044720513,0.2,0.5532380341760385,0.4970000000000002,0
73,42,6,81,902,983,stranger,0.5229571759449896,3.61508044720513,0.2,0.5532380341760385,0.983,0
73,43,6,81,902,983,self,1.2248442754733788,3.61508044720513,0.2,0.5532380341760385,1.405999999999978,1
73,44,6,81,902,983,self,1.9636749253517225,3.61508044720513,0.2,0.5532380341760385,0.983,0
73,45,6,81,902,983,stranger,0.4572089067869486,3.61508044720513,0.2,0.5532380341760385,0.983,0
73,46,6,81,902,983,self,1.7646956485477663,3.61508044720513,0.2,0.5532380341760385,0.983,0
73,47,6,81,902,983,self,1.4693885374974565,3.61508044720513,0.2,0.5532380341760385,1.2499999999999951,1
73,48,6,81,902,983,self,1.9141053029687272,3.61508044720513,0.2,0.5532380341760385,1.4819999999999696,1
73,49,6,81,902,983,self,1.1427107303757604,3.61508044720513,0.2,0.5532380341760385,1.1530000000000007,0
73,50,6,81,902,983,self,1.7857526205259344,3.61508044720513,0.2,0.5532380341760385,0.983,0
73,51,6,81,902,983,stranger,0.28290212824338934,3.61508044720513,0.2,0.5532380341760385,0.41200000000000014,0
73,52,6,81,902,983,stranger,0.5930646099586168,3.61508044720513,0.2,0.5532380341760385,0.983,0
73,53,6,81,902,983,self,1.3827292691886586,3.61508044720513,0.2,0.5532380341760385,0.983,0
73,54,6,81,902,983,stranger,1.179004719956021,3.61508044720513,0.2,0.5532380341760385,0.3200000000000001,0
73,55,6,81,902,983,self,1.426549661488627,3.61508044720513,0.2,0.5532380341760385,1.7669999999999382,1
73,56,6,81,902,983,self,2.2735284046408433,3.61508044720513,0.2,0.5532380341760385,1.795999999999935,1
73,57,6,81,902,983,stranger,0.6001373378107866,3.61508044720513,0.2,0.5532380341760385,0.44300000000000017,0
73,58,6,81,902,983,stranger,-0.7636729210692597,3.61508044720513,0.2,0.5532380341760385,0.5940000000000003,0
73,59,6,81,902,983,stranger,-0.6997043327529371,3.61508044720513,0.2,0.5532380341760385,0.3490000000000001,0
73,60,6,81,902,983,stranger,0.5284285921005764,3.61508044720513,0.2,0.5532380341760385,0.4850000000000002,0
74,1,69,559,1339,1898,self,7.895002385695982,3.581628233988091,0.2,0.5584052473734911,0.5040000000000002,1
74,2,69,559,1339,1898,stranger,1.448108819310391,3.581628233988091,0.2,0.5584052473734911,0.6040000000000003,0
74,3,69,559,1339,1898,self,8.284139787426355,3.581628233988091,0.2,0.5584052473734911,0.5020000000000002,1
74,4,69,559,1339,1898,self,8.296631444398628,3.581628233988091,0.2,0.5584052473734911,0.4740000000000002,1
74,5,69,559,1339,1898,self,6.816732741729354,3.581628233988091,0.2,0.5584052473734911,0.8060000000000005,1
74,6,69,559,1339,1898,stranger,2.3384040903052195,3.581628233988091,0.2,0.5584052473734911,1.0340000000000007,1
74,7,69,559,1339,1898,self,7.738013993823966,3.581628233988091,0.2,0.5584052473734911,0.5870000000000003,1
74,8,69,559,1339,1898,stranger,1.616918225972961,3.581628233988091,0.2,0.5584052473734911,1.8980000000000001,0
74,9,69,559,1339,1898,stranger,2.2211357723986875,3.581628233988091,0.2,0.5584052473734911,1.9569999999999173,1
74,10,69,559,1339,1898,self,7.773325556465675,3.581628233988091,0.2,0.5584052473734911,0.5660000000000003,1
74,11,69,559,1339,1898,self,9.043797208969352,3.581628233988091,0.2,0.5584052473734911,0.4710000000000002,1
74,12,69,559,1339,1898,stranger,2.1280604299783183,3.581628233988091,0.2,0.5584052473734911,1.8209999999999322,1
74,13,69,559,1339,1898,stranger,2.092883427843976,3.581628233988091,0.2,0.5584052473734911,1.5989999999999567,1
74,14,69,559,1339,1898,stranger,2.2696142864119624,3.581628233988091,0.2,0.5584052473734911,1.8899999999999246,1
74,15,69,559,1339,1898,stranger,2.5318600126055135,3.581628233988091,0.2,0.5584052473734911,1.0950000000000006,1
74,16,69,559,1339,1898,stranger,3.3594771877834377,3.581628233988091,0.2,0.5584052473734911,0.7240000000000004,1
74,17,69,559,1339,1898,self,8.143910977368922,3.581628233988091,0.2,0.5584052473734911,0.5740000000000003,1
74,18,69,559,1339,1898,stranger,2.603355740107978,3.581628233988091,0.2,0.5584052473734911,0.8010000000000004,1
74,19,69,559,1339,1898,stranger,2.6243758128966688,3.581628233988091,0.2,0.5584052473734911,0.6710000000000004,0
74,20,69,559,1339,1898,self,7.391207849792623,3.581628233988091,0.2,0.5584052473734911,0.6490000000000004,1
74,21,69,559,1339,1898,stranger,2.415983338637772,3.581628233988091,0.2,0.5584052473734911,0.9640000000000006,1
74,22,69,559,1339,1898,self,7.032247864665602,3.581628233988091,0.2,0.5584052473734911,0.6350000000000003,1
74,23,69,559,1339,1898,self,7.527593397559602,3.581628233988091,0.2,0.5584052473734911,0.6070000000000003,1
74,24,69,559,1339,1898,self,7.543219434953625,3.581628233988091,0.2,0.5584052473734911,0.6040000000000003,1
74,25,69,559,1339,1898,stranger,2.3660642030914865,3.581628233988091,0.2,0.5584052473734911,1.6429999999999518,1
74,26,69,559,1339,1898,self,7.934520021312705,3.581628233988091,0.2,0.5584052473734911,0.5080000000000002,1
74,27,69,559,1339,1898,stranger,1.526947126485008,3.581628233988091,0.2,0.5584052473734911,1.8980000000000001,0
74,28,69,559,1339,1898,self,8.704072016922623,3.581628233988091,0.2,0.5584052473734911,0.5760000000000003,1
74,29,69,559,1339,1898,self,7.0868153757624786,3.581628233988091,0.2,0.5584052473734911,0.5630000000000003,1
74,30,69,559,1339,1898,stranger,2.0775616699127832,3.581628233988091,0.2,0.5584052473734911,2.2129999999998895,1
74,31,69,559,1339,1898,stranger,2.7180400909476266,3.581628233988091,0.2,0.5584052473734911,1.2829999999999915,1
74,32,69,559,1339,1898,stranger,1.6026786668959456,3.581628233988091,0.2,0.5584052473734911,1.2069999999999999,1
74,33,69,559,1339,1898,stranger,2.5447760589355033,3.581628233988091,0.2,0.5584052473734911,0.3140000000000001,0
74,34,69,559,1339,1898,self,7.933158565145265,3.581628233988091,0.2,0.5584052473734911,0.5580000000000003,1
74,35,69,559,1339,1898,stranger,1.6717766108830128,3.581628233988091,0.2,0.5584052473734911,2.002999999999912,1
74,36,69,559,1339,1898,self,7.490064196104547,3.581628233988091,0.2,0.5584052473734911,0.6180000000000003,1
74,37,69,559,1339,1898,self,7.579407583741222,3.581628233988091,0.2,0.5584052473734911,0.7180000000000004,1
74,38,69,559,1339,1898,stranger,2.652803079447379,3.581628233988091,0.2,0.5584052473734911,0.9850000000000005,1
74,39,69,559,1339,1898,self,7.958335763577068,3.581628233988091,0.2,0.5584052473734911,0.5160000000000002,1
74,40,69,559,1339,1898,stranger,1.5340016550480906,3.581628233988091,0.2,0.5584052473734911,1.4749999999999703,1
74,41,69,559,1339,1898,stranger,1.5902146103229773,3.581628233988091,0.2,0.5584052473734911,1.0890000000000006,1
74,42,69,559,1339,1898,self,7.160754604609157,3.581628233988091,0.2,0.5584052473734911,0.5430000000000003,1
74,43,69,559,1339,1898,stranger,1.9857865907537762,3.581628233988091,0.2,0.5584052473734911,1.0310000000000006,1
74,44,69,559,1339,1898,self,7.6697726763741905,3.581628233988091,0.2,0.5584052473734911,0.5710000000000003,1
74,45,69,559,1339,1898,stranger,2.026680944815671,3.581628233988091,0.2,0.5584052473734911,1.9559999999999174,1
74,46,69,559,1339,1898,self,8.133965843720903,3.581628233988091,0.2,0.5584052473734911,0.4610000000000002,1
74,47,69,559,1339,1898,stranger,2.5597087128482023,3.581628233988091,0.2,0.5584052473734911,1.2289999999999974,1
74,48,69,559,1339,1898,self,7.496373160946737,3.581628233988091,0.2,0.5584052473734911,0.5400000000000003,1
74,49,69,559,1339,1898,self,6.892631593887726,3.581628233988091,0.2,0.5584052473734911,0.7900000000000005,1
74,50,69,559,1339,1898,stranger,2.1205539613855073,3.581628233988091,0.2,0.5584052473734911,0.7920000000000005,1
74,51,69,559,1339,1898,self,7.675454585113493,3.581628233988091,0.2,0.5584052473734911,0.6780000000000004,1
74,52,69,559,1339,1898,self,7.970658621543967,3.581628233988091,0.2,0.5584052473734911,0.6630000000000004,1
74,53,69,559,1339,1898,stranger,2.131364957749885,3.581628233988091,0.2,0.5584052473734911,1.8449999999999296,1
74,54,69,559,1339,1898,self,7.93158769624251,3.581628233988091,0.2,0.5584052473734911,0.7040000000000004,1
74,55,69,559,1339,1898,stranger,2.0112975089123566,3.581628233988091,0.2,0.5584052473734911,1.4269999999999756,1
74,56,69,559,1339,1898,self,7.848671939945083,3.581628233988091,0.2,0.5584052473734911,0.4800000000000002,1
74,57,69,559,1339,1898,self,6.821159583166944,3.581628233988091,0.2,0.5584052473734911,0.6930000000000004,1
74,58,69,559,1339,1898,stranger,1.402251611033035,3.581628233988091,0.2,0.5584052473734911,1.222999999999998,1
74,59,69,559,1339,1898,self,7.216827610567812,3.581628233988091,0.2,0.5584052473734911,0.6280000000000003,1
74,60,69,559,1339,1898,stranger,2.0261057986443896,3.581628233988091,0.2,0.5584052473734911,0.4680000000000002,0
75,1,105,395,1331,1726,stranger,2.5608991404621646,3.488827796167572,0.2,0.5732584457728099,1.9619999999999167,1
75,2,105,395,1331,1726,self,7.702389893064113,3.488827796167572,0.2,0.5732584457728099,0.6110000000000003,1
75,3,105,395,1331,1726,stranger,1.9369123768034093,3.488827796167572,0.2,0.5732584457728099,0.7390000000000003,1
75,4,105,395,1331,1726,self,7.016354203690207,3.488827796167572,0.2,0.5732584457728099,0.6100000000000003,1
75,5,105,395,1331,1726,stranger,2.8146185393136847,3.488827796167572,0.2,0.5732584457728099,0.7720000000000005,1
75,6,105,395,1331,1726,stranger,1.3972016593525645,3.488827796167572,0.2,0.5732584457728099,1.726,0
75,7,105,395,1331,1726,self,6.867250014809043,3.488827796167572,0.2,0.5732584457728099,0.5650000000000003,1
75,8,105,395,1331,1726,stranger,1.9152231451096,3.488827796167572,0.2,0.5732584457728099,2.1359999999998975,1
75,9,105,395,1331,1726,self,7.772674268991642,3.488827796167572,0.2,0.5732584457728099,0.5290000000000002,1
75,10,105,395,1331,1726,stranger,2.1744402134121215,3.488827796167572,0.2,0.5732584457728099,1.595999999999957,1
75,11,105,395,1331,1726,self,7.980379438553971,3.488827796167572,0.2,0.5732584457728099,0.8510000000000004,1
75,12,105,395,1331,1726,self,6.8923682964222595,3.488827796167572,0.2,0.5732584457728099,0.7550000000000003,1
75,13,105,395,1331,1726,stranger,1.7840974129481375,3.488827796167572,0.2,0.5732584457728099,1.632999999999953,1
75,14,105,395,1331,1726,self,8.198450149893745,3.488827796167572,0.2,0.5732584457728099,0.5160000000000002,1
75,15,105,395,1331,1726,self,7.117668952151871,3.488827796167572,0.2,0.5732584457728099,0.6510000000000004,1
75,16,105,395,1331,1726,stranger,2.4510000556261287,3.488827796167572,0.2,0.5732584457728099,1.6799999999999478,1
75,17,105,395,1331,1726,self,7.557573588549848,3.488827796167572,0.2,0.5732584457728099,0.6040000000000003,1
75,18,105,395,1331,1726,stranger,1.9948542134745184,3.488827796167572,0.2,0.5732584457728099,1.726,0
75,19,105,395,1331,1726,self,7.942353655355085,3.488827796167572,0.2,0.5732584457728099,0.5320000000000003,1
75,20,105,395,1331,1726,self,7.156978516779427,3.488827796167572,0.2,0.5732584457728099,0.5690000000000003,1
75,21,105,395,1331,1726,self,7.424859770702277,3.488827796167572,0.2,0.5732584457728099,0.5010000000000002,1
75,22,105,395,1331,1726,self,7.803039971508182,3.488827796167572,0.2,0.5732584457728099,0.4920000000000002,1
75,23,105,395,1331,1726,stranger,3.012675861765008,3.488827796167572,0.2,0.5732584457728099,0.7230000000000003,1
75,24,105,395,1331,1726,stranger,2.733296732155161,3.488827796167572,0.2,0.5732584457728099,1.1180000000000008,1
75,25,105,395,1331,1726,stranger,1.38180955578887,3.488827796167572,0.2,0.5732584457728099,1.695999999999946,1
75,26,105,395,1331,1726,stranger,2.4688373811950575,3.488827796167572,0.2,0.5732584457728099,1.1490000000000007,0
75,27,105,395,1331,1726,stranger,1.7603682763233603,3.488827796167572,0.2,0.5732584457728099,1.532999999999964,1
75,28,105,395,1331,1726,stranger,2.515765841415279,3.488827796167572,0.2,0.5732584457728099,1.2829999999999915,1
75,29,105,395,1331,1726,self,7.530736206272377,3.488827796167572,0.2,0.5732584457728099,0.5380000000000003,1
75,30,105,395,1331,1726,stranger,1.4184843874557458,3.488827796167572,0.2,0.5732584457728099,1.5469999999999624,1
75,31,105,395,1331,1726,stranger,2.5712985886989483,3.488827796167572,0.2,0.5732584457728099,2.160999999999895,1
75,32,105,395,1331,1726,self,8.060520130069994,3.488827796167572,0.2,0.5732584457728099,0.5110000000000002,1
75,33,105,395,1331,1726,stranger,2.8160599877065433,3.488827796167572,0.2,0.5732584457728099,1.1260000000000008,1
75,34,105,395,1331,1726,self,7.585012908615218,3.488827796167572,0.2,0.5732584457728099,0.5700000000000003,1
75,35,105,395,1331,1726,stranger,2.3811562310031573,3.488827796167572,0.2,0.5732584457728099,1.1170000000000007,1
75,36,105,395,1331,1726,self,7.26952306149581,3.488827796167572,0.2,0.5732584457728099,0.6280000000000003,1
75,37,105,395,1331,1726,stranger,1.58429484623726,3.488827796167572,0.2,0.5732584457728099,1.3519999999999839,1
75,38,105,395,1331,1726,self,7.738818685721145,3.488827796167572,0.2,0.5732584457728099,0.6510000000000004,1
75,39,105,395,1331,1726,stranger,1.6715762878511695,3.488827796167572,0.2,0.5732584457728099,0.2690000000000001,0
75,40,105,395,1331,1726,self,7.455531348084521,3.488827796167572,0.2,0.5732584457728099,0.6710000000000004,1
75,41,105,395,1331,1726,self,7.938702069449653,3.488827796167572,0.2,0.5732584457728099,0.5180000000000002,1
75,42,105,395,1331,1726,stranger,2.2188383133689893,3.488827796167572,0.2,0.5732584457728099,0.7120000000000004,0
75,43,105,395,1331,1726,self,7.529939701049482,3.488827796167572,0.2,0.5732584457728099,0.4770000000000002,1
75,44,105,395,1331,1726,self,6.908523880366921,3.488827796167572,0.2,0.5732584457728099,0.6100000000000003,1
75,45,105,395,1331,1726,stranger,2.6454698762816884,3.488827796167572,0.2,0.5732584457728099,1.2279999999999975,1
75,46,105,395,1331,1726,self,6.54772584704987,3.488827796167572,0.2,0.5732584457728099,0.8980000000000006,1
75,47,105,395,1331,1726,self,8.001239522817228,3.488827796167572,0.2,0.5732584457728099,0.5880000000000003,1
75,48,105,395,1331,1726,self,6.976653625424266,3.488827796167572,0.2,0.5732584457728099,0.4710000000000002,1
75,49,105,395,1331,1726,stranger,2.4056415842862218,3.488827796167572,0.2,0.5732584457728099,1.986999999999914,1
75,50,105,395,1331,1726,stranger,2.305880747866863,3.488827796167572,0.2,0.5732584457728099,0.8410000000000004,1
75,51,105,395,1331,1726,self,7.63363547226516,3.488827796167572,0.2,0.5732584457728099,0.4510000000000002,1
75,52,105,395,1331,1726,self,6.853720927277815,3.488827796167572,0.2,0.5732584457728099,0.5400000000000003,1
75,53,105,395,1331,1726,stranger,2.453708378306896,3.488827796167572,0.2,0.5732584457728099,1.6929999999999463,1
75,54,105,395,1331,1726,stranger,2.0198464286029423,3.488827796167572,0.2,0.5732584457728099,1.2289999999999974,1
75,55,105,395,1331,1726,stranger,2.6579336895477472,3.488827796167572,0.2,0.5732584457728099,0.4760000000000002,0
75,56,105,395,1331,1726,stranger,2.00336028683107,3.488827796167572,0.2,0.5732584457728099,1.726,0
75,57,105,395,1331,1726,stranger,2.6053945325464394,3.488827796167572,0.2,0.5732584457728099,1.468999999999971,1
75,58,105,395,1331,1726,self,7.843034207260019,3.488827796167572,0.2,0.5732584457728099,0.6990000000000004,1
75,59,105,395,1331,1726,self,7.747567130164824,3.488827796167572,0.2,0.5732584457728099,0.6810000000000004,1
75,60,105,395,1331,1726,self,7.776829212383827,3.488827796167572,0.2,0.5732584457728099,0.5050000000000002,1
76,1,28,203,726,929,stranger,-0.5408992307876059,4.565353808078578,0.2,0.43808214742544577,0.5430000000000003,0
76,2,28,203,726,929,stranger,0.11212044291984569,4.565353808078578,0.2,0.43808214742544577,0.2840000000000001,0
76,3,28,203,726,929,self,4.150492478765122,4.565353808078578,0.2,0.43808214742544577,1.3929999999999794,1
76,4,28,203,726,929,self,2.6372663845598594,4.565353808078578,0.2,0.43808214742544577,0.929,0
76,5,28,203,726,929,stranger,-0.09568608357827091,4.565353808078578,0.2,0.43808214742544577,0.2900000000000001,0
76,6,28,203,726,929,self,4.382479071603122,4.565353808078578,0.2,0.43808214742544577,1.1350000000000007,1
76,7,28,203,726,929,stranger,0.9520248828955737,4.565353808078578,0.2,0.43808214742544577,0.929,0
76,8,28,203,726,929,self,3.8171316095034755,4.565353808078578,0.2,0.43808214742544577,2.0109999999999113,1
76,9,28,203,726,929,self,4.190976288471074,4.565353808078578,0.2,0.43808214742544577,1.4309999999999752,1
76,10,28,203,726,929,self,3.1047362735495327,4.565353808078578,0.2,0.43808214742544577,1.8069999999999338,1
76,11,28,203,726,929,self,3.893071116811042,4.565353808078578,0.2,0.43808214742544577,1.668999999999949,1
76,12,28,203,726,929,stranger,0.03416578898632516,4.565353808078578,0.2,0.43808214742544577,0.40100000000000013,0
76,13,28,203,726,929,self,3.607272901762833,4.565353808078578,0.2,0.43808214742544577,1.341999999999985,1
76,14,28,203,726,929,stranger,0.2331809974153678,4.565353808078578,0.2,0.43808214742544577,0.929,0
76,15,28,203,726,929,self,3.212098234635181,4.565353808078578,0.2,0.43808214742544577,0.929,0
76,16,28,203,726,929,stranger,1.1803930127967868,4.565353808078578,0.2,0.43808214742544577,0.929,0
76,17,28,203,726,929,stranger,0.2649541115156975,4.565353808078578,0.2,0.43808214742544577,0.24700000000000005,0
76,18,28,203,726,929,stranger,0.9598793209611016,4.565353808078578,0.2,0.43808214742544577,1.6889999999999468,1
76,19,28,203,726,929,self,3.4916408850745344,4.565353808078578,0.2,0.43808214742544577,1.1970000000000007,1
76,20,28,203,726,929,stranger,-0.13516904072652647,4.565353808078578,0.2,0.43808214742544577,1.1990000000000007,0
76,21,28,203,726,929,self,4.201085117001137,4.565353808078578,0.2,0.43808214742544577,1.0090000000000006,1
76,22,28,203,726,929,self,4.391584906081636,4.565353808078578,0.2,0.43808214742544577,0.7760000000000005,1
76,23,28,203,726,929,stranger,0.6659264779067717,4.565353808078578,0.2,0.43808214742544577,0.929,0
76,24,28,203,726,929,self,3.3726488270764494,4.565353808078578,0.2,0.43808214742544577,1.8219999999999321,1
76,25,28,203,726,929,self,3.508231462339175,4.565353808078578,0.2,0.43808214742544577,1.223999999999998,1
76,26,28,203,726,929,stranger,-0.28977007569011026,4.565353808078578,0.2,0.43808214742544577,0.25300000000000006,0
76,27,28,203,726,929,self,3.8457465586177606,4.565353808078578,0.2,0.43808214742544577,1.1980000000000008,1
76,28,28,203,726,929,self,3.978639992355794,4.565353808078578,0.2,0.43808214742544577,1.2809999999999917,1
76,29,28,203,726,929,self,5.028604499097177,4.565353808078578,0.2,0.43808214742544577,1.0270000000000006,1
76,30,28,203,726,929,self,3.646040204318092,4.565353808078578,0.2,0.43808214742544577,1.395999999999979,1
76,31,28,203,726,929,stranger,-0.4983272365382684,4.565353808078578,0.2,0.43808214742544577,0.4740000000000002,0
76,32,28,203,726,929,stranger,-0.01474576831069907,4.565353808078578,0.2,0.43808214742544577,0.24000000000000005,0
76,33,28,203,726,929,stranger,0.4874767508160831,4.565353808078578,0.2,0.43808214742544577,0.929,0
76,34,28,203,726,929,stranger,0.5735085587862458,4.565353808078578,0.2,0.43808214742544577,1.323999999999987,0
76,35,28,203,726,929,stranger,-0.5608707620549475,4.565353808078578,0.2,0.43808214742544577,0.3330000000000001,0
76,36,28,203,726,929,self,2.908545636977611,4.565353808078578,0.2,0.43808214742544577,2.0439999999999077,1
76,37,28,203,726,929,stranger,-0.4754693966003073,4.565353808078578,0.2,0.43808214742544577,0.5960000000000003,0
76,38,28,203,726,929,self,3.3720287658127117,4.565353808078578,0.2,0.43808214742544577,1.0210000000000006,1
76,39,28,203,726,929,stranger,0.1752267640014158,4.565353808078578,0.2,0.43808214742544577,1.5259999999999647,0
76,40,28,203,726,929,stranger,0.13940431813883003,4.565353808078578,0.2,0.43808214742544577,0.4730000000000002,0
76,41,28,203,726,929,stranger,0.4579699958259664,4.565353808078578,0.2,0.43808214742544577,0.9510000000000005,0
76,42,28,203,726,929,stranger,-0.08001925426379164,4.565353808078578,0.2,0.43808214742544577,0.6670000000000004,0
76,43,28,203,726,929,self,3.037814129543843,4.565353808078578,0.2,0.43808214742544577,0.9330000000000005,1
76,44,28,203,726,929,self,4.089741236119922,4.565353808078578,0.2,0.43808214742544577,0.3010000000000001,0
76,45,28,203,726,929,stranger,0.24965705624978907,4.565353808078578,0.2,0.43808214742544577,0.929,0
76,46,28,203,726,929,stranger,-0.6375597827088385,4.565353808078578,0.2,0.43808214742544577,0.5390000000000003,0
76,47,28,203,726,929,stranger,0.1573168650212391,4.565353808078578,0.2,0.43808214742544577,0.3350000000000001,0
76,48,28,203,726,929,stranger,0.47142166347705405,4.565353808078578,0.2,0.43808214742544577,0.4760000000000002,0
76,49,28,203,726,929,self,4.2925795668848306,4.565353808078578,0.2,0.43808214742544577,1.549999999999962,1
76,50,28,203,726,929,stranger,0.41741399730660467,4.565353808078578,0.2,0.43808214742544577,0.929,0
76,51,28,203,726,929,self,3.911281969412047,4.565353808078578,0.2,0.43808214742544577,1.495999999999968,1
76,52,28,203,726,929,stranger,0.04180250828208254,4.565353808078578,0.2,0.43808214742544577,0.3050000000000001,0
76,53,28,203,726,929,self,2.7887047352039187,4.565353808078578,0.2,0.43808214742544577,0.929,0
76,54,28,203,726,929,self,4.393332562134299,4.565353808078578,0.2,0.43808214742544577,0.6220000000000003,1
76,55,28,203,726,929,self,3.3739814786226208,4.565353808078578,0.2,0.43808214742544577,1.287999999999991,1
76,56,28,203,726,929,stranger,0.6123385182171921,4.565353808078578,0.2,0.43808214742544577,0.33100000000000007,0
76,57,28,203,726,929,self,3.6238090685110182,4.565353808078578,0.2,0.43808214742544577,1.495999999999968,1
76,58,28,203,726,929,self,3.3738699800676497,4.565353808078578,0.2,0.43808214742544577,1.7359999999999416,1
76,59,28,203,726,929,stranger,0.5549338001434772,4.565353808078578,0.2,0.43808214742544577,0.929,0
76,60,28,203,726,929,self,3.602476285041179,4.565353808078578,0.2,0.43808214742544577,1.4749999999999703,1
77,1,78,215,242,457,stranger,1.1471978988727218,1.2358423517358612,0.2,1.6183293906304512,0.201,1
77,2,78,215,242,457,self,5.028398487990303,1.2358423517358612,0.2,1.6183293906304512,0.201,1
77,3,78,215,242,457,stranger,0.770090050510269,1.2358423517358612,0.2,1.6183293906304512,0.201,1
77,4,78,215,242,457,self,5.130964698688835,1.2358423517358612,0.2,1.6183293906304512,0.201,1
77,5,78,215,242,457,stranger,1.6093193171846676,1.2358423517358612,0.2,1.6183293906304512,0.201,1
77,6,78,215,242,457,stranger,-0.2597724793672256,1.2358423517358612,0.2,1.6183293906304512,0.201,1
77,7,78,215,242,457,stranger,1.657403282968422,1.2358423517358612,0.2,1.6183293906304512,0.201,1
77,8,78,215,242,457,stranger,0.7884595311274043,1.2358423517358612,0.2,1.6183293906304512,0.201,1
77,9,78,215,242,457,stranger,0.2545707004106126,1.2358423517358612,0.2,1.6183293906304512,0.201,1
77,10,78,215,242,457,stranger,2.4807155453316887,1.2358423517358612,0.2,1.6183293906304512,0.201,1
77,11,78,215,242,457,stranger,0.20202323133147382,1.2358423517358612,0.2,1.6183293906304512,0.201,1
77,12,78,215,242,457,self,5.338098024563093,1.2358423517358612,0.2,1.6183293906304512,0.201,1
77,13,78,215,242,457,stranger,0.27698234062683325,1.2358423517358612,0.2,1.6183293906304512,0.201,1
77,14,78,215,242,457,stranger,1.1305954546375292,1.2358423517358612,0.2,1.6183293906304512,0.201,1
77,15,78,215,242,457,stranger,0.4882421478992707,1.2358423517358612,0.2,1.6183293906304512,0.201,1
77,16,78,215,242,457,self,4.794600253728186,1.2358423517358612,0.2,1.6183293906304512,0.201,1
77,17,78,215,242,457,stranger,1.133590568353019,1.2358423517358612,0.2,1.6183293906304512,0.201,1
77,18,78,215,242,457,stranger,0.9016486595793132,1.2358423517358612,0.2,1.6183293906304512,0.201,1
77,19,78,215,242,457,self,5.227580964657385,1.2358423517358612,0.2,1.6183293906304512,0.201,1
77,20,78,215,242,457,self,4.651438691795567,1.2358423517358612,0.2,1.6183293906304512,0.201,1
77,21,78,215,242,457,stranger,0.8305139979099581,1.2358423517358612,0.2,1.6183293906304512,0.201,1
77,22,78,215,242,457,self,5.576597949222322,1.2358423517358612,0.2,1.6183293906304512,0.201,1
77,23,78,215,242,457,self,4.219597596438016,1.2358423517358612,0.2,1.6183293906304512,0.201,1
77,24,78,215,242,457,stranger,0.4615683449395531,1.2358423517358612,0.2,1.6183293906304512,0.201,1
77,25,78,215,242,457,self,5.3885261144517855,1.2358423517358612,0.2,1.6183293906304512,0.201,1
77,26,78,215,242,457,self,5.5839452039326485,1.2358423517358612,0.2,1.6183293906304512,0.201,1
77,27,78,215,242,457,stranger,1.154337993977962,1.2358423517358612,0.2,1.6183293906304512,0.201,1
77,28,78,215,242,457,self,4.534969237882256,1.2358423517358612,0.2,1.6183293906304512,0.201,1
77,29,78,215,242,457,self,4.780418116869157,1.2358423517358612,0.2,1.6183293906304512,0.201,1
77,30,78,215,242,457,self,4.426451136329852,1.2358423517358612,0.2,1.6183293906304512,0.201,1
77,31,78,215,242,457,stranger,1.4346853134804949,1.2358423517358612,0.2,1.6183293906304512,0.201,1
77,32,78,215,242,457,self,4.522596866840617,1.2358423517358612,0.2,1.6183293906304512,0.201,1
77,33,78,215,242,457,stranger,0.18711645172613756,1.2358423517358612,0.2,1.6183293906304512,0.201,1
77,34,78,215,242,457,self,4.4136592391628415,1.2358423517358612,0.2,1.6183293906304512,0.201,1
77,35,78,215,242,457,self,5.706788683404996,1.2358423517358612,0.2,1.6183293906304512,0.201,1
77,36,78,215,242,457,stranger,0.04441874283386915,1.2358423517358612,0.2,1.6183293906304512,0.201,1
77,37,78,215,242,457,self,4.650390551781834,1.2358423517358612,0.2,1.6183293906304512,0.201,1
77,38,78,215,242,457,stranger,0.3409641627645168,1.2358423517358612,0.2,1.6183293906304512,0.201,1
77,39,78,215,242,457,self,5.092754059587433,1.2358423517358612,0.2,1.6183293906304512,0.201,1
77,40,78,215,242,457,self,5.841720709208655,1.2358423517358612,0.2,1.6183293906304512,0.201,1
77,41,78,215,242,457,stranger,0.6303994757696625,1.2358423517358612,0.2,1.6183293906304512,0.201,1
77,42,78,215,242,457,self,5.111226001340482,1.2358423517358612,0.2,1.6183293906304512,0.201,1
77,43,78,215,242,457,self,5.117151122106899,1.2358423517358612,0.2,1.6183293906304512,0.201,1
77,44,78,215,242,457,self,5.593937697541605,1.2358423517358612,0.2,1.6183293906304512,0.201,1
77,45,78,215,242,457,self,5.244478861363584,1.2358423517358612,0.2,1.6183293906304512,0.201,1
77,46,78,215,242,457,self,5.474778896062299,1.2358423517358612,0.2,1.6183293906304512,0.201,1
77,47,78,215,242,457,stranger,-0.20412494756115196,1.2358423517358612,0.2,1.6183293906304512,0.201,1
77,48,78,215,242,457,self,4.138526843717575,1.2358423517358612,0.2,1.6183293906304512,0.201,1
77,49,78,215,242,457,self,5.642747197270614,1.2358423517358612,0.2,1.6183293906304512,0.201,1
77,50,78,215,242,457,stranger,0.3513554746366365,1.2358423517358612,0.2,1.6183293906304512,0.201,1
77,51,78,215,242,457,stranger,0.3024910246487743,1.2358423517358612,0.2,1.6183293906304512,0.201,1
77,52,78,215,242,457,self,5.646964070124801,1.2358423517358612,0.2,1.6183293906304512,0.201,1
77,53,78,215,242,457,stranger,0.29847815278334267,1.2358423517358612,0.2,1.6183293906304512,0.201,1
77,54,78,215,242,457,self,4.841350757941198,1.2358423517358612,0.2,1.6183293906304512,0.201,1
77,55,78,215,242,457,self,4.926749258546099,1.2358423517358612,0.2,1.6183293906304512,0.201,1
77,56,78,215,242,457,self,4.603904801162624,1.2358423517358612,0.2,1.6183293906304512,0.201,1
77,57,78,215,242,457,stranger,1.1747544567809522,1.2358423517358612,0.2,1.6183293906304512,0.201,1
77,58,78,215,242,457,stranger,1.1391666172294794,1.2358423517358612,0.2,1.6183293906304512,0.201,1
77,59,78,215,242,457,stranger,0.2529952142412658,1.2358423517358612,0.2,1.6183293906304512,0.201,1
77,60,78,215,242,457,stranger,0.9513653227673935,1.2358423517358612,0.2,1.6183293906304512,0.201,1
78,1,108,213,475,688,stranger,1.0904044271193039,2.578473770384997,0.2,0.7756526449758595,0.6880000000000001,0
78,2,108,213,475,688,self,6.05162807819257,2.578473770384997,0.2,0.7756526449758595,0.44200000000000017,1
78,3,108,213,475,688,stranger,1.718807424278503,2.578473770384997,0.2,0.7756526449758595,1.0630000000000006,1
78,4,108,213,475,688,self,5.999861618358334,2.578473770384997,0.2,0.7756526449758595,0.5720000000000003,1
78,5,108,213,475,688,stranger,0.8360616000585368,2.578473770384997,0.2,0.7756526449758595,1.0750000000000006,1
78,6,108,213,475,688,stranger,1.4133875673618215,2.578473770384997,0.2,0.7756526449758595,0.6040000000000003,1
78,7,108,213,475,688,stranger,0.9619516170206104,2.578473770384997,0.2,0.7756526449758595,1.4289999999999754,1
78,8,108,213,475,688,stranger,0.9635373731292092,2.578473770384997,0.2,0.7756526449758595,0.6880000000000001,0
78,9,108,213,475,688,stranger,0.8946913849135725,2.578473770384997,0.2,0.7756526449758595,1.0290000000000006,1
78,10,108,213,475,688,self,6.540449101777019,2.578473770384997,0.2,0.7756526449758595,0.5100000000000002,1
78,11,108,213,475,688,self,5.969403605950481,2.578473770384997,0.2,0.7756526449758595,0.3740000000000001,1
78,12,108,213,475,688,self,6.432022476155343,2.578473770384997,0.2,0.7756526449758595,0.43900000000000017,1
78,13,108,213,475,688,self,6.117091400422095,2.578473770384997,0.2,0.7756526449758595,0.4850000000000002,1
78,14,108,213,475,688,self,5.462304523841714,2.578473770384997,0.2,0.7756526449758595,0.5240000000000002,1
78,15,108,213,475,688,self,4.687183938328781,2.578473770384997,0.2,0.7756526449758595,0.6370000000000003,1
78,16,108,213,475,688,stranger,1.3708679723351493,2.578473770384997,0.2,0.7756526449758595,1.0760000000000007,1
78,17,108,213,475,688,stranger,1.1871303128246382,2.578473770384997,0.2,0.7756526449758595,1.0080000000000007,1
78,18,108,213,475,688,stranger,1.055579096309277,2.578473770384997,0.2,0.7756526449758595,0.8930000000000005,1
78,19,108,213,475,688,self,5.681218965199913,2.578473770384997,0.2,0.7756526449758595,0.4710000000000002,1
78,20,108,213,475,688,stranger,2.2399714440933582,2.578473770384997,0.2,0.7756526449758595,0.8180000000000005,1
78,21,108,213,475,688,self,5.264236351981797,2.578473770384997,0.2,0.7756526449758595,0.8330000000000004,1
78,22,108,213,475,688,self,6.426264458189176,2.578473770384997,0.2,0.7756526449758595,0.6580000000000004,1
78,23,108,213,475,688,self,5.728076275758592,2.578473770384997,0.2,0.7756526449758595,0.39400000000000013,1
78,24,108,213,475,688,self,5.579028451349143,2.578473770384997,0.2,0.7756526449758595,0.6060000000000003,1
78,25,108,213,475,688,self,5.168805775127553,2.578473770384997,0.2,0.7756526449758595,0.6270000000000003,1
78,26,108,213,475,688,self,5.910967847731154,2.578473770384997,0.2,0.7756526449758595,0.5350000000000003,1
78,27,108,213,475,688,stranger,1.3211054707936831,2.578473770384997,0.2,0.7756526449758595,1.5199999999999654,1
78,28,108,213,475,688,self,5.913044974266589,2.578473770384997,0.2,0.7756526449758595,0.44100000000000017,1
78,29,108,213,475,688,self,5.874379321296386,2.578473770384997,0.2,0.7756526449758595,0.44000000000000017,1
78,30,108,213,475,688,stranger,2.1101571848220515,2.578473770384997,0.2,0.7756526449758595,0.6440000000000003,1
78,31,108,213,475,688,self,5.5872537324974765,2.578473770384997,0.2,0.7756526449758595,0.3210000000000001,1
78,32,108,213,475,688,self,5.3557997241661255,2.578473770384997,0.2,0.7756526449758595,0.4710000000000002,1
78,33,108,213,475,688,stranger,0.4631365181261253,2.578473770384997,0.2,0.7756526449758595,1.5849999999999582,1
78,34,108,213,475,688,self,4.902878019396019,2.578473770384997,0.2,0.7756526449758595,0.7120000000000004,1
78,35,108,213,475,688,stranger,0.6902951059754394,2.578473770384997,0.2,0.7756526449758595,0.42600000000000016,1
78,36,108,213,475,688,stranger,2.322450573372831,2.578473770384997,0.2,0.7756526449758595,1.3639999999999826,1
78,37,108,213,475,688,stranger,0.8716704804446513,2.578473770384997,0.2,0.7756526449758595,0.4910000000000002,0
78,38,108,213,475,688,self,5.974145808306431,2.578473770384997,0.2,0.7756526449758595,0.44300000000000017,1
78,39,108,213,475,688,stranger,1.7959634902061317,2.578473770384997,0.2,0.7756526449758595,1.3769999999999811,1
78,40,108,213,475,688,self,5.814819329179824,2.578473770384997,0.2,0.7756526449758595,0.4800000000000002,1
78,41,108,213,475,688,stranger,1.755367711907896,2.578473770384997,0.2,0.7756526449758595,1.1580000000000008,1
78,42,108,213,475,688,self,6.021074362106896,2.578473770384997,0.2,0.7756526449758595,0.4810000000000002,1
78,43,108,213,475,688,stranger,1.525781176357659,2.578473770384997,0.2,0.7756526449758595,1.2659999999999934,1
78,44,108,213,475,688,stranger,1.7441036918046429,2.578473770384997,0.2,0.7756526449758595,0.8590000000000004,1
78,45,108,213,475,688,stranger,1.768863287504113,2.578473770384997,0.2,0.7756526449758595,0.3140000000000001,0
78,46,108,213,475,688,stranger,1.5557711076755323,2.578473770384997,0.2,0.7756526449758595,0.8690000000000004,1
78,47,108,213,475,688,self,5.584427448691909,2.578473770384997,0.2,0.7756526449758595,0.5440000000000003,1
78,48,108,213,475,688,self,5.551704407130719,2.578473770384997,0.2,0.7756526449758595,0.4920000000000002,1
78,49,108,213,475,688,stranger,0.5446437060893796,2.578473770384997,0.2,0.7756526449758595,1.5219999999999652,1
78,50,108,213,475,688,self,5.724816529658109,2.578473770384997,0.2,0.7756526449758595,0.40100000000000013,1
78,51,108,213,475,688,stranger,1.092304505449025,2.578473770384997,0.2,0.7756526449758595,2.1449999999998965,1
78,52,108,213,475,688,stranger,0.7279736929638994,2.578473770384997,0.2,0.7756526449758595,0.6880000000000001,0
78,53,108,213,475,688,self,5.838098458783122,2.578473770384997,0.2,0.7756526449758595,0.4550000000000002,1
78,54,108,213,475,688,stranger,1.6422438938759658,2.578473770384997,0.2,0.7756526449758595,2.1249999999998987,1
78,55,108,213,475,688,self,6.110173979098541,2.578473770384997,0.2,0.7756526449758595,0.5420000000000003,1
78,56,108,213,475,688,stranger,0.8849353536109088,2.578473770384997,0.2,0.7756526449758595,0.5410000000000003,0
78,57,108,213,475,688,stranger,1.120917015659504,2.578473770384997,0.2,0.7756526449758595,0.6880000000000001,0
78,58,108,213,475,688,self,6.0993806119169305,2.578473770384997,0.2,0.7756526449758595,0.3810000000000001,1
78,59,108,213,475,688,stranger,1.9188648428944166,2.578473770384997,0.2,0.7756526449758595,1.0360000000000007,1
78,60,108,213,475,688,self,5.921964015501078,2.578473770384997,0.2,0.7756526449758595,0.5810000000000003,1
79,1,116,572,245,817,stranger,1.7370036641272693,3.2192865216991247,0.2,0.6212556684592365,1.6369999999999525,1
79,2,116,572,245,817,self,7.241704072887073,3.2192865216991247,0.2,0.6212556684592365,0.6650000000000004,1
79,3,116,572,245,817,stranger,2.088059573413994,3.2192865216991247,0.2,0.6212556684592365,0.2740000000000001,0
79,4,116,572,245,817,stranger,0.8555355092038553,3.2192865216991247,0.2,0.6212556684592365,1.9639999999999165,1
79,5,116,572,245,817,stranger,1.6681886755505464,3.2192865216991247,0.2,0.6212556684592365,0.8170000000000001,0
79,6,116,572,245,817,stranger,2.580462048097603,3.2192865216991247,0.2,0.6212556684592365,1.423999999999976,1
79,7,116,572,245,817,self,7.581576071034474,3.2192865216991247,0.2,0.6212556684592365,0.5180000000000002,1
79,8,116,572,245,817,stranger,1.7943721354526578,3.2192865216991247,0.2,0.6212556684592365,1.3659999999999823,1
79,9,116,572,245,817,self,7.813461276475782,3.2192865216991247,0.2,0.6212556684592365,0.5630000000000003,1
79,10,116,572,245,817,stranger,1.7508315537149253,3.2192865216991247,0.2,0.6212556684592365,0.2730000000000001,0
79,11,116,572,245,817,self,8.079176345004152,3.2192865216991247,0.2,0.6212556684592365,0.4570000000000002,1
79,12,116,572,245,817,self,6.881140286485922,3.2192865216991247,0.2,0.6212556684592365,0.5100000000000002,1
79,13,116,572,245,817,self,7.346877714950434,3.2192865216991247,0.2,0.6212556684592365,0.5880000000000003,1
79,14,116,572,245,817,self,7.057740841465394,3.2192865216991247,0.2,0.6212556684592365,0.6470000000000004,1
79,15,116,572,245,817,self,8.057719896058302,3.2192865216991247,0.2,0.6212556684592365,0.5540000000000003,1
79,16,116,572,245,817,stranger,2.1689529169027715,3.2192865216991247,0.2,0.6212556684592365,1.2129999999999992,1
79,17,116,572,245,817,stranger,1.8784610284731595,3.2192865216991247,0.2,0.6212556684592365,1.668999999999949,1
79,18,116,572,245,817,self,8.25802157874544,3.2192865216991247,0.2,0.6212556684592365,0.4560000000000002,1
79,19,116,572,245,817,self,8.006004464030468,3.2192865216991247,0.2,0.6212556684592365,0.5700000000000003,1
79,20,116,572,245,817,stranger,2.143306953456535,3.2192865216991247,0.2,0.6212556684592365,1.3859999999999801,1
79,21,116,572,245,817,self,8.29618990379023,3.2192865216991247,0.2,0.6212556684592365,0.5130000000000002,1
79,22,116,572,245,817,self,7.840167937593633,3.2192865216991247,0.2,0.6212556684592365,0.6450000000000004,1
79,23,116,572,245,817,stranger,1.1573144028566604,3.2192865216991247,0.2,0.6212556684592365,1.9469999999999184,1
79,24,116,572,245,817,stranger,3.036408535472003,3.2192865216991247,0.2,0.6212556684592365,1.505999999999967,1
79,25,116,572,245,817,self,7.293994920867242,3.2192865216991247,0.2,0.6212556684592365,0.4700000000000002,1
79,26,116,572,245,817,stranger,1.7678919664759225,3.2192865216991247,0.2,0.6212556684592365,1.8089999999999336,1
79,27,116,572,245,817,self,7.909926976666359,3.2192865216991247,0.2,0.6212556684592365,0.5620000000000003,1
79,28,116,572,245,817,stranger,1.3067472263489472,3.2192865216991247,0.2,0.6212556684592365,1.532999999999964,1
79,29,116,572,245,817,stranger,2.49675082943807,3.2192865216991247,0.2,0.6212556684592365,0.8550000000000004,1
79,30,116,572,245,817,self,7.669600000449417,3.2192865216991247,0.2,0.6212556684592365,0.5510000000000003,1
79,31,116,572,245,817,self,6.678377009229301,3.2192865216991247,0.2,0.6212556684592365,0.4940000000000002,1
79,32,116,572,245,817,stranger,1.1675714204754084,3.2192865216991247,0.2,0.6212556684592365,1.1980000000000008,1
79,33,116,572,245,817,self,7.425509333329556,3.2192865216991247,0.2,0.6212556684592365,0.4870000000000002,1
79,34,116,572,245,817,stranger,0.9211050991836051,3.2192865216991247,0.2,0.6212556684592365,0.4840000000000002,0
79,35,116,572,245,817,self,7.13361047635643,3.2192865216991247,0.2,0.6212556684592365,0.6720000000000004,1
79,36,116,572,245,817,stranger,1.5989269378032018,3.2192865216991247,0.2,0.6212556684592365,0.9160000000000006,1
79,37,116,572,245,817,self,7.159480866737995,3.2192865216991247,0.2,0.6212556684592365,0.7690000000000003,1
79,38,116,572,245,817,self,7.010689356377606,3.2192865216991247,0.2,0.6212556684592365,0.7260000000000004,1
79,39,116,572,245,817,stranger,1.2384348420028783,3.2192865216991247,0.2,0.6212556684592365,1.8199999999999323,1
79,40,116,572,245,817,self,7.221788431229864,3.2192865216991247,0.2,0.6212556684592365,0.6270000000000003,1
79,41,116,572,245,817,stranger,2.0803783323106626,3.2192865216991247,0.2,0.6212556684592365,1.6999999999999456,1
79,42,116,572,245,817,stranger,1.4374357513380838,3.2192865216991247,0.2,0.6212556684592365,0.9970000000000006,1
79,43,116,572,245,817,self,7.861956734538811,3.2192865216991247,0.2,0.6212556684592365,0.4610000000000002,1
79,44,116,572,245,817,stranger,2.1150387047162518,3.2192865216991247,0.2,0.6212556684592365,2.193999999999891,1
79,45,116,572,245,817,self,6.592455790842184,3.2192865216991247,0.2,0.6212556684592365,0.5170000000000002,1
79,46,116,572,245,817,stranger,1.4555775409440157,3.2192865216991247,0.2,0.6212556684592365,0.8170000000000001,0
79,47,116,572,245,817,stranger,1.8933605034949408,3.2192865216991247,0.2,0.6212556684592365,1.8629999999999276,1
79,48,116,572,245,817,self,7.638752166753552,3.2192865216991247,0.2,0.6212556684592365,0.43500000000000016,1
79,49,116,572,245,817,stranger,1.5866183048616702,3.2192865216991247,0.2,0.6212556684592365,1.1070000000000007,1
79,50,116,572,245,817,stranger,1.4233173398353922,3.2192865216991247,0.2,0.6212556684592365,1.9179999999999215,1
79,51,116,572,245,817,self,7.695510926561726,3.2192865216991247,0.2,0.6212556684592365,0.5140000000000002,1
79,52,116,572,245,817,self,7.066982956370443,3.2192865216991247,0.2,0.6212556684592365,0.5970000000000003,1
79,53,116,572,245,817,stranger,1.6093571472767683,3.2192865216991247,0.2,0.6212556684592365,1.0740000000000007,1
79,54,116,572,245,817,stranger,1.3281487185698406,3.2192865216991247,0.2,0.6212556684592365,0.9650000000000005,0
79,55,116,572,245,817,self,7.3475165260429725,3.2192865216991247,0.2,0.6212556684592365,0.5750000000000003,1
79,56,116,572,245,817,self,7.3800444469490865,3.2192865216991247,0.2,0.6212556684592365,0.5660000000000003,1
79,57,116,572,245,817,stranger,1.6614738640248823,3.2192865216991247,0.2,0.6212556684592365,0.8790000000000004,1
79,58,116,572,245,817,self,7.5124873541440405,3.2192865216991247,0.2,0.6212556684592365,0.5670000000000003,1
79,59,116,572,245,817,self,8.134420687318805,3.2192865216991247,0.2,0.6212556684592365,0.44300000000000017,1
79,60,116,572,245,817,stranger,1.8999764005393016,3.2192865216991247,0.2,0.6212556684592365,1.6479999999999513,1
80,1,3,197,1112,1309,stranger,0.0019189187568968702,4.3300061155354665,0.2,0.4618931120730465,0.5270000000000002,0
80,2,3,197,1112,1309,self,1.8795884150759594,4.3300061155354665,0.2,0.4618931120730465,1.38699999999998,1
80,3,3,197,1112,1309,stranger,0.11005335513410147,4.3300061155354665,0.2,0.4618931120730465,0.4670000000000002,0
80,4,3,197,1112,1309,stranger,0.6772783066998966,4.3300061155354665,0.2,0.4618931120730465,1.309,0
80,5,3,197,1112,1309,stranger,0.6685536656837685,4.3300061155354665,0.2,0.4618931120730465,0.9300000000000006,0
80,6,3,197,1112,1309,self,4.088100764989048,4.3300061155354665,0.2,0.4618931120730465,0.9770000000000005,1
80,7,3,197,1112,1309,self,2.217352372185184,4.3300061155354665,0.2,0.4618931120730465,1.309,0
80,8,3,197,1112,1309,self,2.256385518252691,4.3300061155354665,0.2,0.4618931120730465,1.1010000000000006,1
80,9,3,197,1112,1309,stranger,1.3457680275805157,4.3300061155354665,0.2,0.4618931120730465,1.309,0
80,10,3,197,1112,1309,self,2.927609425688919,4.3300061155354665,0.2,0.4618931120730465,1.2349999999999968,1
80,11,3,197,1112,1309,self,2.1651290974192374,4.3300061155354665,0.2,0.4618931120730465,1.309,0
80,12,3,197,1112,1309,stranger,-0.2868579597019813,4.3300061155354665,0.2,0.4618931120730465,1.3099999999999885,0
80,13,3,197,1112,1309,stranger,0.27329278801650525,4.3300061155354665,0.2,0.4618931120730465,1.309,0
80,14,3,197,1112,1309,stranger,-0.2556002569772748,4.3300061155354665,0.2,0.4618931120730465,0.6240000000000003,0
80,15,3,197,1112,1309,stranger,-0.26388632904999004,4.3300061155354665,0.2,0.4618931120730465,0.2780000000000001,0
80,16,3,197,1112,1309,stranger,0.14699980227905313,4.3300061155354665,0.2,0.4618931120730465,0.3020000000000001,0
80,17,3,197,1112,1309,self,3.0401559100469413,4.3300061155354665,0.2,0.4618931120730465,1.5519999999999619,1
80,18,3,197,1112,1309,self,2.4422308125663195,4.3300061155354665,0.2,0.4618931120730465,1.6709999999999487,1
80,19,3,197,1112,1309,stranger,0.7601013295440815,4.3300061155354665,0.2,0.4618931120730465,0.2710000000000001,0
80,20,3,197,1112,1309,stranger,0.09042093671473656,4.3300061155354665,0.2,0.4618931120730465,0.7890000000000004,0
80,21,3,197,1112,1309,self,2.325115019039087,4.3300061155354665,0.2,0.4618931120730465,1.309,0
80,22,3,197,1112,1309,stranger,0.6904297204514447,4.3300061155354665,0.2,0.4618931120730465,0.2770000000000001,0
80,23,3,197,1112,1309,stranger,0.5652659322604843,4.3300061155354665,0.2,0.4618931120730465,0.4490000000000002,0
80,24,3,197,1112,1309,self,2.4273515628585427,4.3300061155354665,0.2,0.4618931120730465,1.6649999999999494,1
80,25,3,197,1112,1309,self,2.0730740738080327,4.3300061155354665,0.2,0.4618931120730465,1.7299999999999423,1
80,26,3,197,1112,1309,self,2.6143123310215235,4.3300061155354665,0.2,0.4618931120730465,1.4299999999999753,1
80,27,3,197,1112,1309,self,2.2857754188417747,4.3300061155354665,0.2,0.4618931120730465,0.2750000000000001,0
80,28,3,197,1112,1309,self,2.490826146052318,4.3300061155354665,0.2,0.4618931120730465,1.3189999999999875,1
80,29,3,197,1112,1309,stranger,1.1065230315643577,4.3300061155354665,0.2,0.4618931120730465,1.9569999999999173,1
80,30,3,197,1112,1309,stranger,0.3172011112474579,4.3300061155354665,0.2,0.4618931120730465,0.2930000000000001,0
80,31,3,197,1112,1309,stranger,0.5677449807172341,4.3300061155354665,0.2,0.4618931120730465,1.309,0
80,32,3,197,1112,1309,stranger,0.6531463764663037,4.3300061155354665,0.2,0.4618931120730465,0.6270000000000003,0
80,33,3,197,1112,1309,stranger,0.9750341772724864,4.3300061155354665,0.2,0.4618931120730465,1.309,0
80,34,3,197,1112,1309,self,2.6789932671971313,4.3300061155354665,0.2,0.4618931120730465,1.2099999999999995,1
80,35,3,197,1112,1309,stranger,0.4771724119630439,4.3300061155354665,0.2,0.4618931120730465,0.3780000000000001,0
80,36,3,197,1112,1309,stranger,-0.24607659275754662,4.3300061155354665,0.2,0.4618931120730465,0.3030000000000001,0
80,37,3,197,1112,1309,stranger,-0.03835171073356958,4.3300061155354665,0.2,0.4618931120730465,0.5000000000000002,0
80,38,3,197,1112,1309,self,3.3330845398255704,4.3300061155354665,0.2,0.4618931120730465,1.2989999999999897,1
80,39,3,197,1112,1309,self,1.872572740453935,4.3300061155354665,0.2,0.4618931120730465,1.5339999999999638,1
80,40,3,197,1112,1309,self,1.3223922583318604,4.3300061155354665,0.2,0.4618931120730465,1.309,0
80,41,3,197,1112,1309,self,2.1939359600946386,4.3300061155354665,0.2,0.4618931120730465,1.5309999999999642,1
80,42,3,197,1112,1309,self,2.85941552000215,4.3300061155354665,0.2,0.4618931120730465,1.422999999999976,1
80,43,3,197,1112,1309,stranger,0.027509316870474587,4.3300061155354665,0.2,0.4618931120730465,0.2990000000000001,0
80,44,3,197,1112,1309,self,2.4084417559366145,4.3300061155354665,0.2,0.4618931120730465,1.6529999999999507,1
80,45,3,197,1112,1309,stranger,-0.6160408145927101,4.3300061155354665,0.2,0.4618931120730465,0.3080000000000001,0
80,46,3,197,1112,1309,stranger,-0.08656377208898308,4.3300061155354665,0.2,0.4618931120730465,0.3850000000000001,0
80,47,3,197,1112,1309,self,1.9152253267136468,4.3300061155354665,0.2,0.4618931120730465,1.8799999999999257,1
80,48,3,197,1112,1309,self,2.3982442742530514,4.3300061155354665,0.2,0.4618931120730465,1.309,0
80,49,3,197,1112,1309,self,2.5839919972960543,4.3300061155354665,0.2,0.4618931120730465,1.2429999999999959,1
80,50,3,197,1112,1309,stranger,1.295731689591023,4.3300061155354665,0.2,0.4618931120730465,0.9550000000000005,0
80,51,3,197,1112,1309,self,2.431102597671751,4.3300061155354665,0.2,0.4618931120730465,1.4749999999999703,1
80,52,3,197,1112,1309,stranger,0.1328859265727091,4.3300061155354665,0.2,0.4618931120730465,0.9660000000000006,0
80,53,3,197,1112,1309,self,2.1320512535212943,4.3300061155354665,0.2,0.4618931120730465,1.309,0
80,54,3,197,1112,1309,self,2.040435977591123,4.3300061155354665,0.2,0.4618931120730465,1.6939999999999462,1
80,55,3,197,1112,1309,self,2.4689663805841113,4.3300061155354665,0.2,0.4618931120730465,0.5940000000000003,0
80,56,3,197,1112,1309,stranger,0.5751747083916958,4.3300061155354665,0.2,0.4618931120730465,0.3360000000000001,0
80,57,3,197,1112,1309,self,2.8906914874530996,4.3300061155354665,0.2,0.4618931120730465,1.377999999999981,1
80,58,3,197,1112,1309,stranger,1.3045070265121517,4.3300061155354665,0.2,0.4618931120730465,0.3120000000000001,0
80,59,3,197,1112,1309,stranger,0.6115282450982098,4.3300061155354665,0.2,0.4618931120730465,1.309,0
80,60,3,197,1112,1309,self,2.5706729772830923,4.3300061155354665,0.2,0.4618931120730465,1.309,0
81,1,11,238,1061,1299,stranger,-0.2398171782242386,3.60262916208634,0.2,0.5551501167668803,0.5000000000000002,0
81,2,11,238,1061,1299,self,2.62601986789354,3.60262916208634,0.2,0.5551501167668803,0.9930000000000005,1
81,3,11,238,1061,1299,stranger,0.39463439629602826,3.60262916208634,0.2,0.5551501167668803,0.4440000000000002,0
81,4,11,238,1061,1299,stranger,-0.23759384828539398,3.60262916208634,0.2,0.5551501167668803,0.3550000000000001,0
81,5,11,238,1061,1299,stranger,0.3987068251776814,3.60262916208634,0.2,0.5551501167668803,0.7200000000000004,0
81,6,11,238,1061,1299,self,3.4990736739667083,3.60262916208634,0.2,0.5551501167668803,1.0600000000000007,1
81,7,11,238,1061,1299,stranger,1.2605756902422534,3.60262916208634,0.2,0.5551501167668803,1.741999999999941,1
81,8,11,238,1061,1299,self,3.008664299671947,3.60262916208634,0.2,0.5551501167668803,0.9090000000000005,1
81,9,11,238,1061,1299,stranger,0.05797669470350442,3.60262916208634,0.2,0.5551501167668803,0.41900000000000015,0
81,10,11,238,1061,1299,stranger,0.38034786902374684,3.60262916208634,0.2,0.5551501167668803,0.3770000000000001,0
81,11,11,238,1061,1299,stranger,0.6473961367577129,3.60262916208634,0.2,0.5551501167668803,0.24800000000000005,0
81,12,11,238,1061,1299,self,2.017254251749249,3.60262916208634,0.2,0.5551501167668803,1.7849999999999362,1
81,13,11,238,1061,1299,self,2.9521035394357917,3.60262916208634,0.2,0.5551501167668803,1.2469999999999954,1
81,14,11,238,1061,1299,self,2.9855425646848825,3.60262916208634,0.2,0.5551501167668803,1.1860000000000008,1
81,15,11,238,1061,1299,self,1.9631294711860177,3.60262916208634,0.2,0.5551501167668803,2.186999999999892,1
81,16,11,238,1061,1299,stranger,0.07382820350354025,3.60262916208634,0.2,0.5551501167668803,0.3030000000000001,0
81,17,11,238,1061,1299,stranger,0.6518219736897003,3.60262916208634,0.2,0.5551501167668803,1.299,0
81,18,11,238,1061,1299,self,2.267685917727108,3.60262916208634,0.2,0.5551501167668803,1.7549999999999395,1
81,19,11,238,1061,1299,self,3.0115807621347557,3.60262916208634,0.2,0.5551501167668803,1.1600000000000008,1
81,20,11,238,1061,1299,stranger,-0.2373333471751442,3.60262916208634,0.2,0.5551501167668803,0.4750000000000002,0
81,21,11,238,1061,1299,self,2.996732706234668,3.60262916208634,0.2,0.5551501167668803,1.232999999999997,1
81,22,11,238,1061,1299,self,3.6135272709240303,3.60262916208634,0.2,0.5551501167668803,0.9920000000000007,1
81,23,11,238,1061,1299,self,3.0759180747124626,3.60262916208634,0.2,0.5551501167668803,1.5309999999999642,1
81,24,11,238,1061,1299,stranger,-0.11242143621056944,3.60262916208634,0.2,0.5551501167668803,1.299,0
81,25,11,238,1061,1299,self,3.181169398187078,3.60262916208634,0.2,0.5551501167668803,1.0090000000000006,1
81,26,11,238,1061,1299,self,3.461717019498761,3.60262916208634,0.2,0.5551501167668803,1.2389999999999963,1
81,27,11,238,1061,1299,self,3.099719686621025,3.60262916208634,0.2,0.5551501167668803,1.0720000000000007,1
81,28,11,238,1061,1299,self,2.1472204613136023,3.60262916208634,0.2,0.5551501167668803,1.8999999999999235,1
81,29,11,238,1061,1299,stranger,-0.4722105384622428,3.60262916208634,0.2,0.5551501167668803,0.5200000000000002,0
81,30,11,238,1061,1299,stranger,0.7878728476946645,3.60262916208634,0.2,0.5551501167668803,0.3180000000000001,0
81,31,11,238,1061,1299,self,3.4934379416422052,3.60262916208634,0.2,0.5551501167668803,1.1430000000000007,1
81,32,11,238,1061,1299,self,2.48185007549132,3.60262916208634,0.2,0.5551501167668803,1.8069999999999338,1
81,33,11,238,1061,1299,stranger,-0.037941339521995965,3.60262916208634,0.2,0.5551501167668803,0.33000000000000007,0
81,34,11,238,1061,1299,stranger,0.45552920735656566,3.60262916208634,0.2,0.5551501167668803,1.206,0
81,35,11,238,1061,1299,stranger,0.13677762575270735,3.60262916208634,0.2,0.5551501167668803,1.4099999999999775,1
81,36,11,238,1061,1299,stranger,-0.47084618894426233,3.60262916208634,0.2,0.5551501167668803,0.44100000000000017,0
81,37,11,238,1061,1299,self,3.080131071086361,3.60262916208634,0.2,0.5551501167668803,1.368999999999982,1
81,38,11,238,1061,1299,self,2.660063894263036,3.60262916208634,0.2,0.5551501167668803,2.085999999999903,1
81,39,11,238,1061,1299,stranger,-0.09218819943519985,3.60262916208634,0.2,0.5551501167668803,1.299,0
81,40,11,238,1061,1299,stranger,0.4726990413082365,3.60262916208634,0.2,0.5551501167668803,1.299,0
81,41,11,238,1061,1299,stranger,0.8776494738298904,3.60262916208634,0.2,0.5551501167668803,1.299,0
81,42,11,238,1061,1299,stranger,0.5551885416172034,3.60262916208634,0.2,0.5551501167668803,1.299,0
81,43,11,238,1061,1299,stranger,-0.17354384280643065,3.60262916208634,0.2,0.5551501167668803,1.1290000000000007,0
81,44,11,238,1061,1299,stranger,0.16671161572428117,3.60262916208634,0.2,0.5551501167668803,1.299,0
81,45,11,238,1061,1299,self,1.996011058041944,3.60262916208634,0.2,0.5551501167668803,1.1670000000000007,1
81,46,11,238,1061,1299,self,3.4148586179320857,3.60262916208634,0.2,0.5551501167668803,1.1060000000000008,1
81,47,11,238,1061,1299,self,2.2200445699799864,3.60262916208634,0.2,0.5551501167668803,1.2949999999999902,1
81,48,11,238,1061,1299,stranger,0.4296638691342133,3.60262916208634,0.2,0.5551501167668803,1.299,0
81,49,11,238,1061,1299,stranger,0.1010388551122029,3.60262916208634,0.2,0.5551501167668803,0.33100000000000007,0
81,50,11,238,1061,1299,self,2.822862671959154,3.60262916208634,0.2,0.5551501167668803,0.9490000000000005,1
81,51,11,238,1061,1299,self,3.3683629526747163,3.60262916208634,0.2,0.5551501167668803,0.6890000000000004,1
81,52,11,238,1061,1299,stranger,0.3269372539151454,3.60262916208634,0.2,0.5551501167668803,1.299,0
81,53,11,238,1061,1299,stranger,-0.1987304284960783,3.60262916208634,0.2,0.5551501167668803,1.299,0
81,54,11,238,1061,1299,self,2.509517180406089,3.60262916208634,0.2,0.5551501167668803,1.251999999999995,1
81,55,11,238,1061,1299,self,2.6844796421934656,3.60262916208634,0.2,0.5551501167668803,1.0950000000000006,1
81,56,11,238,1061,1299,self,2.6360011057317,3.60262916208634,0.2,0.5551501167668803,1.7629999999999386,1
81,57,11,238,1061,1299,stranger,-0.7962790402040122,3.60262916208634,0.2,0.5551501167668803,0.4660000000000002,0
81,58,11,238,1061,1299,self,3.262886172766771,3.60262916208634,0.2,0.5551501167668803,0.8470000000000004,1
81,59,11,238,1061,1299,stranger,-0.1884535280557743,3.60262916208634,0.2,0.5551501167668803,0.39500000000000013,0
81,60,11,238,1061,1299,self,3.000860552420221,3.60262916208634,0.2,0.5551501167668803,1.505999999999967,1
82,1,110,132,977,1109,stranger,1.039226101428444,3.0406541311377433,0.2,0.6577532049827863,1.4179999999999766,1
82,2,110,132,977,1109,stranger,1.917359032927874,3.0406541311377433,0.2,0.6577532049827863,1.109,0
82,3,110,132,977,1109,self,5.002383239032331,3.0406541311377433,0.2,0.6577532049827863,0.6400000000000003,1
82,4,110,132,977,1109,stranger,1.1341528762163398,3.0406541311377433,0.2,0.6577532049827863,1.109,0
82,5,110,132,977,1109,self,4.465889613014073,3.0406541311377433,0.2,0.6577532049827863,0.6460000000000004,1
82,6,110,132,977,1109,stranger,1.178766712500138,3.0406541311377433,0.2,0.6577532049827863,1.0220000000000007,1
82,7,110,132,977,1109,stranger,1.6597573154009004,3.0406541311377433,0.2,0.6577532049827863,1.2219999999999982,1
82,8,110,132,977,1109,stranger,1.3386924037458052,3.0406541311377433,0.2,0.6577532049827863,1.0720000000000007,1
82,9,110,132,977,1109,stranger,1.5015145873977063,3.0406541311377433,0.2,0.6577532049827863,1.1360000000000008,1
82,10,110,132,977,1109,stranger,0.680493333222589,3.0406541311377433,0.2,0.6577532049827863,0.3710000000000001,0
82,11,110,132,977,1109,stranger,1.5701210629170936,3.0406541311377433,0.2,0.6577532049827863,0.7480000000000004,1
82,12,110,132,977,1109,stranger,2.070556310089068,3.0406541311377433,0.2,0.6577532049827863,0.9370000000000005,1
82,13,110,132,977,1109,stranger,1.954520651756893,3.0406541311377433,0.2,0.6577532049827863,0.8810000000000004,1
82,14,110,132,977,1109,self,6.178070704398374,3.0406541311377433,0.2,0.6577532049827863,0.5930000000000003,1
82,15,110,132,977,1109,self,3.8762149600508873,3.0406541311377433,0.2,0.6577532049827863,0.8380000000000005,1
82,16,110,132,977,1109,stranger,1.1135744482240022,3.0406541311377433,0.2,0.6577532049827863,1.823999999999932,1
82,17,110,132,977,1109,self,4.572315078439195,3.0406541311377433,0.2,0.6577532049827863,1.0100000000000007,1
82,18,110,132,977,1109,stranger,1.5792586244874904,3.0406541311377433,0.2,0.6577532049827863,1.109,0
82,19,110,132,977,1109,stranger,1.6741622417238,3.0406541311377433,0.2,0.6577532049827863,1.9939999999999132,1
82,20,110,132,977,1109,stranger,1.6164134407780004,3.0406541311377433,0.2,0.6577532049827863,0.9780000000000006,1
82,21,110,132,977,1109,self,4.647200058554349,3.0406541311377433,0.2,0.6577532049827863,1.0340000000000007,1
82,22,110,132,977,1109,self,4.4445424525812465,3.0406541311377433,0.2,0.6577532049827863,0.5230000000000002,1
82,23,110,132,977,1109,self,4.769001185813881,3.0406541311377433,0.2,0.6577532049827863,0.4680000000000002,1
82,24,110,132,977,1109,stranger,2.3878126297674274,3.0406541311377433,0.2,0.6577532049827863,1.0550000000000006,1
82,25,110,132,977,1109,self,4.778450915026641,3.0406541311377433,0.2,0.6577532049827863,0.9260000000000006,1
82,26,110,132,977,1109,self,5.1666462066363525,3.0406541311377433,0.2,0.6577532049827863,0.5430000000000003,1
82,27,110,132,977,1109,self,4.041906524544164,3.0406541311377433,0.2,0.6577532049827863,0.9440000000000006,1
82,28,110,132,977,1109,self,4.635193118914485,3.0406541311377433,0.2,0.6577532049827863,0.6890000000000004,1
82,29,110,132,977,1109,stranger,2.4881676832941935,3.0406541311377433,0.2,0.6577532049827863,0.6790000000000004,1
82,30,110,132,977,1109,self,5.416341866828421,3.0406541311377433,0.2,0.6577532049827863,0.6960000000000004,1
82,31,110,132,977,1109,stranger,1.1402283004406055,3.0406541311377433,0.2,0.6577532049827863,2.030999999999909,1
82,32,110,132,977,1109,stranger,1.54685581894369,3.0406541311377433,0.2,0.6577532049827863,0.9270000000000005,1
82,33,110,132,977,1109,stranger,1.5345810000344562,3.0406541311377433,0.2,0.6577532049827863,0.4810000000000002,0
82,34,110,132,977,1109,self,5.121087305550386,3.0406541311377433,0.2,0.6577532049827863,0.5980000000000003,1
82,35,110,132,977,1109,stranger,0.9124335112993203,3.0406541311377433,0.2,0.6577532049827863,1.109,0
82,36,110,132,977,1109,self,4.181781033202982,3.0406541311377433,0.2,0.6577532049827863,0.9420000000000006,1
82,37,110,132,977,1109,self,4.804567612323878,3.0406541311377433,0.2,0.6577532049827863,0.4890000000000002,1
82,38,110,132,977,1109,stranger,1.6008237793952405,3.0406541311377433,0.2,0.6577532049827863,0.4750000000000002,0
82,39,110,132,977,1109,stranger,0.9053021737968169,3.0406541311377433,0.2,0.6577532049827863,0.43900000000000017,0
82,40,110,132,977,1109,self,4.48865317815347,3.0406541311377433,0.2,0.6577532049827863,0.8390000000000004,1
82,41,110,132,977,1109,self,5.0317448967940805,3.0406541311377433,0.2,0.6577532049827863,1.1390000000000007,1
82,42,110,132,977,1109,stranger,1.3672966374023203,3.0406541311377433,0.2,0.6577532049827863,1.2399999999999962,1
82,43,110,132,977,1109,stranger,0.6909320635128304,3.0406541311377433,0.2,0.6577532049827863,0.2990000000000001,0
82,44,110,132,977,1109,self,4.689405937000582,3.0406541311377433,0.2,0.6577532049827863,0.9520000000000006,1
82,45,110,132,977,1109,self,3.767435881902374,3.0406541311377433,0.2,0.6577532049827863,0.5660000000000003,1
82,46,110,132,977,1109,self,4.762140082734384,3.0406541311377433,0.2,0.6577532049827863,0.6870000000000004,1
82,47,110,132,977,1109,stranger,0.7316210155223686,3.0406541311377433,0.2,0.6577532049827863,1.109,0
82,48,110,132,977,1109,self,5.320843869486311,3.0406541311377433,0.2,0.6577532049827863,0.6560000000000004,1
82,49,110,132,977,1109,self,4.583709198368384,3.0406541311377433,0.2,0.6577532049827863,0.8400000000000005,1
82,50,110,132,977,1109,self,4.059505778413746,3.0406541311377433,0.2,0.6577532049827863,0.5820000000000003,1
82,51,110,132,977,1109,stranger,1.4110949920676683,3.0406541311377433,0.2,0.6577532049827863,1.109,0
82,52,110,132,977,1109,self,4.962985257301169,3.0406541311377433,0.2,0.6577532049827863,0.6390000000000003,1
82,53,110,132,977,1109,stranger,1.7150062858421653,3.0406541311377433,0.2,0.6577532049827863,1.109,0
82,54,110,132,977,1109,stranger,1.483130164303553,3.0406541311377433,0.2,0.6577532049827863,1.486999999999969,1
82,55,110,132,977,1109,self,5.463455079146774,3.0406541311377433,0.2,0.6577532049827863,0.6040000000000003,1
82,56,110,132,977,1109,self,4.724844580164029,3.0406541311377433,0.2,0.6577532049827863,0.8980000000000006,1
82,57,110,132,977,1109,stranger,1.1773356225912281,3.0406541311377433,0.2,0.6577532049827863,1.109,0
82,58,110,132,977,1109,self,4.559717241289619,3.0406541311377433,0.2,0.6577532049827863,0.6370000000000003,1
82,59,110,132,977,1109,self,4.833549331527825,3.0406541311377433,0.2,0.6577532049827863,0.8240000000000005,1
82,60,110,132,977,1109,self,5.165730058721132,3.0406541311377433,0.2,0.6577532049827863,0.6970000000000004,1
83,1,140,199,857,1056,stranger,2.869175917224579,3.3183525640359117,0.2,0.602708712050633,1.0910000000000006,1
83,2,140,199,857,1056,stranger,2.794827953568399,3.3183525640359117,0.2,0.602708712050633,1.2099999999999995,1
83,3,140,199,857,1056,stranger,3.268949022510007,3.3183525640359117,0.2,0.602708712050633,1.2359999999999967,1
83,4,140,199,857,1056,stranger,2.1574043774628286,3.3183525640359117,0.2,0.602708712050633,1.3939999999999793,1
83,5,140,199,857,1056,self,6.805013061349717,3.3183525640359117,0.2,0.602708712050633,0.6300000000000003,1
83,6,140,199,857,1056,self,7.224693155066435,3.3183525640359117,0.2,0.602708712050633,0.7450000000000003,1
83,7,140,199,857,1056,self,6.170339703069525,3.3183525640359117,0.2,0.602708712050633,0.8120000000000005,1
83,8,140,199,857,1056,self,7.401854620058408,3.3183525640359117,0.2,0.602708712050633,0.43900000000000017,1
83,9,140,199,857,1056,self,6.8158560383369355,3.3183525640359117,0.2,0.602708712050633,0.6240000000000003,1
83,10,140,199,857,1056,stranger,2.734983658301858,3.3183525640359117,0.2,0.602708712050633,0.3640000000000001,0
83,11,140,199,857,1056,stranger,2.090805498504105,3.3183525640359117,0.2,0.602708712050633,1.056,0
83,12,140,199,857,1056,stranger,3.1030672666550068,3.3183525640359117,0.2,0.602708712050633,1.1090000000000007,1
83,13,140,199,857,1056,stranger,2.8164507313841103,3.3183525640359117,0.2,0.602708712050633,1.1590000000000007,1
83,14,140,199,857,1056,self,6.482966742947859,3.3183525640359117,0.2,0.602708712050633,0.5760000000000003,1
83,15,140,199,857,1056,self,6.099219622042099,3.3183525640359117,0.2,0.602708712050633,0.6300000000000003,1
83,16,140,199,857,1056,stranger,2.084176476509769,3.3183525640359117,0.2,0.602708712050633,1.056,0
83,17,140,199,857,1056,self,6.370086020088678,3.3183525640359117,0.2,0.602708712050633,0.7720000000000005,1
83,18,140,199,857,1056,stranger,2.750241762448831,3.3183525640359117,0.2,0.602708712050633,1.4129999999999772,1
83,19,140,199,857,1056,self,7.601219306835214,3.3183525640359117,0.2,0.602708712050633,0.4670000000000002,1
83,20,140,199,857,1056,stranger,2.670959924269205,3.3183525640359117,0.2,0.602708712050633,1.349999999999984,1
83,21,140,199,857,1056,stranger,3.25487436813432,3.3183525640359117,0.2,0.602708712050633,1.6489999999999512,1
83,22,140,199,857,1056,stranger,3.459422459209751,3.3183525640359117,0.2,0.602708712050633,0.7920000000000005,1
83,23,140,199,857,1056,stranger,2.5941345933634543,3.3183525640359117,0.2,0.602708712050633,1.7559999999999394,1
83,24,140,199,857,1056,self,7.319059606781927,3.3183525640359117,0.2,0.602708712050633,0.4910000000000002,1
83,25,140,199,857,1056,stranger,2.371616763759116,3.3183525640359117,0.2,0.602708712050633,0.3170000000000001,0
83,26,140,199,857,1056,stranger,2.1298000598229483,3.3183525640359117,0.2,0.602708712050633,1.5119999999999663,1
83,27,140,199,857,1056,stranger,1.7169127235932597,3.3183525640359117,0.2,0.602708712050633,1.2829999999999915,1
83,28,140,199,857,1056,self,6.6735663863910535,3.3183525640359117,0.2,0.602708712050633,0.4780000000000002,1
83,29,140,199,857,1056,self,6.070998222703519,3.3183525640359117,0.2,0.602708712050633,0.5720000000000003,1
83,30,140,199,857,1056,self,7.097138568310108,3.3183525640359117,0.2,0.602708712050633,0.5510000000000003,1
83,31,140,199,857,1056,stranger,2.2428014162134526,3.3183525640359117,0.2,0.602708712050633,1.6009999999999565,1
83,32,140,199,857,1056,self,7.637495850475423,3.3183525640359117,0.2,0.602708712050633,0.6550000000000004,1
83,33,140,199,857,1056,self,7.036947051396302,3.3183525640359117,0.2,0.602708712050633,0.6000000000000003,1
83,34,140,199,857,1056,stranger,2.054316544302533,3.3183525640359117,0.2,0.602708712050633,0.8570000000000004,1
83,35,140,199,857,1056,self,7.1815844892202545,3.3183525640359117,0.2,0.602708712050633,0.5750000000000003,1
83,36,140,199,857,1056,self,6.281368116243655,3.3183525640359117,0.2,0.602708712050633,0.6730000000000004,1
83,37,140,199,857,1056,self,6.479901124478749,3.3183525640359117,0.2,0.602708712050633,0.6400000000000003,1
83,38,140,199,857,1056,self,7.497162169340811,3.3183525640359117,0.2,0.602708712050633,0.4620000000000002,1
83,39,140,199,857,1056,self,6.629583394871947,3.3183525640359117,0.2,0.602708712050633,0.6760000000000004,1
83,40,140,199,857,1056,self,6.351842530294123,3.3183525640359117,0.2,0.602708712050633,0.6980000000000004,1
83,41,140,199,857,1056,self,7.15443151213614,3.3183525640359117,0.2,0.602708712050633,0.5800000000000003,1
83,42,140,199,857,1056,self,6.45233306474927,3.3183525640359117,0.2,0.602708712050633,0.6010000000000003,1
83,43,140,199,857,1056,self,6.603730265513297,3.3183525640359117,0.2,0.602708712050633,0.6400000000000003,1
83,44,140,199,857,1056,self,6.419896325644796,3.3183525640359117,0.2,0.602708712050633,0.6210000000000003,1
83,45,140,199,857,1056,stranger,2.5247030169965825,3.3183525640359117,0.2,0.602708712050633,0.8820000000000006,1
83,46,140,199,857,1056,self,6.373256857424419,3.3183525640359117,0.2,0.602708712050633,0.6110000000000003,1
83,47,140,199,857,1056,stranger,2.6820570954863254,3.3183525640359117,0.2,0.602708712050633,1.056,0
83,48,140,199,857,1056,stranger,4.0788514215709935,3.3183525640359117,0.2,0.602708712050633,0.7870000000000004,1
83,49,140,199,857,1056,self,6.25064650645057,3.3183525640359117,0.2,0.602708712050633,0.6650000000000004,1
83,50,140,199,857,1056,stranger,2.99821908694513,3.3183525640359117,0.2,0.602708712050633,0.4520000000000002,0
83,51,140,199,857,1056,stranger,2.113757640452517,3.3183525640359117,0.2,0.602708712050633,1.7289999999999424,1
83,52,140,199,857,1056,self,6.938861989230491,3.3183525640359117,0.2,0.602708712050633,0.5230000000000002,1
83,53,140,199,857,1056,stranger,3.1399213023789345,3.3183525640359117,0.2,0.602708712050633,1.0040000000000007,1
83,54,140,199,857,1056,stranger,2.9356088788379604,3.3183525640359117,0.2,0.602708712050633,1.5339999999999638,1
83,55,140,199,857,1056,self,6.687346740811641,3.3183525640359117,0.2,0.602708712050633,0.6460000000000004,1
83,56,140,199,857,1056,stranger,3.2599473910284376,3.3183525640359117,0.2,0.602708712050633,0.8600000000000005,1
83,57,140,199,857,1056,stranger,2.0495538475351793,3.3183525640359117,0.2,0.602708712050633,1.4799999999999698,1
83,58,140,199,857,1056,self,6.27462523836536,3.3183525640359117,0.2,0.602708712050633,0.7320000000000004,1
83,59,140,199,857,1056,stranger,1.6195138468218266,3.3183525640359117,0.2,0.602708712050633,1.6609999999999498,1
83,60,140,199,857,1056,stranger,1.4593381391936397,3.3183525640359117,0.2,0.602708712050633,0.3190000000000001,0
84,1,146,298,1090,1388,self,6.201183654354766,2.7837212266423137,0.2,0.7184627472242875,0.4750000000000002,1
84,2,146,298,1090,1388,stranger,1.3856696720835826,2.7837212266423137,0.2,0.7184627472242875,0.7040000000000004,1
84,3,146,298,1090,1388,self,7.597306403691566,2.7837212266423137,0.2,0.7184627472242875,0.6310000000000003,1
84,4,146,298,1090,1388,stranger,1.565625045447374,2.7837212266423137,0.2,0.7184627472242875,1.5299999999999643,1
84,5,146,298,1090,1388,self,7.541398448425095,2.7837212266423137,0.2,0.7184627472242875,0.3870000000000001,1
84,6,146,298,1090,1388,stranger,2.2422334138678504,2.7837212266423137,0.2,0.7184627472242875,0.42200000000000015,0
84,7,146,298,1090,1388,self,6.4088242473652794,2.7837212266423137,0.2,0.7184627472242875,0.5560000000000003,1
84,8,146,298,1090,1388,self,6.621858706756139,2.7837212266423137,0.2,0.7184627472242875,0.4990000000000002,1
84,9,146,298,1090,1388,self,7.305638116885159,2.7837212266423137,0.2,0.7184627472242875,0.5090000000000002,1
84,10,146,298,1090,1388,stranger,1.7742368044759185,2.7837212266423137,0.2,0.7184627472242875,1.0920000000000007,1
84,11,146,298,1090,1388,self,7.2673592111109455,2.7837212266423137,0.2,0.7184627472242875,0.4890000000000002,1
84,12,146,298,1090,1388,self,6.287062931544034,2.7837212266423137,0.2,0.7184627472242875,0.5360000000000003,1
84,13,146,298,1090,1388,self,7.1758966952201995,2.7837212266423137,0.2,0.7184627472242875,0.5780000000000003,1
84,14,146,298,1090,1388,self,5.735796979457584,2.7837212266423137,0.2,0.7184627472242875,0.5660000000000003,1
84,15,146,298,1090,1388,self,6.8424429523419,2.7837212266423137,0.2,0.7184627472242875,0.5460000000000003,1
84,16,146,298,1090,1388,self,7.451902295391265,2.7837212266423137,0.2,0.7184627472242875,0.43600000000000017,1
84,17,146,298,1090,1388,stranger,1.7280059874021692,2.7837212266423137,0.2,0.7184627472242875,1.29599999999999,1
84,18,146,298,1090,1388,stranger,1.467511078912178,2.7837212266423137,0.2,0.7184627472242875,1.378999999999981,1
84,19,146,298,1090,1388,self,5.844373372684611,2.7837212266423137,0.2,0.7184627472242875,0.6620000000000004,1
84,20,146,298,1090,1388,stranger,1.6777134122414497,2.7837212266423137,0.2,0.7184627472242875,1.1450000000000007,1
84,21,146,298,1090,1388,self,7.2237010102801404,2.7837212266423137,0.2,0.7184627472242875,0.4740000000000002,1
84,22,146,298,1090,1388,stranger,1.7370192804259244,2.7837212266423137,0.2,0.7184627472242875,0.8770000000000004,1
84,23,146,298,1090,1388,self,6.893679551819097,2.7837212266423137,0.2,0.7184627472242875,0.40200000000000014,1
84,24,146,298,1090,1388,stranger,1.6520836946464832,2.7837212266423137,0.2,0.7184627472242875,1.0080000000000007,1
84,25,146,298,1090,1388,stranger,2.288828157122379,2.7837212266423137,0.2,0.7184627472242875,1.4659999999999713,1
84,26,146,298,1090,1388,self,6.9200190640989065,2.7837212266423137,0.2,0.7184627472242875,0.43700000000000017,1
84,27,146,298,1090,1388,stranger,2.2491470832500964,2.7837212266423137,0.2,0.7184627472242875,1.5479999999999623,1
84,28,146,298,1090,1388,self,5.933191746594367,2.7837212266423137,0.2,0.7184627472242875,0.6060000000000003,1
84,29,146,298,1090,1388,self,5.903784492933022,2.7837212266423137,0.2,0.7184627472242875,0.5910000000000003,1
84,30,146,298,1090,1388,stranger,2.1931690781923274,2.7837212266423137,0.2,0.7184627472242875,1.2259999999999978,1
84,31,146,298,1090,1388,self,7.775505126990412,2.7837212266423137,0.2,0.7184627472242875,0.3900000000000001,1
84,32,146,298,1090,1388,stranger,1.5070782878183355,2.7837212266423137,0.2,0.7184627472242875,0.8400000000000005,1
84,33,146,298,1090,1388,stranger,1.6751776630528048,2.7837212266423137,0.2,0.7184627472242875,2.0839999999999033,1
84,34,146,298,1090,1388,stranger,2.2004763577167012,2.7837212266423137,0.2,0.7184627472242875,0.5810000000000003,1
84,35,146,298,1090,1388,stranger,1.6280465350653794,2.7837212266423137,0.2,0.7184627472242875,0.5390000000000003,0
84,36,146,298,1090,1388,self,7.759396509141383,2.7837212266423137,0.2,0.7184627472242875,0.4690000000000002,1
84,37,146,298,1090,1388,self,7.607280846221399,2.7837212266423137,0.2,0.7184627472242875,0.4740000000000002,1
84,38,146,298,1090,1388,self,7.209564411195696,2.7837212266423137,0.2,0.7184627472242875,0.5860000000000003,1
84,39,146,298,1090,1388,stranger,1.8947813366970978,2.7837212266423137,0.2,0.7184627472242875,1.9529999999999177,1
84,40,146,298,1090,1388,stranger,1.4137183310295267,2.7837212266423137,0.2,0.7184627472242875,0.7710000000000004,1
84,41,146,298,1090,1388,stranger,0.687185370402386,2.7837212266423137,0.2,0.7184627472242875,1.340999999999985,1
84,42,146,298,1090,1388,self,6.996988147897383,2.7837212266423137,0.2,0.7184627472242875,0.5210000000000002,1
84,43,146,298,1090,1388,stranger,1.0967307256159096,2.7837212266423137,0.2,0.7184627472242875,0.8480000000000005,0
84,44,146,298,1090,1388,self,6.332286021405841,2.7837212266423137,0.2,0.7184627472242875,0.4490000000000002,1
84,45,146,298,1090,1388,stranger,1.8466587505511551,2.7837212266423137,0.2,0.7184627472242875,1.1010000000000006,1
84,46,146,298,1090,1388,self,6.1176953060279065,2.7837212266423137,0.2,0.7184627472242875,0.7700000000000005,1
84,47,146,298,1090,1388,stranger,1.8496189140100894,2.7837212266423137,0.2,0.7184627472242875,1.2499999999999951,1
84,48,146,298,1090,1388,self,6.979829624350444,2.7837212266423137,0.2,0.7184627472242875,0.5090000000000002,1
84,49,146,298,1090,1388,self,6.464214856851748,2.7837212266423137,0.2,0.7184627472242875,0.5360000000000003,1
84,50,146,298,1090,1388,self,6.868571691148229,2.7837212266423137,0.2,0.7184627472242875,0.3730000000000001,1
84,51,146,298,1090,1388,stranger,1.9112880695063614,2.7837212266423137,0.2,0.7184627472242875,1.378999999999981,1
84,52,146,298,1090,1388,self,6.635435698166056,2.7837212266423137,0.2,0.7184627472242875,0.4840000000000002,1
84,53,146,298,1090,1388,stranger,1.6830392896573918,2.7837212266423137,0.2,0.7184627472242875,0.8520000000000005,1
84,54,146,298,1090,1388,stranger,1.7825488284969795,2.7837212266423137,0.2,0.7184627472242875,1.3659999999999823,1
84,55,146,298,1090,1388,stranger,1.396027403386168,2.7837212266423137,0.2,0.7184627472242875,1.4889999999999688,1
84,56,146,298,1090,1388,stranger,1.6690477271208628,2.7837212266423137,0.2,0.7184627472242875,0.8740000000000006,1
84,57,146,298,1090,1388,self,6.4481620971675815,2.7837212266423137,0.2,0.7184627472242875,0.43800000000000017,1
84,58,146,298,1090,1388,stranger,2.051225167063314,2.7837212266423137,0.2,0.7184627472242875,1.3009999999999895,1
84,59,146,298,1090,1388,stranger,2.102333532242065,2.7837212266423137,0.2,0.7184627472242875,0.9090000000000005,1
84,60,146,298,1090,1388,stranger,1.8470394846419897,2.7837212266423137,0.2,0.7184627472242875,0.9510000000000005,1
85,1,86,186,300,486,stranger,1.166997813257148,1.5990449258663582,0.2,1.2507465973267795,1.1070000000000007,1
85,2,86,186,300,486,self,3.872945015841233,1.5990449258663582,0.2,1.2507465973267795,0.2790000000000001,1
85,3,86,186,300,486,self,4.442293647951739,1.5990449258663582,0.2,1.2507465973267795,0.3070000000000001,1
85,4,86,186,300,486,self,4.741583756398138,1.5990449258663582,0.2,1.2507465973267795,0.25000000000000006,1
85,5,86,186,300,486,stranger,0.7782209994985796,1.5990449258663582,0.2,1.2507465973267795,0.4900000000000002,1
85,6,86,186,300,486,self,4.918503430742015,1.5990449258663582,0.2,1.2507465973267795,0.26200000000000007,1
85,7,86,186,300,486,self,5.093756134035419,1.5990449258663582,0.2,1.2507465973267795,0.3410000000000001,1
85,8,86,186,300,486,self,4.515502695380866,1.5990449258663582,0.2,1.2507465973267795,0.3690000000000001,1
85,9,86,186,300,486,stranger,-0.002160833604070822,1.5990449258663582,0.2,1.2507465973267795,0.4750000000000002,1
85,10,86,186,300,486,stranger,0.043752182339032886,1.5990449258663582,0.2,1.2507465973267795,0.6870000000000004,1
85,11,86,186,300,486,self,3.764012762550509,1.5990449258663582,0.2,1.2507465973267795,0.24900000000000005,1
85,12,86,186,300,486,self,5.199708988614127,1.5990449258663582,0.2,1.2507465973267795,0.22300000000000003,1
85,13,86,186,300,486,self,5.0676287531881865,1.5990449258663582,0.2,1.2507465973267795,0.22200000000000003,1
85,14,86,186,300,486,self,4.331096079028047,1.5990449258663582,0.2,1.2507465973267795,0.23700000000000004,1
85,15,86,186,300,486,stranger,1.0061078619795276,1.5990449258663582,0.2,1.2507465973267795,0.41900000000000015,1
85,16,86,186,300,486,stranger,0.1930256285607337,1.5990449258663582,0.2,1.2507465973267795,1.4579999999999722,0
85,17,86,186,300,486,self,3.7750228497685656,1.5990449258663582,0.2,1.2507465973267795,0.2840000000000001,1
85,18,86,186,300,486,stranger,0.8685327909534799,1.5990449258663582,0.2,1.2507465973267795,1.5169999999999657,1
85,19,86,186,300,486,self,3.95195801395428,1.5990449258663582,0.2,1.2507465973267795,0.42100000000000015,1
85,20,86,186,300,486,self,3.911881865640715,1.5990449258663582,0.2,1.2507465973267795,0.22300000000000003,1
85,21,86,186,300,486,self,4.832065048256372,1.5990449258663582,0.2,1.2507465973267795,0.3380000000000001,1
85,22,86,186,300,486,stranger,0.771244435157014,1.5990449258663582,0.2,1.2507465973267795,1.1380000000000008,1
85,23,86,186,300,486,self,4.40017040502276,1.5990449258663582,0.2,1.2507465973267795,0.24600000000000005,1
85,24,86,186,300,486,stranger,0.8880969450873419,1.5990449258663582,0.2,1.2507465973267795,0.3230000000000001,1
85,25,86,186,300,486,self,4.91886513963356,1.5990449258663582,0.2,1.2507465973267795,0.3150000000000001,1
85,26,86,186,300,486,self,4.321532868669262,1.5990449258663582,0.2,1.2507465973267795,0.24700000000000005,1
85,27,86,186,300,486,stranger,-0.27041322832408554,1.5990449258663582,0.2,1.2507465973267795,0.5690000000000003,0
85,28,86,186,300,486,stranger,0.720172290153211,1.5990449258663582,0.2,1.2507465973267795,0.7090000000000003,0
85,29,86,186,300,486,stranger,1.0735079086469785,1.5990449258663582,0.2,1.2507465973267795,0.3330000000000001,1
85,30,86,186,300,486,stranger,1.4466329825197157,1.5990449258663582,0.2,1.2507465973267795,0.5590000000000003,1
85,31,86,186,300,486,stranger,1.437311871417838,1.5990449258663582,0.2,1.2507465973267795,0.3470000000000001,1
85,32,86,186,300,486,self,3.915035033279916,1.5990449258663582,0.2,1.2507465973267795,0.23700000000000004,1
85,33,86,186,300,486,stranger,0.28342165858354074,1.5990449258663582,0.2,1.2507465973267795,0.2990000000000001,1
85,34,86,186,300,486,self,4.564600060834481,1.5990449258663582,0.2,1.2507465973267795,0.24700000000000005,1
85,35,86,186,300,486,stranger,0.860549099475745,1.5990449258663582,0.2,1.2507465973267795,0.5450000000000003,1
85,36,86,186,300,486,self,3.9457240774305262,1.5990449258663582,0.2,1.2507465973267795,0.2800000000000001,1
85,37,86,186,300,486,self,4.839915447015897,1.5990449258663582,0.2,1.2507465973267795,0.22800000000000004,1
85,38,86,186,300,486,self,4.776515528124748,1.5990449258663582,0.2,1.2507465973267795,0.4720000000000002,1
85,39,86,186,300,486,stranger,-0.04395522758160042,1.5990449258663582,0.2,1.2507465973267795,0.2770000000000001,1
85,40,86,186,300,486,stranger,0.5165025962474847,1.5990449258663582,0.2,1.2507465973267795,0.5030000000000002,1
85,41,86,186,300,486,self,4.741863447653555,1.5990449258663582,0.2,1.2507465973267795,0.26300000000000007,1
85,42,86,186,300,486,stranger,0.902409209567081,1.5990449258663582,0.2,1.2507465973267795,0.3240000000000001,1
85,43,86,186,300,486,stranger,-0.2278207314888273,1.5990449258663582,0.2,1.2507465973267795,1.1980000000000008,1
85,44,86,186,300,486,self,4.646111568534283,1.5990449258663582,0.2,1.2507465973267795,0.22200000000000003,1
85,45,86,186,300,486,stranger,1.046195769591155,1.5990449258663582,0.2,1.2507465973267795,0.25900000000000006,1
85,46,86,186,300,486,stranger,0.12262978441972305,1.5990449258663582,0.2,1.2507465973267795,1.3859999999999801,0
85,47,86,186,300,486,stranger,0.4567167240307306,1.5990449258663582,0.2,1.2507465973267795,0.6980000000000004,1
85,48,86,186,300,486,stranger,0.08279545277697986,1.5990449258663582,0.2,1.2507465973267795,0.7220000000000004,0
85,49,86,186,300,486,self,5.497143182504833,1.5990449258663582,0.2,1.2507465973267795,0.24800000000000005,1
85,50,86,186,300,486,self,4.5214003033636745,1.5990449258663582,0.2,1.2507465973267795,0.2860000000000001,1
85,51,86,186,300,486,stranger,0.41399377883228095,1.5990449258663582,0.2,1.2507465973267795,0.23100000000000004,1
85,52,86,186,300,486,stranger,0.4636810467132202,1.5990449258663582,0.2,1.2507465973267795,0.33100000000000007,1
85,53,86,186,300,486,self,5.634300443193422,1.5990449258663582,0.2,1.2507465973267795,0.23100000000000004,1
85,54,86,186,300,486,self,5.125818987733586,1.5990449258663582,0.2,1.2507465973267795,0.25500000000000006,1
85,55,86,186,300,486,stranger,-0.3249972287578944,1.5990449258663582,0.2,1.2507465973267795,0.5390000000000003,1
85,56,86,186,300,486,stranger,0.5289871063120648,1.5990449258663582,0.2,1.2507465973267795,0.5700000000000003,1
85,57,86,186,300,486,self,4.386875125164124,1.5990449258663582,0.2,1.2507465973267795,0.23100000000000004,1
85,58,86,186,300,486,self,4.392271605061637,1.5990449258663582,0.2,1.2507465973267795,0.3230000000000001,1
85,59,86,186,300,486,stranger,-0.4288290711641731,1.5990449258663582,0.2,1.2507465973267795,0.24800000000000005,1
85,60,86,186,300,486,stranger,1.3701799895860851,1.5990449258663582,0.2,1.2507465973267795,0.23100000000000004,1
86,1,38,57,486,543,self,1.7987711856595678,1.0072155815699788,0.2,1.985672220124451,0.201,1
86,2,38,57,486,543,self,1.7332793728140576,1.0072155815699788,0.2,1.985672220124451,0.201,1
86,3,38,57,486,543,stranger,-0.7443844850760705,1.0072155815699788,0.2,1.985672220124451,0.201,1
86,4,38,57,486,543,self,1.8153336922711,1.0072155815699788,0.2,1.985672220124451,0.201,1
86,5,38,57,486,543,self,1.979132379670258,1.0072155815699788,0.2,1.985672220124451,0.201,1
86,6,38,57,486,543,stranger,-0.7730862507578098,1.0072155815699788,0.2,1.985672220124451,0.201,1
86,7,38,57,486,543,stranger,-0.8149868705986056,1.0072155815699788,0.2,1.985672220124451,0.201,1
86,8,38,57,486,543,self,2.153846006702417,1.0072155815699788,0.2,1.985672220124451,0.201,1
86,9,38,57,486,543,self,1.4458944894860541,1.0072155815699788,0.2,1.985672220124451,0.201,1
86,10,38,57,486,543,stranger,-0.6426903736390884,1.0072155815699788,0.2,1.985672220124451,0.201,1
86,11,38,57,486,543,stranger,-1.4064512212232008,1.0072155815699788,0.2,1.985672220124451,0.201,1
86,12,38,57,486,543,self,1.3883321640490045,1.0072155815699788,0.2,1.985672220124451,0.201,1
86,13,38,57,486,543,self,1.9332526215840244,1.0072155815699788,0.2,1.985672220124451,0.201,1
86,14,38,57,486,543,self,1.7634573522065422,1.0072155815699788,0.2,1.985672220124451,0.201,1
86,15,38,57,486,543,stranger,-0.5797021437644196,1.0072155815699788,0.2,1.985672220124451,0.201,1
86,16,38,57,486,543,self,1.2133634956794526,1.0072155815699788,0.2,1.985672220124451,0.201,1
86,17,38,57,486,543,self,1.9516864906558304,1.0072155815699788,0.2,1.985672220124451,0.201,1
86,18,38,57,486,543,stranger,-1.4264242063289498,1.0072155815699788,0.2,1.985672220124451,0.201,1
86,19,38,57,486,543,stranger,-0.45700636465090094,1.0072155815699788,0.2,1.985672220124451,0.201,1
86,20,38,57,486,543,self,1.9928324757378972,1.0072155815699788,0.2,1.985672220124451,0.201,1
86,21,38,57,486,543,stranger,-0.30236612841964683,1.0072155815699788,0.2,1.985672220124451,0.201,1
86,22,38,57,486,543,self,1.576353032409939,1.0072155815699788,0.2,1.985672220124451,0.201,1
86,23,38,57,486,543,stranger,-0.7604390707204098,1.0072155815699788,0.2,1.985672220124451,0.201,1
86,24,38,57,486,543,self,1.4244392142226274,1.0072155815699788,0.2,1.985672220124451,0.201,1
86,25,38,57,486,543,self,1.225988288945891,1.0072155815699788,0.2,1.985672220124451,0.201,1
86,26,38,57,486,543,stranger,-0.5275168191167987,1.0072155815699788,0.2,1.985672220124451,0.201,1
86,27,38,57,486,543,stranger,-1.4746765216520414,1.0072155815699788,0.2,1.985672220124451,0.201,1
86,28,38,57,486,543,stranger,-1.0484031008378663,1.0072155815699788,0.2,1.985672220124451,0.201,1
86,29,38,57,486,543,stranger,-1.0351255294698567,1.0072155815699788,0.2,1.985672220124451,0.201,1
86,30,38,57,486,543,stranger,-0.7673413563798143,1.0072155815699788,0.2,1.985672220124451,0.201,1
86,31,38,57,486,543,self,1.6697804807575796,1.0072155815699788,0.2,1.985672220124451,0.201,1
86,32,38,57,486,543,self,2.293123362968392,1.0072155815699788,0.2,1.985672220124451,0.201,1
86,33,38,57,486,543,self,2.403762571100045,1.0072155815699788,0.2,1.985672220124451,0.201,1
86,34,38,57,486,543,stranger,-0.7390445946484675,1.0072155815699788,0.2,1.985672220124451,0.201,1
86,35,38,57,486,543,stranger,0.0029447387773768874,1.0072155815699788,0.2,1.985672220124451,0.201,1
86,36,38,57,486,543,self,2.0062685446733637,1.0072155815699788,0.2,1.985672220124451,0.201,1
86,37,38,57,486,543,stranger,-1.3557045080458194,1.0072155815699788,0.2,1.985672220124451,0.201,1
86,38,38,57,486,543,self,1.9741076624545155,1.0072155815699788,0.2,1.985672220124451,0.201,1
86,39,38,57,486,543,stranger,-0.914129070454922,1.0072155815699788,0.2,1.985672220124451,0.201,1
86,40,38,57,486,543,stranger,-0.48035335951572755,1.0072155815699788,0.2,1.985672220124451,0.201,1
86,41,38,57,486,543,self,0.8726829772497517,1.0072155815699788,0.2,1.985672220124451,0.201,1
86,42,38,57,486,543,self,0.785578251745531,1.0072155815699788,0.2,1.985672220124451,0.201,1
86,43,38,57,486,543,stranger,-0.12127608459402572,1.0072155815699788,0.2,1.985672220124451,0.201,1
86,44,38,57,486,543,self,1.4914136760887657,1.0072155815699788,0.2,1.985672220124451,0.201,1
86,45,38,57,486,543,stranger,-0.38531418788667215,1.0072155815699788,0.2,1.985672220124451,0.201,1
86,46,38,57,486,543,stranger,-1.4880638194762428,1.0072155815699788,0.2,1.985672220124451,0.201,1
86,47,38,57,486,543,stranger,-1.1283560128373114,1.0072155815699788,0.2,1.985672220124451,0.201,1
86,48,38,57,486,543,stranger,0.5209273952704796,1.0072155815699788,0.2,1.985672220124451,0.201,1
86,49,38,57,486,543,self,1.306005995905912,1.0072155815699788,0.2,1.985672220124451,0.201,1
86,50,38,57,486,543,self,1.5838162386145587,1.0072155815699788,0.2,1.985672220124451,0.201,1
86,51,38,57,486,543,stranger,-0.745384583599799,1.0072155815699788,0.2,1.985672220124451,0.201,1
86,52,38,57,486,543,self,1.8321313756929511,1.0072155815699788,0.2,1.985672220124451,0.201,1
86,53,38,57,486,543,stranger,-1.8967725206892778,1.0072155815699788,0.2,1.985672220124451,0.201,1
86,54,38,57,486,543,self,1.587868815294715,1.0072155815699788,0.2,1.985672220124451,0.201,1
86,55,38,57,486,543,self,1.825700559578271,1.0072155815699788,0.2,1.985672220124451,0.201,1
86,56,38,57,486,543,stranger,-1.2295203558000898,1.0072155815699788,0.2,1.985672220124451,0.201,1
86,57,38,57,486,543,stranger,0.23775790956964005,1.0072155815699788,0.2,1.985672220124451,0.201,1
86,58,38,57,486,543,self,1.6417870220422104,1.0072155815699788,0.2,1.985672220124451,0.201,1
86,59,38,57,486,543,self,0.13224697685408193,1.0072155815699788,0.2,1.985672220124451,0.201,1
86,60,38,57,486,543,stranger,-1.5116459761832277,1.0072155815699788,0.2,1.985672220124451,0.201,1
87,1,84,496,1374,1870,stranger,2.6021134683685356,3.723743028273618,0.2,0.5370939897878049,1.622999999999954,1
87,2,84,496,1374,1870,stranger,2.3570822167921315,3.723743028273618,0.2,0.5370939897878049,1.685999999999947,1
87,3,84,496,1374,1870,stranger,2.573545625662817,3.723743028273618,0.2,0.5370939897878049,0.9960000000000007,1
87,4,84,496,1374,1870,self,8.618763114010612,3.723743028273618,0.2,0.5370939897878049,0.5170000000000002,1
87,5,84,496,1374,1870,stranger,2.042748257531395,3.723743028273618,0.2,0.5370939897878049,1.1280000000000008,1
87,6,84,496,1374,1870,stranger,2.3456216200297977,3.723743028273618,0.2,0.5370939897878049,1.0540000000000007,1
87,7,84,496,1374,1870,stranger,3.050960187294298,3.723743028273618,0.2,0.5370939897878049,1.3939999999999793,1
87,8,84,496,1374,1870,self,8.50830214174813,3.723743028273618,0.2,0.5370939897878049,0.5360000000000003,1
87,9,84,496,1374,1870,stranger,2.6837485907931025,3.723743028273618,0.2,0.5370939897878049,0.7930000000000004,1
87,10,84,496,1374,1870,self,7.680425782873167,3.723743028273618,0.2,0.5370939897878049,0.5650000000000003,1
87,11,84,496,1374,1870,stranger,3.0707981423396267,3.723743028273618,0.2,0.5370939897878049,1.0470000000000006,1
87,12,84,496,1374,1870,stranger,1.7387865100618,3.723743028273618,0.2,0.5370939897878049,0.3470000000000001,0
87,13,84,496,1374,1870,self,8.311628472611336,3.723743028273618,0.2,0.5370939897878049,0.5640000000000003,1
87,14,84,496,1374,1870,stranger,2.3206768196826526,3.723743028273618,0.2,0.5370939897878049,1.251999999999995,1
87,15,84,496,1374,1870,self,7.528572502490221,3.723743028273618,0.2,0.5370939897878049,0.6160000000000003,1
87,16,84,496,1374,1870,self,7.859258863749567,3.723743028273618,0.2,0.5370939897878049,0.7180000000000004,1
87,17,84,496,1374,1870,stranger,2.1655223438901965,3.723743028273618,0.2,0.5370939897878049,1.2459999999999956,1
87,18,84,496,1374,1870,stranger,1.800257624640549,3.723743028273618,0.2,0.5370939897878049,1.1420000000000008,1
87,19,84,496,1374,1870,self,7.934257969413014,3.723743028273618,0.2,0.5370939897878049,0.6170000000000003,1
87,20,84,496,1374,1870,stranger,2.6256081152304276,3.723743028273618,0.2,0.5370939897878049,1.6669999999999492,1
87,21,84,496,1374,1870,stranger,2.62477834305574,3.723743028273618,0.2,0.5370939897878049,1.3019999999999894,1
87,22,84,496,1374,1870,stranger,2.809580470463402,3.723743028273618,0.2,0.5370939897878049,0.8110000000000004,1
87,23,84,496,1374,1870,self,8.876943518787506,3.723743028273618,0.2,0.5370939897878049,0.4960000000000002,1
87,24,84,496,1374,1870,stranger,1.4532230303981448,3.723743028273618,0.2,0.5370939897878049,1.4079999999999777,1
87,25,84,496,1374,1870,self,7.843405788449454,3.723743028273618,0.2,0.5370939897878049,0.7760000000000005,1
87,26,84,496,1374,1870,self,7.3361269452395135,3.723743028273618,0.2,0.5370939897878049,0.5810000000000003,1
87,27,84,496,1374,1870,self,7.856664967700919,3.723743028273618,0.2,0.5370939897878049,0.7260000000000004,1
87,28,84,496,1374,1870,self,7.820633872900913,3.723743028273618,0.2,0.5370939897878049,0.6070000000000003,1
87,29,84,496,1374,1870,self,8.165266264239852,3.723743028273618,0.2,0.5370939897878049,0.4970000000000002,1
87,30,84,496,1374,1870,stranger,2.504464505082046,3.723743028273618,0.2,0.5370939897878049,1.5709999999999598,1
87,31,84,496,1374,1870,stranger,1.815912168342234,3.723743028273618,0.2,0.5370939897878049,2.067999999999905,1
87,32,84,496,1374,1870,self,8.214716241777882,3.723743028273618,0.2,0.5370939897878049,0.7100000000000004,1
87,33,84,496,1374,1870,self,8.958265724539789,3.723743028273618,0.2,0.5370939897878049,0.4790000000000002,1
87,34,84,496,1374,1870,self,8.166552017098319,3.723743028273618,0.2,0.5370939897878049,0.5190000000000002,1
87,35,84,496,1374,1870,stranger,2.561390227816548,3.723743028273618,0.2,0.5370939897878049,2.0889999999999027,1
87,36,84,496,1374,1870,stranger,1.9901329998404034,3.723743028273618,0.2,0.5370939897878049,1.4649999999999714,1
87,37,84,496,1374,1870,self,8.028817171385166,3.723743028273618,0.2,0.5370939897878049,0.5430000000000003,1
87,38,84,496,1374,1870,self,7.681725475086198,3.723743028273618,0.2,0.5370939897878049,0.5240000000000002,1
87,39,84,496,1374,1870,stranger,2.2789904325980173,3.723743028273618,0.2,0.5370939897878049,1.6479999999999513,1
87,40,84,496,1374,1870,self,7.973319230376756,3.723743028273618,0.2,0.5370939897878049,0.5360000000000003,1
87,41,84,496,1374,1870,self,7.723403454251944,3.723743028273618,0.2,0.5370939897878049,0.5430000000000003,1
87,42,84,496,1374,1870,self,8.339409836415099,3.723743028273618,0.2,0.5370939897878049,0.5800000000000003,1
87,43,84,496,1374,1870,stranger,2.5819396929021234,3.723743028273618,0.2,0.5370939897878049,1.550999999999962,1
87,44,84,496,1374,1870,self,9.082643773924055,3.723743028273618,0.2,0.5370939897878049,0.4870000000000002,1
87,45,84,496,1374,1870,stranger,3.1155665362997764,3.723743028273618,0.2,0.5370939897878049,1.2709999999999928,1
87,46,84,496,1374,1870,self,8.659532271477806,3.723743028273618,0.2,0.5370939897878049,0.5950000000000003,1
87,47,84,496,1374,1870,stranger,2.948518731484164,3.723743028273618,0.2,0.5370939897878049,0.3240000000000001,0
87,48,84,496,1374,1870,self,7.6342469943025595,3.723743028273618,0.2,0.5370939897878049,0.7330000000000003,1
87,49,84,496,1374,1870,stranger,2.5688591957376037,3.723743028273618,0.2,0.5370939897878049,1.6839999999999473,1
87,50,84,496,1374,1870,self,7.7706407528557975,3.723743028273618,0.2,0.5370939897878049,0.6760000000000004,1
87,51,84,496,1374,1870,stranger,1.599338168078851,3.723743028273618,0.2,0.5370939897878049,1.87,0
87,52,84,496,1374,1870,stranger,2.3886187888769967,3.723743028273618,0.2,0.5370939897878049,0.9080000000000006,1
87,53,84,496,1374,1870,self,7.938444563794619,3.723743028273618,0.2,0.5370939897878049,0.6030000000000003,1
87,54,84,496,1374,1870,stranger,2.3266876432973804,3.723743028273618,0.2,0.5370939897878049,1.4739999999999704,1
87,55,84,496,1374,1870,stranger,2.4120784771805344,3.723743028273618,0.2,0.5370939897878049,0.3550000000000001,0
87,56,84,496,1374,1870,self,8.848831285157223,3.723743028273618,0.2,0.5370939897878049,0.6270000000000003,1
87,57,84,496,1374,1870,stranger,2.1764814012998146,3.723743028273618,0.2,0.5370939897878049,2.3569999999998736,1
87,58,84,496,1374,1870,self,8.738559210028816,3.723743028273618,0.2,0.5370939897878049,0.7130000000000003,1
87,59,84,496,1374,1870,self,7.888509776565597,3.723743028273618,0.2,0.5370939897878049,0.6970000000000004,1
87,60,84,496,1374,1870,self,7.952283271497093,3.723743028273618,0.2,0.5370939897878049,0.6250000000000003,1
88,1,6,182,1378,1560,stranger,-0.035583830352721765,3.4403469778081295,0.2,0.5813367119366009,1.56,0
88,2,6,182,1378,1560,self,2.5884386479244994,3.4403469778081295,0.2,0.5813367119366009,0.7350000000000003,1
88,3,6,182,1378,1560,stranger,1.1957948717363684,3.4403469778081295,0.2,0.5813367119366009,1.56,0
88,4,6,182,1378,1560,self,2.6893157436531276,3.4403469778081295,0.2,0.5813367119366009,1.1820000000000008,1
88,5,6,182,1378,1560,self,2.2627647064962813,3.4403469778081295,0.2,0.5813367119366009,2.1079999999999006,1
88,6,6,182,1378,1560,stranger,1.577605653899815,3.4403469778081295,0.2,0.5813367119366009,1.56,0
88,7,6,182,1378,1560,self,2.7677133064682824,3.4403469778081295,0.2,0.5813367119366009,1.8849999999999252,1
88,8,6,182,1378,1560,stranger,0.7063883684980184,3.4403469778081295,0.2,0.5813367119366009,1.56,0
88,9,6,182,1378,1560,self,2.315589529382384,3.4403469778081295,0.2,0.5813367119366009,1.2729999999999926,1
88,10,6,182,1378,1560,stranger,0.808362995727523,3.4403469778081295,0.2,0.5813367119366009,1.5289999999999644,1
88,11,6,182,1378,1560,stranger,0.348657632197605,3.4403469778081295,0.2,0.5813367119366009,0.4660000000000002,0
88,12,6,182,1378,1560,stranger,-0.1356801833518771,3.4403469778081295,0.2,0.5813367119366009,0.4470000000000002,0
88,13,6,182,1378,1560,self,3.6800473851338142,3.4403469778081295,0.2,0.5813367119366009,1.0750000000000006,1
88,14,6,182,1378,1560,stranger,0.15966567232193213,3.4403469778081295,0.2,0.5813367119366009,0.5960000000000003,0
88,15,6,182,1378,1560,stranger,1.5309346825981416,3.4403469778081295,0.2,0.5813367119366009,1.56,0
88,16,6,182,1378,1560,stranger,0.8148687062269124,3.4403469778081295,0.2,0.5813367119366009,1.56,0
88,17,6,182,1378,1560,stranger,0.3182263400099171,3.4403469778081295,0.2,0.5813367119366009,0.40800000000000014,0
88,18,6,182,1378,1560,stranger,0.0437491214660823,3.4403469778081295,0.2,0.5813367119366009,1.676999999999948,1
88,19,6,182,1378,1560,stranger,-0.29361073132058274,3.4403469778081295,0.2,0.5813367119366009,0.9120000000000006,0
88,20,6,182,1378,1560,stranger,0.5119199347040777,3.4403469778081295,0.2,0.5813367119366009,0.4550000000000002,0
88,21,6,182,1378,1560,stranger,0.8631625097465152,3.4403469778081295,0.2,0.5813367119366009,1.56,0
88,22,6,182,1378,1560,stranger,0.36902785475838906,3.4403469778081295,0.2,0.5813367119366009,1.56,0
88,23,6,182,1378,1560,self,2.2469174550854567,3.4403469778081295,0.2,0.5813367119366009,0.4440000000000002,0
88,24,6,182,1378,1560,stranger,1.9082547210550591,3.4403469778081295,0.2,0.5813367119366009,1.7529999999999397,1
88,25,6,182,1378,1560,stranger,0.5695552164331958,3.4403469778081295,0.2,0.5813367119366009,1.56,0
88,26,6,182,1378,1560,stranger,0.9981492175603308,3.4403469778081295,0.2,0.5813367119366009,0.8700000000000006,1
88,27,6,182,1378,1560,self,3.1093887664397735,3.4403469778081295,0.2,0.5813367119366009,1.3209999999999873,1
88,28,6,182,1378,1560,self,2.809228570293118,3.4403469778081295,0.2,0.5813367119366009,1.2479999999999953,1
88,29,6,182,1378,1560,self,2.6947464594214217,3.4403469778081295,0.2,0.5813367119366009,1.3039999999999892,1
88,30,6,182,1378,1560,self,2.312934730784473,3.4403469778081295,0.2,0.5813367119366009,0.8190000000000004,1
88,31,6,182,1378,1560,self,3.0704720380336923,3.4403469778081295,0.2,0.5813367119366009,1.5829999999999584,1
88,32,6,182,1378,1560,self,2.069387515170182,3.4403469778081295,0.2,0.5813367119366009,2.1199999999998993,1
88,33,6,182,1378,1560,stranger,0.9127421697422053,3.4403469778081295,0.2,0.5813367119366009,1.7989999999999347,1
88,34,6,182,1378,1560,self,2.8202570243331695,3.4403469778081295,0.2,0.5813367119366009,1.558999999999961,1
88,35,6,182,1378,1560,self,3.2691052836655765,3.4403469778081295,0.2,0.5813367119366009,0.6520000000000004,1
88,36,6,182,1378,1560,self,3.1906507119224203,3.4403469778081295,0.2,0.5813367119366009,0.7930000000000004,1
88,37,6,182,1378,1560,self,2.2176812934387633,3.4403469778081295,0.2,0.5813367119366009,1.2369999999999965,1
88,38,6,182,1378,1560,stranger,0.23123819290773856,3.4403469778081295,0.2,0.5813367119366009,1.2189999999999985,0
88,39,6,182,1378,1560,self,2.9773803586247087,3.4403469778081295,0.2,0.5813367119366009,0.9800000000000006,1
88,40,6,182,1378,1560,stranger,0.9189881440552229,3.4403469778081295,0.2,0.5813367119366009,0.8500000000000005,1
88,41,6,182,1378,1560,stranger,0.6174028478308007,3.4403469778081295,0.2,0.5813367119366009,0.6060000000000003,0
88,42,6,182,1378,1560,self,2.8106384126874318,3.4403469778081295,0.2,0.5813367119366009,1.3849999999999802,1
88,43,6,182,1378,1560,self,2.3786328682623203,3.4403469778081295,0.2,0.5813367119366009,1.1110000000000007,1
88,44,6,182,1378,1560,stranger,0.8439566977685578,3.4403469778081295,0.2,0.5813367119366009,1.56,0
88,45,6,182,1378,1560,self,1.9904969809306243,3.4403469778081295,0.2,0.5813367119366009,0.9720000000000006,1
88,46,6,182,1378,1560,self,2.9045460921272364,3.4403469778081295,0.2,0.5813367119366009,1.7199999999999434,1
88,47,6,182,1378,1560,stranger,1.486028688966693,3.4403469778081295,0.2,0.5813367119366009,1.4579999999999722,1
88,48,6,182,1378,1560,stranger,0.9788727049547871,3.4403469778081295,0.2,0.5813367119366009,1.56,0
88,49,6,182,1378,1560,self,2.4942252197997585,3.4403469778081295,0.2,0.5813367119366009,1.4069999999999778,1
88,50,6,182,1378,1560,stranger,0.8949862624879104,3.4403469778081295,0.2,0.5813367119366009,1.0210000000000006,0
88,51,6,182,1378,1560,self,2.0790828790613944,3.4403469778081295,0.2,0.5813367119366009,1.1450000000000007,1
88,52,6,182,1378,1560,stranger,0.3469865332525268,3.4403469778081295,0.2,0.5813367119366009,0.3060000000000001,0
88,53,6,182,1378,1560,self,3.1808433134679284,3.4403469778081295,0.2,0.5813367119366009,1.6489999999999512,1
88,54,6,182,1378,1560,self,2.909612601056443,3.4403469778081295,0.2,0.5813367119366009,1.7119999999999442,1
88,55,6,182,1378,1560,self,2.4413513052412394,3.4403469778081295,0.2,0.5813367119366009,1.596999999999957,1
88,56,6,182,1378,1560,self,2.596311131899517,3.4403469778081295,0.2,0.5813367119366009,1.4539999999999726,1
88,57,6,182,1378,1560,self,2.6846831808254406,3.4403469778081295,0.2,0.5813367119366009,0.9570000000000005,1
88,58,6,182,1378,1560,stranger,1.0065469713145563,3.4403469778081295,0.2,0.5813367119366009,0.2890000000000001,0
88,59,6,182,1378,1560,stranger,0.7216519498727052,3.4403469778081295,0.2,0.5813367119366009,1.56,0
88,60,6,182,1378,1560,self,2.4130082601706637,3.4403469778081295,0.2,0.5813367119366009,1.405999999999978,1
89,1,132,218,423,641,self,5.250107725594239,2.0784920204140427,0.2,0.9622360732477545,0.3650000000000001,1
89,2,132,218,423,641,self,5.448165112442011,2.0784920204140427,0.2,0.9622360732477545,0.5520000000000003,1
89,3,132,218,423,641,self,5.975221438340145,2.0784920204140427,0.2,0.9622360732477545,0.3710000000000001,1
89,4,132,218,423,641,self,6.050090382477574,2.0784920204140427,0.2,0.9622360732477545,0.3190000000000001,1
89,5,132,218,423,641,stranger,1.6349413394615786,2.0784920204140427,0.2,0.9622360732477545,1.2569999999999943,1
89,6,132,218,423,641,stranger,0.7223488944865455,2.0784920204140427,0.2,0.9622360732477545,0.5370000000000003,0
89,7,132,218,423,641,self,5.282105218910418,2.0784920204140427,0.2,0.9622360732477545,0.3410000000000001,1
89,8,132,218,423,641,stranger,1.025051443378572,2.0784920204140427,0.2,0.9622360732477545,0.7560000000000004,1
89,9,132,218,423,641,self,5.548262200117298,2.0784920204140427,0.2,0.9622360732477545,0.4820000000000002,1
89,10,132,218,423,641,self,5.473287046193338,2.0784920204140427,0.2,0.9622360732477545,0.40800000000000014,1
89,11,132,218,423,641,self,5.352896542424518,2.0784920204140427,0.2,0.9622360732477545,0.3530000000000001,1
89,12,132,218,423,641,self,5.930223136866303,2.0784920204140427,0.2,0.9622360732477545,0.3600000000000001,1
89,13,132,218,423,641,stranger,0.9757129802426381,2.0784920204140427,0.2,0.9622360732477545,0.8470000000000004,1
89,14,132,218,423,641,self,6.16931329840648,2.0784920204140427,0.2,0.9622360732477545,0.3480000000000001,1
89,15,132,218,423,641,self,4.967217275831574,2.0784920204140427,0.2,0.9622360732477545,0.42800000000000016,1
89,16,132,218,423,641,self,5.367237704675512,2.0784920204140427,0.2,0.9622360732477545,0.4800000000000002,1
89,17,132,218,423,641,stranger,0.6435152950427403,2.0784920204140427,0.2,0.9622360732477545,0.7270000000000003,0
89,18,132,218,423,641,stranger,1.4094299446472829,2.0784920204140427,0.2,0.9622360732477545,1.4759999999999702,0
89,19,132,218,423,641,stranger,1.596356224330851,2.0784920204140427,0.2,0.9622360732477545,1.0890000000000006,1
89,20,132,218,423,641,self,5.456191928496316,2.0784920204140427,0.2,0.9622360732477545,0.3740000000000001,1
89,21,132,218,423,641,stranger,1.593958837970096,2.0784920204140427,0.2,0.9622360732477545,1.2499999999999951,1
89,22,132,218,423,641,self,6.028586889585338,2.0784920204140427,0.2,0.9622360732477545,0.3200000000000001,1
89,23,132,218,423,641,stranger,1.0828274999163157,2.0784920204140427,0.2,0.9622360732477545,0.6090000000000003,1
89,24,132,218,423,641,self,5.833328362093156,2.0784920204140427,0.2,0.9622360732477545,0.3000000000000001,1
89,25,132,218,423,641,stranger,1.0787804401075471,2.0784920204140427,0.2,0.9622360732477545,0.3690000000000001,1
89,26,132,218,423,641,self,5.388333773301449,2.0784920204140427,0.2,0.9622360732477545,0.40200000000000014,1
89,27,132,218,423,641,self,5.743998926486132,2.0784920204140427,0.2,0.9622360732477545,0.3190000000000001,1
89,28,132,218,423,641,stranger,1.1965642801236118,2.0784920204140427,0.2,0.9622360732477545,0.3760000000000001,1
89,29,132,218,423,641,stranger,0.9407065332403262,2.0784920204140427,0.2,0.9622360732477545,1.2759999999999923,1
89,30,132,218,423,641,self,5.502162280590623,2.0784920204140427,0.2,0.9622360732477545,0.3830000000000001,1
89,31,132,218,423,641,self,5.449666677814629,2.0784920204140427,0.2,0.9622360732477545,0.3770000000000001,1
89,32,132,218,423,641,stranger,1.893570110589454,2.0784920204140427,0.2,0.9622360732477545,0.4750000000000002,1
89,33,132,218,423,641,stranger,1.6709869176737644,2.0784920204140427,0.2,0.9622360732477545,0.43000000000000016,1
89,34,132,218,423,641,stranger,1.072965123436766,2.0784920204140427,0.2,0.9622360732477545,1.1430000000000007,1
89,35,132,218,423,641,stranger,1.4837780098199884,2.0784920204140427,0.2,0.9622360732477545,1.4069999999999778,1
89,36,132,218,423,641,stranger,2.3029413410545145,2.0784920204140427,0.2,0.9622360732477545,1.4639999999999715,1
89,37,132,218,423,641,self,6.551088345048524,2.0784920204140427,0.2,0.9622360732477545,0.3570000000000001,1
89,38,132,218,423,641,stranger,1.2174939398578783,2.0784920204140427,0.2,0.9622360732477545,0.33000000000000007,1
89,39,132,218,423,641,stranger,1.3901125465302646,2.0784920204140427,0.2,0.9622360732477545,0.43100000000000016,1
89,40,132,218,423,641,self,6.392696130592191,2.0784920204140427,0.2,0.9622360732477545,0.39500000000000013,1
89,41,132,218,423,641,stranger,0.9457187485378278,2.0784920204140427,0.2,0.9622360732477545,1.0380000000000007,1
89,42,132,218,423,641,stranger,1.1173902768495918,2.0784920204140427,0.2,0.9622360732477545,0.7840000000000005,1
89,43,132,218,423,641,self,5.5678579870942775,2.0784920204140427,0.2,0.9622360732477545,0.43000000000000016,1
89,44,132,218,423,641,self,5.637087754159799,2.0784920204140427,0.2,0.9622360732477545,0.40200000000000014,1
89,45,132,218,423,641,stranger,1.3795288696585835,2.0784920204140427,0.2,0.9622360732477545,1.0200000000000007,1
89,46,132,218,423,641,self,5.381891708405162,2.0784920204140427,0.2,0.9622360732477545,0.6290000000000003,1
89,47,132,218,423,641,stranger,2.3616075765426308,2.0784920204140427,0.2,0.9622360732477545,0.4610000000000002,1
89,48,132,218,423,641,self,6.08281354617196,2.0784920204140427,0.2,0.9622360732477545,0.3850000000000001,1
89,49,132,218,423,641,self,5.483655943824921,2.0784920204140427,0.2,0.9622360732477545,0.3820000000000001,1
89,50,132,218,423,641,self,5.657533183456233,2.0784920204140427,0.2,0.9622360732477545,0.42100000000000015,1
89,51,132,218,423,641,self,5.624746496247364,2.0784920204140427,0.2,0.9622360732477545,0.42200000000000015,1
89,52,132,218,423,641,stranger,1.0634513844597937,2.0784920204140427,0.2,0.9622360732477545,0.8120000000000005,1
89,53,132,218,423,641,stranger,0.918647518749111,2.0784920204140427,0.2,0.9622360732477545,1.4829999999999695,1
89,54,132,218,423,641,stranger,1.0998434609913723,2.0784920204140427,0.2,0.9622360732477545,1.6849999999999472,1
89,55,132,218,423,641,self,4.23921435154078,2.0784920204140427,0.2,0.9622360732477545,0.40700000000000014,1
89,56,132,218,423,641,stranger,2.213276910961354,2.0784920204140427,0.2,0.9622360732477545,1.0160000000000007,1
89,57,132,218,423,641,stranger,1.122272615513393,2.0784920204140427,0.2,0.9622360732477545,0.4940000000000002,1
89,58,132,218,423,641,stranger,0.5975942705585686,2.0784920204140427,0.2,0.9622360732477545,0.7040000000000004,1
89,59,132,218,423,641,stranger,1.4984042198292975,2.0784920204140427,0.2,0.9622360732477545,0.5990000000000003,1
89,60,132,218,423,641,self,6.083391572402433,2.0784920204140427,0.2,0.9622360732477545,0.3760000000000001,1
90,1,112,137,1138,1275,stranger,0.9362757786546277,2.8745813180813924,0.2,0.6957534954463831,1.695999999999946,1
90,2,112,137,1138,1275,self,4.016661707582328,2.8745813180813924,0.2,0.6957534954463831,0.6250000000000003,1
90,3,112,137,1138,1275,self,4.434903740939385,2.8745813180813924,0.2,0.6957534954463831,0.6430000000000003,1
90,4,112,137,1138,1275,self,4.158628845475082,2.8745813180813924,0.2,0.6957534954463831,0.7680000000000005,1
90,5,112,137,1138,1275,self,4.2417954966929905,2.8745813180813924,0.2,0.6957534954463831,0.6030000000000003,1
90,6,112,137,1138,1275,stranger,1.2403945988674934,2.8745813180813924,0.2,0.6957534954463831,0.7400000000000004,0
90,7,112,137,1138,1275,stranger,0.6639350339094848,2.8745813180813924,0.2,0.6957534954463831,1.2750000000000001,0
90,8,112,137,1138,1275,self,4.729192626521918,2.8745813180813924,0.2,0.6957534954463831,0.8620000000000005,1
90,9,112,137,1138,1275,stranger,1.499212619758987,2.8745813180813924,0.2,0.6957534954463831,1.5809999999999587,1
90,10,112,137,1138,1275,self,3.885589309893905,2.8745813180813924,0.2,0.6957534954463831,0.6350000000000003,1
90,11,112,137,1138,1275,self,4.440031448692342,2.8745813180813924,0.2,0.6957534954463831,0.8520000000000005,1
90,12,112,137,1138,1275,stranger,0.0533623641133327,2.8745813180813924,0.2,0.6957534954463831,0.9940000000000007,0
90,13,112,137,1138,1275,self,4.34131716736999,2.8745813180813924,0.2,0.6957534954463831,1.0460000000000007,1
90,14,112,137,1138,1275,self,3.9573661967640406,2.8745813180813924,0.2,0.6957534954463831,0.9590000000000005,1
90,15,112,137,1138,1275,stranger,0.5790110537432999,2.8745813180813924,0.2,0.6957534954463831,1.2750000000000001,0
90,16,112,137,1138,1275,stranger,1.620141794607945,2.8745813180813924,0.2,0.6957534954463831,1.2750000000000001,0
90,17,112,137,1138,1275,self,4.957745047793053,2.8745813180813924,0.2,0.6957534954463831,0.5500000000000003,1
90,18,112,137,1138,1275,stranger,1.348579353173006,2.8745813180813924,0.2,0.6957534954463831,1.1270000000000007,0
90,19,112,137,1138,1275,stranger,1.5715817658677063,2.8745813180813924,0.2,0.6957534954463831,1.2750000000000001,0
90,20,112,137,1138,1275,stranger,0.48090172935557973,2.8745813180813924,0.2,0.6957534954463831,1.6659999999999493,1
90,21,112,137,1138,1275,stranger,0.7852092929176583,2.8745813180813924,0.2,0.6957534954463831,1.7699999999999378,1
90,22,112,137,1138,1275,stranger,1.9456582050724749,2.8745813180813924,0.2,0.6957534954463831,0.6670000000000004,1
90,23,112,137,1138,1275,self,5.5715060344445115,2.8745813180813924,0.2,0.6957534954463831,0.5830000000000003,1
90,24,112,137,1138,1275,self,4.7624561289653675,2.8745813180813924,0.2,0.6957534954463831,0.6190000000000003,1
90,25,112,137,1138,1275,self,4.336492427119291,2.8745813180813924,0.2,0.6957534954463831,0.6960000000000004,1
90,26,112,137,1138,1275,self,4.4842298757774,2.8745813180813924,0.2,0.6957534954463831,0.5370000000000003,1
90,27,112,137,1138,1275,self,4.260977715732591,2.8745813180813924,0.2,0.6957534954463831,0.4750000000000002,1
90,28,112,137,1138,1275,self,4.654686835397254,2.8745813180813924,0.2,0.6957534954463831,0.6440000000000003,1
90,29,112,137,1138,1275,stranger,1.4887298863785254,2.8745813180813924,0.2,0.6957534954463831,1.950999999999918,1
90,30,112,137,1138,1275,self,4.2917744272907035,2.8745813180813924,0.2,0.6957534954463831,0.7560000000000004,1
90,31,112,137,1138,1275,self,5.20461227959437,2.8745813180813924,0.2,0.6957534954463831,0.4870000000000002,1
90,32,112,137,1138,1275,stranger,1.0354256629558027,2.8745813180813924,0.2,0.6957534954463831,1.1950000000000007,1
90,33,112,137,1138,1275,stranger,0.6832151341172916,2.8745813180813924,0.2,0.6957534954463831,1.0820000000000007,1
90,34,112,137,1138,1275,stranger,0.7409754199064269,2.8745813180813924,0.2,0.6957534954463831,1.2750000000000001,0
90,35,112,137,1138,1275,self,2.8099341443834502,2.8745813180813924,0.2,0.6957534954463831,0.7130000000000003,1
90,36,112,137,1138,1275,stranger,0.48080952712974434,2.8745813180813924,0.2,0.6957534954463831,1.2750000000000001,0
90,37,112,137,1138,1275,stranger,0.6696087667813166,2.8745813180813924,0.2,0.6957534954463831,1.2750000000000001,0
90,38,112,137,1138,1275,stranger,1.346922014134029,2.8745813180813924,0.2,0.6957534954463831,1.2750000000000001,0
90,39,112,137,1138,1275,self,4.2829589876834975,2.8745813180813924,0.2,0.6957534954463831,0.8820000000000006,1
90,40,112,137,1138,1275,stranger,0.5859231368595033,2.8745813180813924,0.2,0.6957534954463831,1.2750000000000001,0
90,41,112,137,1138,1275,stranger,1.8275100130838768,2.8745813180813924,0.2,0.6957534954463831,1.2159999999999989,0
90,42,112,137,1138,1275,stranger,1.4592384626598194,2.8745813180813924,0.2,0.6957534954463831,1.1660000000000008,1
90,43,112,137,1138,1275,stranger,1.498441904171671,2.8745813180813924,0.2,0.6957534954463831,0.7610000000000003,0
90,44,112,137,1138,1275,self,4.39626378313716,2.8745813180813924,0.2,0.6957534954463831,0.4730000000000002,1
90,45,112,137,1138,1275,stranger,1.7519751352597188,2.8745813180813924,0.2,0.6957534954463831,1.3539999999999837,1
90,46,112,137,1138,1275,self,4.244520211095015,2.8745813180813924,0.2,0.6957534954463831,0.6070000000000003,1
90,47,112,137,1138,1275,self,4.117959222557495,2.8745813180813924,0.2,0.6957534954463831,0.7350000000000003,1
90,48,112,137,1138,1275,stranger,1.7031236016535127,2.8745813180813924,0.2,0.6957534954463831,1.4189999999999765,1
90,49,112,137,1138,1275,stranger,1.620279816188998,2.8745813180813924,0.2,0.6957534954463831,0.8580000000000005,1
90,50,112,137,1138,1275,self,4.397083850583522,2.8745813180813924,0.2,0.6957534954463831,0.6660000000000004,1
90,51,112,137,1138,1275,self,3.3019172908664944,2.8745813180813924,0.2,0.6957534954463831,1.4109999999999774,1
90,52,112,137,1138,1275,stranger,1.7985905522076315,2.8745813180813924,0.2,0.6957534954463831,1.0170000000000006,1
90,53,112,137,1138,1275,stranger,0.46724099186715473,2.8745813180813924,0.2,0.6957534954463831,1.668999999999949,1
90,54,112,137,1138,1275,self,4.6511427035002475,2.8745813180813924,0.2,0.6957534954463831,0.6440000000000003,1
90,55,112,137,1138,1275,self,4.171222609796599,2.8745813180813924,0.2,0.6957534954463831,0.8710000000000004,1
90,56,112,137,1138,1275,self,4.631566510440802,2.8745813180813924,0.2,0.6957534954463831,0.6320000000000003,1
90,57,112,137,1138,1275,stranger,1.7857182175898094,2.8745813180813924,0.2,0.6957534954463831,1.9619999999999167,1
90,58,112,137,1138,1275,stranger,2.3377482621230774,2.8745813180813924,0.2,0.6957534954463831,1.2179999999999986,1
90,59,112,137,1138,1275,self,3.9706107185013413,2.8745813180813924,0.2,0.6957534954463831,0.5760000000000003,1
90,60,112,137,1138,1275,self,4.728328811355165,2.8745813180813924,0.2,0.6957534954463831,0.5470000000000003,1
91,1,17,449,893,1342,stranger,0.5515104869181596,3.6150041061083065,0.2,0.553249717371159,1.5489999999999622,1
91,2,17,449,893,1342,stranger,0.9873125910425361,3.6150041061083065,0.2,0.553249717371159,1.342,0
91,3,17,449,893,1342,stranger,0.23539420838805525,3.6150041061083065,0.2,0.553249717371159,1.342,0
91,4,17,449,893,1342,self,4.166099676035544,3.6150041061083065,0.2,0.553249717371159,1.1210000000000007,1
91,5,17,449,893,1342,stranger,-0.38833874008457425,3.6150041061083065,0.2,0.553249717371159,0.6850000000000004,0
91,6,17,449,893,1342,self,4.69721287223958,3.6150041061083065,0.2,0.553249717371159,0.7780000000000005,1
91,7,17,449,893,1342,self,4.693717355556696,3.6150041061083065,0.2,0.553249717371159,0.7010000000000003,1
91,8,17,449,893,1342,stranger,0.8196390431739896,3.6150041061083065,0.2,0.553249717371159,1.342,0
91,9,17,449,893,1342,stranger,0.6420984783331377,3.6150041061083065,0.2,0.553249717371159,0.6190000000000003,0
91,10,17,449,893,1342,stranger,0.3574572392783476,3.6150041061083065,0.2,0.553249717371159,1.9069999999999228,1
91,11,17,449,893,1342,self,4.3473620392219,3.6150041061083065,0.2,0.553249717371159,0.8990000000000005,1
91,12,17,449,893,1342,stranger,0.5475624776627918,3.6150041061083065,0.2,0.553249717371159,1.342,0
91,13,17,449,893,1342,stranger,0.3172415630094577,3.6150041061083065,0.2,0.553249717371159,1.342,0
91,14,17,449,893,1342,stranger,0.6235415510462404,3.6150041061083065,0.2,0.553249717371159,0.8860000000000006,0
91,15,17,449,893,1342,stranger,0.4216290963099629,3.6150041061083065,0.2,0.553249717371159,0.3140000000000001,0
91,16,17,449,893,1342,stranger,0.1833670164746377,3.6150041061083065,0.2,0.553249717371159,1.342,0
91,17,17,449,893,1342,stranger,0.6622769004340759,3.6150041061083065,0.2,0.553249717371159,1.1750000000000007,0
91,18,17,449,893,1342,stranger,0.5374923310999099,3.6150041061083065,0.2,0.553249717371159,1.8209999999999322,0
91,19,17,449,893,1342,stranger,1.0963727581025773,3.6150041061083065,0.2,0.553249717371159,1.9359999999999196,1
91,20,17,449,893,1342,stranger,1.3900026883216312,3.6150041061083065,0.2,0.553249717371159,1.378999999999981,1
91,21,17,449,893,1342,stranger,1.5144941176023772,3.6150041061083065,0.2,0.553249717371159,1.5479999999999623,1
91,22,17,449,893,1342,self,3.988553080038276,3.6150041061083065,0.2,0.553249717371159,1.5249999999999648,1
91,23,17,449,893,1342,self,4.283990527345273,3.6150041061083065,0.2,0.553249717371159,1.1670000000000007,1
91,24,17,449,893,1342,self,4.36297921462209,3.6150041061083065,0.2,0.553249717371159,0.8060000000000005,1
91,25,17,449,893,1342,stranger,0.8777732808621007,3.6150041061083065,0.2,0.553249717371159,1.342,0
91,26,17,449,893,1342,self,4.6250149166373795,3.6150041061083065,0.2,0.553249717371159,0.6980000000000004,1
91,27,17,449,893,1342,self,5.259110744205201,3.6150041061083065,0.2,0.553249717371159,0.8420000000000005,1
91,28,17,449,893,1342,self,4.510563352297313,3.6150041061083065,0.2,0.553249717371159,0.6000000000000003,1
91,29,17,449,893,1342,self,4.412381389961732,3.6150041061083065,0.2,0.553249717371159,0.8650000000000004,1
91,30,17,449,893,1342,self,4.687293284023963,3.6150041061083065,0.2,0.553249717371159,0.7110000000000003,1
91,31,17,449,893,1342,stranger,0.6027824588205587,3.6150041061083065,0.2,0.553249717371159,1.342,0
91,32,17,449,893,1342,self,4.661051074961605,3.6150041061083065,0.2,0.553249717371159,0.7840000000000005,1
91,33,17,449,893,1342,self,4.8012349303394615,3.6150041061083065,0.2,0.553249717371159,0.9000000000000006,1
91,34,17,449,893,1342,self,3.452552161204003,3.6150041061083065,0.2,0.553249717371159,0.9420000000000006,1
91,35,17,449,893,1342,self,3.8560833681797,3.6150041061083065,0.2,0.553249717371159,1.0390000000000006,1
91,36,17,449,893,1342,self,4.381003930017508,3.6150041061083065,0.2,0.553249717371159,1.0710000000000006,1
91,37,17,449,893,1342,self,4.139888020659277,3.6150041061083065,0.2,0.553249717371159,1.1580000000000008,1
91,38,17,449,893,1342,stranger,1.5992427919756222,3.6150041061083065,0.2,0.553249717371159,1.8189999999999324,1
91,39,17,449,893,1342,self,4.450354475746142,3.6150041061083065,0.2,0.553249717371159,0.8870000000000005,1
91,40,17,449,893,1342,self,4.540230086899037,3.6150041061083065,0.2,0.553249717371159,1.0950000000000006,1
91,41,17,449,893,1342,self,3.8906096266005283,3.6150041061083065,0.2,0.553249717371159,0.9430000000000005,1
91,42,17,449,893,1342,stranger,0.9764068244821847,3.6150041061083065,0.2,0.553249717371159,1.342,0
91,43,17,449,893,1342,stranger,0.06260115431216173,3.6150041061083065,0.2,0.553249717371159,1.342,0
91,44,17,449,893,1342,stranger,0.19744954961905692,3.6150041061083065,0.2,0.553249717371159,0.6850000000000004,0
91,45,17,449,893,1342,stranger,0.9893170290872492,3.6150041061083065,0.2,0.553249717371159,1.342,0
91,46,17,449,893,1342,self,4.762708613960295,3.6150041061083065,0.2,0.553249717371159,0.7180000000000004,1
91,47,17,449,893,1342,self,4.4910629164203835,3.6150041061083065,0.2,0.553249717371159,0.9400000000000006,1
91,48,17,449,893,1342,self,6.064167948943669,3.6150041061083065,0.2,0.553249717371159,0.6270000000000003,1
91,49,17,449,893,1342,stranger,0.5259891790494863,3.6150041061083065,0.2,0.553249717371159,1.342,0
91,50,17,449,893,1342,self,3.9781343404789755,3.6150041061083065,0.2,0.553249717371159,1.1170000000000007,1
91,51,17,449,893,1342,self,4.588556787312919,3.6150041061083065,0.2,0.553249717371159,0.8580000000000005,1
91,52,17,449,893,1342,self,4.202925068843477,3.6150041061083065,0.2,0.553249717371159,0.9750000000000005,1
91,53,17,449,893,1342,self,4.902195124782678,3.6150041061083065,0.2,0.553249717371159,0.7290000000000003,1
91,54,17,449,893,1342,self,4.489293796443988,3.6150041061083065,0.2,0.553249717371159,0.6940000000000004,1
91,55,17,449,893,1342,stranger,1.5161748235275594,3.6150041061083065,0.2,0.553249717371159,1.7279999999999425,1
91,56,17,449,893,1342,stranger,1.0361282346644298,3.6150041061083065,0.2,0.553249717371159,0.5740000000000003,0
91,57,17,449,893,1342,stranger,0.3646956908431661,3.6150041061083065,0.2,0.553249717371159,0.25100000000000006,0
91,58,17,449,893,1342,stranger,0.6713341969081598,3.6150041061083065,0.2,0.553249717371159,1.342,0
91,59,17,449,893,1342,stranger,1.2836827091488616,3.6150041061083065,0.2,0.553249717371159,2.1009999999999014,1
91,60,17,449,893,1342,self,4.313030179063978,3.6150041061083065,0.2,0.553249717371159,0.7610000000000003,1
92,1,111,552,601,1153,stranger,0.45172152040993274,4.019515166587977,0.2,0.49757244769839454,1.47799999999997,1
92,2,111,552,601,1153,stranger,0.7145076422358954,4.019515166587977,0.2,0.49757244769839454,1.153,0
92,3,111,552,601,1153,stranger,1.5022657106943496,4.019515166587977,0.2,0.49757244769839454,1.153,0
92,4,111,552,601,1153,self,6.457927434213433,4.019515166587977,0.2,0.49757244769839454,0.7850000000000004,1
92,5,111,552,601,1153,stranger,0.5698376960804532,4.019515166587977,0.2,0.49757244769839454,0.4480000000000002,0
92,6,111,552,601,1153,self,6.3724472311095415,4.019515166587977,0.2,0.49757244769839454,0.8550000000000004,1
92,7,111,552,601,1153,stranger,0.28219402641785396,4.019515166587977,0.2,0.49757244769839454,0.9810000000000005,0
92,8,111,552,601,1153,self,6.579122818070686,4.019515166587977,0.2,0.49757244769839454,0.8250000000000004,1
92,9,111,552,601,1153,stranger,-0.010837549159585902,4.019515166587977,0.2,0.49757244769839454,0.2700000000000001,0
92,10,111,552,601,1153,self,6.924453910413035,4.019515166587977,0.2,0.49757244769839454,0.6760000000000004,1
92,11,111,552,601,1153,stranger,1.2857782235090882,4.019515166587977,0.2,0.49757244769839454,1.153,0
92,12,111,552,601,1153,stranger,1.3863484648146334,4.019515166587977,0.2,0.49757244769839454,1.153,0
92,13,111,552,601,1153,stranger,1.407663355360326,4.019515166587977,0.2,0.49757244769839454,0.23500000000000004,0
92,14,111,552,601,1153,self,5.865124629945704,4.019515166587977,0.2,0.49757244769839454,0.9220000000000006,1
92,15,111,552,601,1153,self,6.296683054487794,4.019515166587977,0.2,0.49757244769839454,0.6310000000000003,1
92,16,111,552,601,1153,stranger,0.9311087116063423,4.019515166587977,0.2,0.49757244769839454,1.153,0
92,17,111,552,601,1153,self,6.290746703462394,4.019515166587977,0.2,0.49757244769839454,0.9150000000000005,1
92,18,111,552,601,1153,stranger,1.2157969233027903,4.019515166587977,0.2,0.49757244769839454,1.153,0
92,19,111,552,601,1153,self,6.086880863126522,4.019515166587977,0.2,0.49757244769839454,0.7910000000000004,1
92,20,111,552,601,1153,stranger,0.7927712670513429,4.019515166587977,0.2,0.49757244769839454,0.41600000000000015,0
92,21,111,552,601,1153,self,6.029458255993115,4.019515166587977,0.2,0.49757244769839454,0.8070000000000004,1
92,22,111,552,601,1153,stranger,0.46065811269745627,4.019515166587977,0.2,0.49757244769839454,1.153,0
92,23,111,552,601,1153,stranger,1.0761874245001506,4.019515166587977,0.2,0.49757244769839454,0.7460000000000004,0
92,24,111,552,601,1153,self,6.400496400895245,4.019515166587977,0.2,0.49757244769839454,0.7290000000000003,1
92,25,111,552,601,1153,self,6.730238079094962,4.019515166587977,0.2,0.49757244769839454,0.7970000000000004,1
92,26,111,552,601,1153,stranger,0.7658262501928719,4.019515166587977,0.2,0.49757244769839454,1.3109999999999884,1
92,27,111,552,601,1153,stranger,1.9034125264230122,4.019515166587977,0.2,0.49757244769839454,1.153,0
92,28,111,552,601,1153,stranger,1.1897243182984654,4.019515166587977,0.2,0.49757244769839454,0.2940000000000001,0
92,29,111,552,601,1153,self,6.597233662344349,4.019515166587977,0.2,0.49757244769839454,0.6530000000000004,1
92,30,111,552,601,1153,self,6.89033457523322,4.019515166587977,0.2,0.49757244769839454,0.9460000000000006,1
92,31,111,552,601,1153,self,5.787029329551947,4.019515166587977,0.2,0.49757244769839454,0.9590000000000005,1
92,32,111,552,601,1153,stranger,1.0530412042983066,4.019515166587977,0.2,0.49757244769839454,1.153,0
92,33,111,552,601,1153,self,7.1497233272163445,4.019515166587977,0.2,0.49757244769839454,0.7170000000000003,1
92,34,111,552,601,1153,stranger,0.38358342781517374,4.019515166587977,0.2,0.49757244769839454,1.0480000000000007,0
92,35,111,552,601,1153,self,6.104871801405807,4.019515166587977,0.2,0.49757244769839454,0.6560000000000004,1
92,36,111,552,601,1153,self,5.970442566828719,4.019515166587977,0.2,0.49757244769839454,0.6270000000000003,1
92,37,111,552,601,1153,stranger,0.06026035957028886,4.019515166587977,0.2,0.49757244769839454,0.3480000000000001,0
92,38,111,552,601,1153,self,5.928363808970486,4.019515166587977,0.2,0.49757244769839454,0.6680000000000004,1
92,39,111,552,601,1153,stranger,0.14117296171853821,4.019515166587977,0.2,0.49757244769839454,1.153,0
92,40,111,552,601,1153,stranger,1.265314275035705,4.019515166587977,0.2,0.49757244769839454,1.8449999999999296,1
92,41,111,552,601,1153,stranger,1.4981342422486827,4.019515166587977,0.2,0.49757244769839454,1.5469999999999624,1
92,42,111,552,601,1153,self,7.1684303218811,4.019515166587977,0.2,0.49757244769839454,0.8350000000000004,1
92,43,111,552,601,1153,self,5.865092933015637,4.019515166587977,0.2,0.49757244769839454,0.6590000000000004,1
92,44,111,552,601,1153,self,6.8929865287359675,4.019515166587977,0.2,0.49757244769839454,0.7950000000000004,1
92,45,111,552,601,1153,self,5.978812926928349,4.019515166587977,0.2,0.49757244769839454,0.8070000000000004,1
92,46,111,552,601,1153,stranger,0.6842893941654575,4.019515166587977,0.2,0.49757244769839454,1.153,0
92,47,111,552,601,1153,stranger,-0.15663066429663253,4.019515166587977,0.2,0.49757244769839454,2.1359999999998975,0
92,48,111,552,601,1153,stranger,0.10344910253331574,4.019515166587977,0.2,0.49757244769839454,1.153,0
92,49,111,552,601,1153,self,5.783217650702742,4.019515166587977,0.2,0.49757244769839454,0.7910000000000004,1
92,50,111,552,601,1153,self,6.083607048440299,4.019515166587977,0.2,0.49757244769839454,0.6890000000000004,1
92,51,111,552,601,1153,self,7.858401373789835,4.019515166587977,0.2,0.49757244769839454,0.7010000000000003,1
92,52,111,552,601,1153,stranger,1.5826312383856278,4.019515166587977,0.2,0.49757244769839454,1.4619999999999718,1
92,53,111,552,601,1153,self,5.522042233811333,4.019515166587977,0.2,0.49757244769839454,1.1660000000000008,1
92,54,111,552,601,1153,self,6.42012982938031,4.019515166587977,0.2,0.49757244769839454,0.5650000000000003,1
92,55,111,552,601,1153,self,7.6916098094361605,4.019515166587977,0.2,0.49757244769839454,0.7220000000000004,1
92,56,111,552,601,1153,self,6.37289955737981,4.019515166587977,0.2,0.49757244769839454,0.7760000000000005,1
92,57,111,552,601,1153,stranger,1.0805262628646086,4.019515166587977,0.2,0.49757244769839454,0.41600000000000015,0
92,58,111,552,601,1153,self,6.6542615386861925,4.019515166587977,0.2,0.49757244769839454,0.6120000000000003,1
92,59,111,552,601,1153,stranger,0.2554046473914162,4.019515166587977,0.2,0.49757244769839454,1.8529999999999287,0
92,60,111,552,601,1153,stranger,1.029162900779903,4.019515166587977,0.2,0.49757244769839454,0.5020000000000002,0
93,1,128,349,637,986,stranger,2.1575579717331963,3.215898445435572,0.2,0.6219101858886944,1.5559999999999614,1
93,2,128,349,637,986,self,7.340512514753097,3.215898445435572,0.2,0.6219101858886944,0.4890000000000002,1
93,3,128,349,637,986,stranger,2.0659771016777055,3.215898445435572,0.2,0.6219101858886944,1.2389999999999963,1
93,4,128,349,637,986,self,7.666156906581408,3.215898445435572,0.2,0.6219101858886944,0.4840000000000002,1
93,5,128,349,637,986,stranger,2.759392682306737,3.215898445435572,0.2,0.6219101858886944,0.9680000000000006,1
93,6,128,349,637,986,self,8.118148164333677,3.215898445435572,0.2,0.6219101858886944,0.41600000000000015,1
93,7,128,349,637,986,self,7.15766711055813,3.215898445435572,0.2,0.6219101858886944,0.4770000000000002,1
93,8,128,349,637,986,self,7.6947994775445805,3.215898445435572,0.2,0.6219101858886944,0.6470000000000004,1
93,9,128,349,637,986,stranger,2.8977140885179185,3.215898445435572,0.2,0.6219101858886944,0.8520000000000005,1
93,10,128,349,637,986,self,8.071876737954078,3.215898445435572,0.2,0.6219101858886944,0.43800000000000017,1
93,11,128,349,637,986,self,7.051243422237196,3.215898445435572,0.2,0.6219101858886944,0.6650000000000004,1
93,12,128,349,637,986,stranger,1.41862360820521,3.215898445435572,0.2,0.6219101858886944,0.986,0
93,13,128,349,637,986,self,8.254260741294427,3.215898445435572,0.2,0.6219101858886944,0.4970000000000002,1
93,14,128,349,637,986,stranger,2.3260189429160656,3.215898445435572,0.2,0.6219101858886944,0.6150000000000003,1
93,15,128,349,637,986,self,7.047458641120297,3.215898445435572,0.2,0.6219101858886944,0.5210000000000002,1
93,16,128,349,637,986,self,7.379032833987576,3.215898445435572,0.2,0.6219101858886944,0.5140000000000002,1
93,17,128,349,637,986,self,8.310183663988067,3.215898445435572,0.2,0.6219101858886944,0.5130000000000002,1
93,18,128,349,637,986,self,8.410114716784882,3.215898445435572,0.2,0.6219101858886944,0.6580000000000004,1
93,19,128,349,637,986,stranger,2.4069129325677636,3.215898445435572,0.2,0.6219101858886944,0.986,0
93,20,128,349,637,986,stranger,2.7768757945003357,3.215898445435572,0.2,0.6219101858886944,0.4810000000000002,0
93,21,128,349,637,986,stranger,1.355470975609308,3.215898445435572,0.2,0.6219101858886944,1.9019999999999233,1
93,22,128,349,637,986,self,8.706061038593608,3.215898445435572,0.2,0.6219101858886944,0.5060000000000002,1
93,23,128,349,637,986,self,7.66783113829363,3.215898445435572,0.2,0.6219101858886944,0.4900000000000002,1
93,24,128,349,637,986,self,7.458897857729353,3.215898445435572,0.2,0.6219101858886944,0.4460000000000002,1
93,25,128,349,637,986,stranger,2.7362933528788074,3.215898445435572,0.2,0.6219101858886944,0.8630000000000004,1
93,26,128,349,637,986,stranger,3.3576682520445433,3.215898445435572,0.2,0.6219101858886944,0.9950000000000006,1
93,27,128,349,637,986,stranger,2.8721075376360594,3.215898445435572,0.2,0.6219101858886944,1.0030000000000006,1
93,28,128,349,637,986,stranger,2.4199910007500014,3.215898445435572,0.2,0.6219101858886944,0.9170000000000005,1
93,29,128,349,637,986,self,7.598711677247238,3.215898445435572,0.2,0.6219101858886944,0.5940000000000003,1
93,30,128,349,637,986,stranger,3.0681077958156098,3.215898445435572,0.2,0.6219101858886944,0.9830000000000005,1
93,31,128,349,637,986,self,6.8576189696367065,3.215898445435572,0.2,0.6219101858886944,0.5790000000000003,1
93,32,128,349,637,986,self,8.273234647315839,3.215898445435572,0.2,0.6219101858886944,0.5140000000000002,1
93,33,128,349,637,986,stranger,1.988568568711314,3.215898445435572,0.2,0.6219101858886944,0.7350000000000003,1
93,34,128,349,637,986,stranger,2.319503669637752,3.215898445435572,0.2,0.6219101858886944,0.9710000000000005,1
93,35,128,349,637,986,self,7.536029257251703,3.215898445435572,0.2,0.6219101858886944,0.6730000000000004,1
93,36,128,349,637,986,stranger,2.5577565094243444,3.215898445435572,0.2,0.6219101858886944,0.8510000000000004,1
93,37,128,349,637,986,self,7.725084361988433,3.215898445435572,0.2,0.6219101858886944,0.4490000000000002,1
93,38,128,349,637,986,self,8.89682200453119,3.215898445435572,0.2,0.6219101858886944,0.6310000000000003,1
93,39,128,349,637,986,stranger,2.1751469632099574,3.215898445435572,0.2,0.6219101858886944,0.9460000000000006,1
93,40,128,349,637,986,stranger,2.3258440501848137,3.215898445435572,0.2,0.6219101858886944,0.8600000000000005,1
93,41,128,349,637,986,stranger,2.644354347935316,3.215898445435572,0.2,0.6219101858886944,1.304999999999989,1
93,42,128,349,637,986,stranger,2.2993247827337115,3.215898445435572,0.2,0.6219101858886944,1.1540000000000008,1
93,43,128,349,637,986,stranger,2.4756729739710988,3.215898445435572,0.2,0.6219101858886944,0.9610000000000005,1
93,44,128,349,637,986,self,7.099054760468454,3.215898445435572,0.2,0.6219101858886944,0.6450000000000004,1
93,45,128,349,637,986,stranger,1.9936661457172131,3.215898445435572,0.2,0.6219101858886944,1.287999999999991,1
93,46,128,349,637,986,self,6.997812946377154,3.215898445435572,0.2,0.6219101858886944,0.4990000000000002,1
93,47,128,349,637,986,self,6.983614801616274,3.215898445435572,0.2,0.6219101858886944,0.5780000000000003,1
93,48,128,349,637,986,self,7.900684950971143,3.215898445435572,0.2,0.6219101858886944,0.43100000000000016,1
93,49,128,349,637,986,self,7.879208090730789,3.215898445435572,0.2,0.6219101858886944,0.5970000000000003,1
93,50,128,349,637,986,stranger,2.7590669534542553,3.215898445435572,0.2,0.6219101858886944,0.8710000000000004,1
93,51,128,349,637,986,self,8.084714755174135,3.215898445435572,0.2,0.6219101858886944,0.4550000000000002,1
93,52,128,349,637,986,stranger,1.8778462511623157,3.215898445435572,0.2,0.6219101858886944,0.8720000000000006,1
93,53,128,349,637,986,stranger,2.738809773584671,3.215898445435572,0.2,0.6219101858886944,1.2719999999999927,1
93,54,128,349,637,986,stranger,2.357859839854742,3.215898445435572,0.2,0.6219101858886944,2.1089999999999005,1
93,55,128,349,637,986,self,7.665570864562997,3.215898445435572,0.2,0.6219101858886944,0.5340000000000003,1
93,56,128,349,637,986,self,7.091855408247128,3.215898445435572,0.2,0.6219101858886944,0.6250000000000003,1
93,57,128,349,637,986,self,7.149628630011652,3.215898445435572,0.2,0.6219101858886944,0.8120000000000005,1
93,58,128,349,637,986,stranger,1.8455784643210396,3.215898445435572,0.2,0.6219101858886944,1.8729999999999265,1
93,59,128,349,637,986,stranger,2.647024847866195,3.215898445435572,0.2,0.6219101858886944,1.360999999999983,1
93,60,128,349,637,986,stranger,2.737164015972433,3.215898445435572,0.2,0.6219101858886944,1.2069999999999999,1
94,1,96,218,273,491,stranger,-0.08249401848994986,1.527504898797245,0.2,1.3093247698091162,1.29699999999999,1
94,2,96,218,273,491,self,5.1113756728473945,1.527504898797245,0.2,1.3093247698091162,0.21700000000000003,1
94,3,96,218,273,491,stranger,0.2685445142495406,1.527504898797245,0.2,1.3093247698091162,0.23500000000000004,1
94,4,96,218,273,491,stranger,0.6902585425988508,1.527504898797245,0.2,1.3093247698091162,1.2219999999999982,1
94,5,96,218,273,491,self,4.935156531000104,1.527504898797245,0.2,1.3093247698091162,0.2850000000000001,1
94,6,96,218,273,491,stranger,0.256503687164928,1.527504898797245,0.2,1.3093247698091162,0.24800000000000005,1
94,7,96,218,273,491,stranger,-0.4041594296631221,1.527504898797245,0.2,1.3093247698091162,1.6099999999999555,0
94,8,96,218,273,491,stranger,0.8466859009156122,1.527504898797245,0.2,1.3093247698091162,0.23600000000000004,1
94,9,96,218,273,491,self,4.602753559829675,1.527504898797245,0.2,1.3093247698091162,0.23400000000000004,1
94,10,96,218,273,491,self,5.17726028482988,1.527504898797245,0.2,1.3093247698091162,0.20500000000000002,1
94,11,96,218,273,491,stranger,0.24868011172428872,1.527504898797245,0.2,1.3093247698091162,0.21200000000000002,1
94,12,96,218,273,491,self,4.284944227595692,1.527504898797245,0.2,1.3093247698091162,0.23000000000000004,1
94,13,96,218,273,491,stranger,0.21270121908366302,1.527504898797245,0.2,1.3093247698091162,0.24800000000000005,1
94,14,96,218,273,491,stranger,-0.32758303971007097,1.527504898797245,0.2,1.3093247698091162,0.21900000000000003,1
94,15,96,218,273,491,self,4.818392106837418,1.527504898797245,0.2,1.3093247698091162,0.26700000000000007,1
94,16,96,218,273,491,self,5.863564155733964,1.527504898797245,0.2,1.3093247698091162,0.22100000000000003,1
94,17,96,218,273,491,stranger,-0.8479398583248612,1.527504898797245,0.2,1.3093247698091162,1.0710000000000006,0
94,18,96,218,273,491,self,3.951724483878353,1.527504898797245,0.2,1.3093247698091162,0.23500000000000004,1
94,19,96,218,273,491,stranger,-0.2098333814822705,1.527504898797245,0.2,1.3093247698091162,0.2720000000000001,1
94,20,96,218,273,491,self,4.597963847885263,1.527504898797245,0.2,1.3093247698091162,0.22300000000000003,1
94,21,96,218,273,491,self,4.672719172254414,1.527504898797245,0.2,1.3093247698091162,0.21800000000000003,1
94,22,96,218,273,491,stranger,0.6085097005820497,1.527504898797245,0.2,1.3093247698091162,0.21200000000000002,1
94,23,96,218,273,491,stranger,-0.17188234658855706,1.527504898797245,0.2,1.3093247698091162,0.26800000000000007,1
94,24,96,218,273,491,self,4.344476611571035,1.527504898797245,0.2,1.3093247698091162,0.2980000000000001,1
94,25,96,218,273,491,self,5.514612000001679,1.527504898797245,0.2,1.3093247698091162,0.22200000000000003,1
94,26,96,218,273,491,stranger,-0.3757778926457822,1.527504898797245,0.2,1.3093247698091162,0.491,0
94,27,96,218,273,491,self,5.377886280068775,1.527504898797245,0.2,1.3093247698091162,0.22300000000000003,1
94,28,96,218,273,491,stranger,0.5185857972467303,1.527504898797245,0.2,1.3093247698091162,0.21500000000000002,1
94,29,96,218,273,491,stranger,1.0258698320603754,1.527504898797245,0.2,1.3093247698091162,0.7130000000000003,1
94,30,96,218,273,491,self,4.536545478709159,1.527504898797245,0.2,1.3093247698091162,0.23200000000000004,1
94,31,96,218,273,491,stranger,0.1406651228481226,1.527504898797245,0.2,1.3093247698091162,0.26300000000000007,1
94,32,96,218,273,491,stranger,1.202047980672817,1.527504898797245,0.2,1.3093247698091162,0.2780000000000001,1
94,33,96,218,273,491,stranger,-0.4588712654893766,1.527504898797245,0.2,1.3093247698091162,1.5179999999999656,0
94,34,96,218,273,491,self,5.103439147755645,1.527504898797245,0.2,1.3093247698091162,0.24900000000000005,1
94,35,96,218,273,491,stranger,0.7347396117232801,1.527504898797245,0.2,1.3093247698091162,0.24700000000000005,1
94,36,96,218,273,491,self,4.630264157576051,1.527504898797245,0.2,1.3093247698091162,0.22600000000000003,1
94,37,96,218,273,491,self,4.78372071698215,1.527504898797245,0.2,1.3093247698091162,0.22000000000000003,1
94,38,96,218,273,491,stranger,0.3332821783478219,1.527504898797245,0.2,1.3093247698091162,0.5190000000000002,1
94,39,96,218,273,491,self,4.4232791497759525,1.527504898797245,0.2,1.3093247698091162,0.20900000000000002,1
94,40,96,218,273,491,self,4.731990169077281,1.527504898797245,0.2,1.3093247698091162,0.21900000000000003,1
94,41,96,218,273,491,self,4.551457039897418,1.527504898797245,0.2,1.3093247698091162,0.24400000000000005,1
94,42,96,218,273,491,self,4.969881477185658,1.527504898797245,0.2,1.3093247698091162,0.22300000000000003,1
94,43,96,218,273,491,stranger,0.15302469508993766,1.527504898797245,0.2,1.3093247698091162,0.3630000000000001,1
94,44,96,218,273,491,self,3.9544772947035316,1.527504898797245,0.2,1.3093247698091162,0.33000000000000007,1
94,45,96,218,273,491,self,4.544309136592954,1.527504898797245,0.2,1.3093247698091162,0.24100000000000005,1
94,46,96,218,273,491,stranger,1.1007297252894075,1.527504898797245,0.2,1.3093247698091162,1.1070000000000007,1
94,47,96,218,273,491,self,4.369551244450974,1.527504898797245,0.2,1.3093247698091162,0.3360000000000001,1
94,48,96,218,273,491,stranger,-0.16276252363260835,1.527504898797245,0.2,1.3093247698091162,0.41000000000000014,1
94,49,96,218,273,491,self,4.220258730616517,1.527504898797245,0.2,1.3093247698091162,0.25400000000000006,1
94,50,96,218,273,491,self,4.468648346111994,1.527504898797245,0.2,1.3093247698091162,0.21000000000000002,1
94,51,96,218,273,491,self,4.4293812395601275,1.527504898797245,0.2,1.3093247698091162,0.2910000000000001,1
94,52,96,218,273,491,self,4.257820893120527,1.527504898797245,0.2,1.3093247698091162,0.25700000000000006,1
94,53,96,218,273,491,stranger,1.0464557823920786,1.527504898797245,0.2,1.3093247698091162,0.4730000000000002,1
94,54,96,218,273,491,stranger,0.6169955229678892,1.527504898797245,0.2,1.3093247698091162,1.1460000000000008,1
94,55,96,218,273,491,self,4.6292364492215015,1.527504898797245,0.2,1.3093247698091162,0.20900000000000002,1
94,56,96,218,273,491,self,5.323232685910972,1.527504898797245,0.2,1.3093247698091162,0.23300000000000004,1
94,57,96,218,273,491,stranger,0.38267483317872286,1.527504898797245,0.2,1.3093247698091162,0.7430000000000003,1
94,58,96,218,273,491,stranger,0.28396094549748474,1.527504898797245,0.2,1.3093247698091162,0.491,0
94,59,96,218,273,491,stranger,0.5747071989545252,1.527504898797245,0.2,1.3093247698091162,0.2950000000000001,1
94,60,96,218,273,491,stranger,0.6673233309658717,1.527504898797245,0.2,1.3093247698091162,0.2900000000000001,1
95,1,131,23,1218,1241,self,2.4334887901060154,3.5612194650304976,0.2,0.5616053769331154,0.8360000000000005,1
95,2,131,23,1218,1241,stranger,0.6288045635009554,3.5612194650304976,0.2,0.5616053769331154,1.241,0
95,3,131,23,1218,1241,stranger,1.271691343445132,3.5612194650304976,0.2,0.5616053769331154,1.241,0
95,4,131,23,1218,1241,stranger,1.047462790883981,3.5612194650304976,0.2,0.5616053769331154,1.241,0
95,5,131,23,1218,1241,stranger,-0.0030559982839936106,3.5612194650304976,0.2,0.5616053769331154,0.4470000000000002,0
95,6,131,23,1218,1241,self,2.701686590860853,3.5612194650304976,0.2,0.5616053769331154,1.213999999999999,1
95,7,131,23,1218,1241,stranger,0.2532614350005323,3.5612194650304976,0.2,0.5616053769331154,0.6930000000000004,0
95,8,131,23,1218,1241,stranger,0.21036766690145997,3.5612194650304976,0.2,0.5616053769331154,0.4660000000000002,0
95,9,131,23,1218,1241,stranger,0.9829883759547491,3.5612194650304976,0.2,0.5616053769331154,2.166999999999894,1
95,10,131,23,1218,1241,stranger,0.39955664613349295,3.5612194650304976,0.2,0.5616053769331154,1.958999999999917,1
95,11,131,23,1218,1241,stranger,0.379694435348916,3.5612194650304976,0.2,0.5616053769331154,1.9739999999999154,1
95,12,131,23,1218,1241,self,2.5560514651304187,3.5612194650304976,0.2,0.5616053769331154,1.0730000000000006,1
95,13,131,23,1218,1241,self,2.6657460295611317,3.5612194650304976,0.2,0.5616053769331154,1.3189999999999875,1
95,14,131,23,1218,1241,stranger,1.338963778429089,3.5612194650304976,0.2,0.5616053769331154,0.5250000000000002,0
95,15,131,23,1218,1241,self,2.932637063397611,3.5612194650304976,0.2,0.5616053769331154,1.6039999999999561,1
95,16,131,23,1218,1241,self,1.4899208536011659,3.5612194650304976,0.2,0.5616053769331154,1.4849999999999692,1
95,17,131,23,1218,1241,self,2.0952050916419047,3.5612194650304976,0.2,0.5616053769331154,1.241,0
95,18,131,23,1218,1241,stranger,0.28672776967925934,3.5612194650304976,0.2,0.5616053769331154,0.7410000000000003,0
95,19,131,23,1218,1241,self,2.4314374109138406,3.5612194650304976,0.2,0.5616053769331154,0.9470000000000005,1
95,20,131,23,1218,1241,self,1.8082001256435238,3.5612194650304976,0.2,0.5616053769331154,1.3019999999999894,1
95,21,131,23,1218,1241,self,2.271577037649433,3.5612194650304976,0.2,0.5616053769331154,1.8459999999999295,1
95,22,131,23,1218,1241,self,2.6388510382383465,3.5612194650304976,0.2,0.5616053769331154,1.3169999999999877,1
95,23,131,23,1218,1241,stranger,0.7251894327345836,3.5612194650304976,0.2,0.5616053769331154,2.1129999999999,1
95,24,131,23,1218,1241,self,2.080545343954527,3.5612194650304976,0.2,0.5616053769331154,1.6399999999999522,1
95,25,131,23,1218,1241,self,2.6314084533170594,3.5612194650304976,0.2,0.5616053769331154,1.241,0
95,26,131,23,1218,1241,self,2.722491782427504,3.5612194650304976,0.2,0.5616053769331154,0.9580000000000006,1
95,27,131,23,1218,1241,stranger,1.3850197626461558,3.5612194650304976,0.2,0.5616053769331154,1.241,0
95,28,131,23,1218,1241,self,2.6491635413967325,3.5612194650304976,0.2,0.5616053769331154,1.0790000000000006,1
95,29,131,23,1218,1241,stranger,-0.14290592361379428,3.5612194650304976,0.2,0.5616053769331154,1.5199999999999654,0
95,30,131,23,1218,1241,self,2.7913260541967286,3.5612194650304976,0.2,0.5616053769331154,1.895999999999924,1
95,31,131,23,1218,1241,stranger,1.0892886284588497,3.5612194650304976,0.2,0.5616053769331154,1.550999999999962,1
95,32,131,23,1218,1241,self,2.0574921233023686,3.5612194650304976,0.2,0.5616053769331154,1.241,0
95,33,131,23,1218,1241,stranger,0.2316165540117584,3.5612194650304976,0.2,0.5616053769331154,0.4660000000000002,0
95,34,131,23,1218,1241,self,2.438385581146247,3.5612194650304976,0.2,0.5616053769331154,1.1270000000000007,1
95,35,131,23,1218,1241,stranger,0.04123728302905427,3.5612194650304976,0.2,0.5616053769331154,0.26300000000000007,0
95,36,131,23,1218,1241,stranger,1.0592590887644335,3.5612194650304976,0.2,0.5616053769331154,1.241,0
95,37,131,23,1218,1241,self,2.6045706191166333,3.5612194650304976,0.2,0.5616053769331154,1.0120000000000007,1
95,38,131,23,1218,1241,self,1.8906405502194905,3.5612194650304976,0.2,0.5616053769331154,2.032999999999909,1
95,39,131,23,1218,1241,stranger,-0.2802024672110759,3.5612194650304976,0.2,0.5616053769331154,0.2760000000000001,0
95,40,131,23,1218,1241,self,2.11490092507626,3.5612194650304976,0.2,0.5616053769331154,1.0580000000000007,1
95,41,131,23,1218,1241,stranger,-0.44133328500039903,3.5612194650304976,0.2,0.5616053769331154,1.241,0
95,42,131,23,1218,1241,stranger,0.3331371911410471,3.5612194650304976,0.2,0.5616053769331154,0.3810000000000001,0
95,43,131,23,1218,1241,stranger,0.9531191080593637,3.5612194650304976,0.2,0.5616053769331154,1.241,0
95,44,131,23,1218,1241,self,2.260676682239101,3.5612194650304976,0.2,0.5616053769331154,1.9259999999999207,1
95,45,131,23,1218,1241,stranger,0.24274541289710067,3.5612194650304976,0.2,0.5616053769331154,1.7129999999999441,1
95,46,131,23,1218,1241,self,2.038372615989287,3.5612194650304976,0.2,0.5616053769331154,0.3620000000000001,0
95,47,131,23,1218,1241,self,2.161872900676289,3.5612194650304976,0.2,0.5616053769331154,1.5829999999999584,1
95,48,131,23,1218,1241,stranger,0.07768309962436537,3.5612194650304976,0.2,0.5616053769331154,1.241,0
95,49,131,23,1218,1241,self,1.4892661535138936,3.5612194650304976,0.2,0.5616053769331154,1.7469999999999404,1
95,50,131,23,1218,1241,stranger,1.1616282553608,3.5612194650304976,0.2,0.5616053769331154,1.241,0
95,51,131,23,1218,1241,self,2.4495410135710864,3.5612194650304976,0.2,0.5616053769331154,1.359999999999983,1
95,52,131,23,1218,1241,self,2.379037777970108,3.5612194650304976,0.2,0.5616053769331154,0.9110000000000005,1
95,53,131,23,1218,1241,self,2.5941972711773853,3.5612194650304976,0.2,0.5616053769331154,1.6899999999999467,1
95,54,131,23,1218,1241,self,2.2441182702784626,3.5612194650304976,0.2,0.5616053769331154,1.6929999999999463,1
95,55,131,23,1218,1241,stranger,0.7964488950076863,3.5612194650304976,0.2,0.5616053769331154,1.241,0
95,56,131,23,1218,1241,stranger,1.3214993580632508,3.5612194650304976,0.2,0.5616053769331154,1.613999999999955,1
95,57,131,23,1218,1241,stranger,-0.00283616878690518,3.5612194650304976,0.2,0.5616053769331154,0.25900000000000006,0
95,58,131,23,1218,1241,stranger,-0.2042594990411406,3.5612194650304976,0.2,0.5616053769331154,2.0629999999999056,0
95,59,131,23,1218,1241,stranger,0.5309124551966813,3.5612194650304976,0.2,0.5616053769331154,1.241,0
95,60,131,23,1218,1241,self,2.686400974749688,3.5612194650304976,0.2,0.5616053769331154,1.0390000000000006,1
96,1,42,343,865,1208,self,5.982497622943997,3.4230895761659745,0.2,0.5842675032302533,0.6500000000000004,1
96,2,42,343,865,1208,stranger,1.080443937062961,3.4230895761659745,0.2,0.5842675032302533,1.208,0
96,3,42,343,865,1208,stranger,0.8386049554932458,3.4230895761659745,0.2,0.5842675032302533,1.6849999999999472,1
96,4,42,343,865,1208,self,6.195957768802947,3.4230895761659745,0.2,0.5842675032302533,0.5940000000000003,1
96,5,42,343,865,1208,self,5.612318719600922,3.4230895761659745,0.2,0.5842675032302533,0.8150000000000004,1
96,6,42,343,865,1208,stranger,1.0728331363219412,3.4230895761659745,0.2,0.5842675032302533,1.8449999999999296,1
96,7,42,343,865,1208,stranger,1.483945601593507,3.4230895761659745,0.2,0.5842675032302533,0.5030000000000002,0
96,8,42,343,865,1208,stranger,2.6516835250268462,3.4230895761659745,0.2,0.5842675032302533,0.8910000000000005,1
96,9,42,343,865,1208,stranger,0.6526551626158181,3.4230895761659745,0.2,0.5842675032302533,0.3470000000000001,0
96,10,42,343,865,1208,stranger,2.0057882788600443,3.4230895761659745,0.2,0.5842675032302533,1.2729999999999926,1
96,11,42,343,865,1208,self,7.135601312037597,3.4230895761659745,0.2,0.5842675032302533,0.5850000000000003,1
96,12,42,343,865,1208,self,6.179623235345722,3.4230895761659745,0.2,0.5842675032302533,0.4850000000000002,1
96,13,42,343,865,1208,stranger,1.8368530268039807,3.4230895761659745,0.2,0.5842675032302533,1.3439999999999848,1
96,14,42,343,865,1208,self,6.3084936624725865,3.4230895761659745,0.2,0.5842675032302533,0.6600000000000004,1
96,15,42,343,865,1208,self,6.7716507084803705,3.4230895761659745,0.2,0.5842675032302533,0.6300000000000003,1
96,16,42,343,865,1208,self,6.854344420398694,3.4230895761659745,0.2,0.5842675032302533,0.5430000000000003,1
96,17,42,343,865,1208,self,6.2747678207092354,3.4230895761659745,0.2,0.5842675032302533,0.7050000000000003,1
96,18,42,343,865,1208,stranger,0.49087663080846,3.4230895761659745,0.2,0.5842675032302533,1.1390000000000007,0
96,19,42,343,865,1208,stranger,0.7850459173496409,3.4230895761659745,0.2,0.5842675032302533,1.208,0
96,20,42,343,865,1208,self,6.329477432912203,3.4230895761659745,0.2,0.5842675032302533,0.5310000000000002,1
96,21,42,343,865,1208,stranger,1.303909063237748,3.4230895761659745,0.2,0.5842675032302533,1.208,0
96,22,42,343,865,1208,stranger,0.7421319043366894,3.4230895761659745,0.2,0.5842675032302533,1.208,0
96,23,42,343,865,1208,stranger,0.9590300576984632,3.4230895761659745,0.2,0.5842675032302533,1.208,0
96,24,42,343,865,1208,self,6.822180819369188,3.4230895761659745,0.2,0.5842675032302533,0.5760000000000003,1
96,25,42,343,865,1208,stranger,2.2489992785298956,3.4230895761659745,0.2,0.5842675032302533,0.5550000000000003,0
96,26,42,343,865,1208,stranger,0.5841419097940137,3.4230895761659745,0.2,0.5842675032302533,0.3840000000000001,0
96,27,42,343,865,1208,self,6.1998321799176335,3.4230895761659745,0.2,0.5842675032302533,0.8100000000000005,1
96,28,42,343,865,1208,self,6.450906191640165,3.4230895761659745,0.2,0.5842675032302533,0.7140000000000004,1
96,29,42,343,865,1208,stranger,1.9054853336497228,3.4230895761659745,0.2,0.5842675032302533,1.7209999999999432,1
96,30,42,343,865,1208,stranger,1.7092104513716413,3.4230895761659745,0.2,0.5842675032302533,1.208,0
96,31,42,343,865,1208,self,6.440995255131931,3.4230895761659745,0.2,0.5842675032302533,0.5340000000000003,1
96,32,42,343,865,1208,self,6.433550423689331,3.4230895761659745,0.2,0.5842675032302533,1.0010000000000006,1
96,33,42,343,865,1208,self,6.717527255672238,3.4230895761659745,0.2,0.5842675032302533,0.5530000000000003,1
96,34,42,343,865,1208,stranger,1.1368305621235286,3.4230895761659745,0.2,0.5842675032302533,1.4549999999999725,1
96,35,42,343,865,1208,self,6.665694158517599,3.4230895761659745,0.2,0.5842675032302533,0.6040000000000003,1
96,36,42,343,865,1208,self,6.132950356979529,3.4230895761659745,0.2,0.5842675032302533,0.7230000000000003,1
96,37,42,343,865,1208,stranger,1.8269089576840207,3.4230895761659745,0.2,0.5842675032302533,1.3909999999999796,1
96,38,42,343,865,1208,stranger,1.3357028533132358,3.4230895761659745,0.2,0.5842675032302533,1.3159999999999878,1
96,39,42,343,865,1208,self,5.801977751530611,3.4230895761659745,0.2,0.5842675032302533,0.6030000000000003,1
96,40,42,343,865,1208,stranger,0.16095220276227118,3.4230895761659745,0.2,0.5842675032302533,1.208,0
96,41,42,343,865,1208,self,5.6432331995534035,3.4230895761659745,0.2,0.5842675032302533,0.6970000000000004,1
96,42,42,343,865,1208,stranger,2.040095425969941,3.4230895761659745,0.2,0.5842675032302533,1.208,0
96,43,42,343,865,1208,stranger,0.8020593652116883,3.4230895761659745,0.2,0.5842675032302533,1.208,0
96,44,42,343,865,1208,self,6.820212015572618,3.4230895761659745,0.2,0.5842675032302533,0.5840000000000003,1
96,45,42,343,865,1208,self,6.312250553843956,3.4230895761659745,0.2,0.5842675032302533,0.5990000000000003,1
96,46,42,343,865,1208,stranger,1.6374089482399616,3.4230895761659745,0.2,0.5842675032302533,1.1160000000000008,0
96,47,42,343,865,1208,stranger,0.8925032037576648,3.4230895761659745,0.2,0.5842675032302533,0.3690000000000001,0
96,48,42,343,865,1208,self,4.842141111300517,3.4230895761659745,0.2,0.5842675032302533,0.6520000000000004,1
96,49,42,343,865,1208,self,6.9060622073772695,3.4230895761659745,0.2,0.5842675032302533,0.6460000000000004,1
96,50,42,343,865,1208,stranger,1.5185964970270975,3.4230895761659745,0.2,0.5842675032302533,0.9550000000000005,1
96,51,42,343,865,1208,self,5.685291855638079,3.4230895761659745,0.2,0.5842675032302533,0.5830000000000003,1
96,52,42,343,865,1208,stranger,1.6224806183564462,3.4230895761659745,0.2,0.5842675032302533,0.24200000000000005,0
96,53,42,343,865,1208,self,6.157370335745294,3.4230895761659745,0.2,0.5842675032302533,0.8320000000000005,1
96,54,42,343,865,1208,self,5.885814147875529,3.4230895761659745,0.2,0.5842675032302533,0.7720000000000005,1
96,55,42,343,865,1208,stranger,0.8187796470078113,3.4230895761659745,0.2,0.5842675032302533,1.6309999999999532,0
96,56,42,343,865,1208,stranger,1.2662345922657199,3.4230895761659745,0.2,0.5842675032302533,1.8999999999999235,1
96,57,42,343,865,1208,stranger,1.3949191175869176,3.4230895761659745,0.2,0.5842675032302533,1.0030000000000006,1
96,58,42,343,865,1208,self,6.4657714221496425,3.4230895761659745,0.2,0.5842675032302533,0.7400000000000004,1
96,59,42,343,865,1208,self,6.6463504344436,3.4230895761659745,0.2,0.5842675032302533,0.4940000000000002,1
96,60,42,343,865,1208,self,6.884729074571184,3.4230895761659745,0.2,0.5842675032302533,0.6320000000000003,1
97,1,18,569,283,852,self,5.081552068809736,3.530988681678264,0.2,0.5664135969559122,0.9340000000000006,1
97,2,18,569,283,852,stranger,0.485866373044345,3.530988681678264,0.2,0.5664135969559122,0.32900000000000007,0
97,3,18,569,283,852,self,4.907421189974178,3.530988681678264,0.2,0.5664135969559122,0.8100000000000005,1
97,4,18,569,283,852,self,5.057721544089441,3.530988681678264,0.2,0.5664135969559122,0.7800000000000005,1
97,5,18,569,283,852,stranger,2.105000185183968,3.530988681678264,0.2,0.5664135969559122,0.9370000000000005,1
97,6,18,569,283,852,stranger,1.7474937420275922,3.530988681678264,0.2,0.5664135969559122,0.852,0
97,7,18,569,283,852,stranger,1.3187358645992215,3.530988681678264,0.2,0.5664135969559122,0.852,0
97,8,18,569,283,852,self,6.03701769596143,3.530988681678264,0.2,0.5664135969559122,0.8240000000000005,1
97,9,18,569,283,852,self,4.895712651432773,3.530988681678264,0.2,0.5664135969559122,0.8620000000000005,1
97,10,18,569,283,852,self,4.749055343371179,3.530988681678264,0.2,0.5664135969559122,1.2449999999999957,1
97,11,18,569,283,852,stranger,0.9285643479841938,3.530988681678264,0.2,0.5664135969559122,1.1050000000000006,1
97,12,18,569,283,852,stranger,1.0645783459997398,3.530988681678264,0.2,0.5664135969559122,0.852,0
97,13,18,569,283,852,stranger,1.8344336608416643,3.530988681678264,0.2,0.5664135969559122,1.4259999999999757,1
97,14,18,569,283,852,self,5.892740787201869,3.530988681678264,0.2,0.5664135969559122,0.5470000000000003,1
97,15,18,569,283,852,stranger,0.6395316832032912,3.530988681678264,0.2,0.5664135969559122,0.4560000000000002,0
97,16,18,569,283,852,self,5.132527466113102,3.530988681678264,0.2,0.5664135969559122,0.6500000000000004,1
97,17,18,569,283,852,stranger,1.0268941009680683,3.530988681678264,0.2,0.5664135969559122,0.4510000000000002,0
97,18,18,569,283,852,stranger,1.2014287594428261,3.530988681678264,0.2,0.5664135969559122,0.852,0
97,19,18,569,283,852,self,5.317472487104005,3.530988681678264,0.2,0.5664135969559122,0.6470000000000004,1
97,20,18,569,283,852,self,5.441174134916427,3.530988681678264,0.2,0.5664135969559122,0.7710000000000004,1
97,21,18,569,283,852,stranger,0.5236812457351309,3.530988681678264,0.2,0.5664135969559122,0.852,0
97,22,18,569,283,852,self,5.351353196637326,3.530988681678264,0.2,0.5664135969559122,0.7890000000000004,1
97,23,18,569,283,852,stranger,1.2759345456624505,3.530988681678264,0.2,0.5664135969559122,0.852,0
97,24,18,569,283,852,stranger,1.700319306831079,3.530988681678264,0.2,0.5664135969559122,1.9619999999999167,1
97,25,18,569,283,852,stranger,0.6246187944886442,3.530988681678264,0.2,0.5664135969559122,0.852,0
97,26,18,569,283,852,self,5.144913942324512,3.530988681678264,0.2,0.5664135969559122,0.6230000000000003,1
97,27,18,569,283,852,stranger,1.789029517828514,3.530988681678264,0.2,0.5664135969559122,1.0790000000000006,1
97,28,18,569,283,852,stranger,0.7948152948482078,3.530988681678264,0.2,0.5664135969559122,0.5440000000000003,0
97,29,18,569,283,852,stranger,-0.007109152216279835,3.530988681678264,0.2,0.5664135969559122,0.852,0
97,30,18,569,283,852,stranger,1.7553724752519506,3.530988681678264,0.2,0.5664135969559122,1.9249999999999208,1
97,31,18,569,283,852,self,4.681880733070255,3.530988681678264,0.2,0.5664135969559122,0.9740000000000006,1
97,32,18,569,283,852,self,4.940229453864997,3.530988681678264,0.2,0.5664135969559122,0.9480000000000006,1
97,33,18,569,283,852,stranger,1.579673999782943,3.530988681678264,0.2,0.5664135969559122,1.7199999999999434,1
97,34,18,569,283,852,self,5.290377682768748,3.530988681678264,0.2,0.5664135969559122,0.9310000000000005,1
97,35,18,569,283,852,self,5.771106989390389,3.530988681678264,0.2,0.5664135969559122,0.6770000000000004,1
97,36,18,569,283,852,stranger,2.035587940513926,3.530988681678264,0.2,0.5664135969559122,1.677999999999948,1
97,37,18,569,283,852,stranger,1.0976820434996968,3.530988681678264,0.2,0.5664135969559122,0.5860000000000003,0
97,38,18,569,283,852,stranger,1.9483205403740127,3.530988681678264,0.2,0.5664135969559122,0.7770000000000004,0
97,39,18,569,283,852,self,5.762785537513183,3.530988681678264,0.2,0.5664135969559122,0.8080000000000005,1
97,40,18,569,283,852,self,5.334801371528845,3.530988681678264,0.2,0.5664135969559122,0.7370000000000003,1
97,41,18,569,283,852,self,5.451726504970717,3.530988681678264,0.2,0.5664135969559122,0.7370000000000003,1
97,42,18,569,283,852,self,5.270952421455502,3.530988681678264,0.2,0.5664135969559122,0.8560000000000005,1
97,43,18,569,283,852,self,4.625098176017029,3.530988681678264,0.2,0.5664135969559122,0.8270000000000004,1
97,44,18,569,283,852,self,4.256028395232365,3.530988681678264,0.2,0.5664135969559122,0.8750000000000004,1
97,45,18,569,283,852,stranger,0.8576415226022782,3.530988681678264,0.2,0.5664135969559122,0.852,0
97,46,18,569,283,852,stranger,1.527853621040174,3.530988681678264,0.2,0.5664135969559122,1.6479999999999513,1
97,47,18,569,283,852,self,5.414886368032393,3.530988681678264,0.2,0.5664135969559122,0.6260000000000003,1
97,48,18,569,283,852,stranger,1.674558004849006,3.530988681678264,0.2,0.5664135969559122,1.6789999999999479,1
97,49,18,569,283,852,self,5.439687472303644,3.530988681678264,0.2,0.5664135969559122,0.8060000000000005,1
97,50,18,569,283,852,stranger,1.6432421836873012,3.530988681678264,0.2,0.5664135969559122,0.852,0
97,51,18,569,283,852,self,4.102622924543796,3.530988681678264,0.2,0.5664135969559122,0.8240000000000005,1
97,52,18,569,283,852,self,4.89538200111879,3.530988681678264,0.2,0.5664135969559122,0.6590000000000004,1
97,53,18,569,283,852,self,5.582230186046238,3.530988681678264,0.2,0.5664135969559122,0.7230000000000003,1
97,54,18,569,283,852,self,4.965636712531189,3.530988681678264,0.2,0.5664135969559122,0.8920000000000006,1
97,55,18,569,283,852,self,4.945824697226263,3.530988681678264,0.2,0.5664135969559122,0.7050000000000003,1
97,56,18,569,283,852,stranger,1.3664687681322134,3.530988681678264,0.2,0.5664135969559122,1.1400000000000008,1
97,57,18,569,283,852,stranger,1.3062519031417534,3.530988681678264,0.2,0.5664135969559122,0.852,0
97,58,18,569,283,852,stranger,1.721327684808975,3.530988681678264,0.2,0.5664135969559122,1.358999999999983,1
97,59,18,569,283,852,stranger,2.3917365740268997,3.530988681678264,0.2,0.5664135969559122,1.3659999999999823,1
97,60,18,569,283,852,self,5.319857365126219,3.530988681678264,0.2,0.5664135969559122,0.7940000000000005,1
98,1,124,401,506,907,self,7.345651941568698,3.3876700995642457,0.2,0.5903762589684453,0.5260000000000002,1
98,2,124,401,506,907,stranger,0.46612873062282734,3.3876700995642457,0.2,0.5903762589684453,0.907,0
98,3,124,401,506,907,stranger,1.9869063111297054,3.3876700995642457,0.2,0.5903762589684453,1.3819999999999806,1
98,4,124,401,506,907,self,7.288822951950739,3.3876700995642457,0.2,0.5903762589684453,0.5500000000000003,1
98,5,124,401,506,907,stranger,1.7335801660312284,3.3876700995642457,0.2,0.5903762589684453,1.2749999999999924,1
98,6,124,401,506,907,self,7.279513208749145,3.3876700995642457,0.2,0.5903762589684453,1.0250000000000006,1
98,7,124,401,506,907,stranger,1.9767893517721788,3.3876700995642457,0.2,0.5903762589684453,1.2349999999999968,1
98,8,124,401,506,907,self,8.047953911186184,3.3876700995642457,0.2,0.5903762589684453,0.5990000000000003,1
98,9,124,401,506,907,stranger,2.6419021911823863,3.3876700995642457,0.2,0.5903762589684453,0.7740000000000005,1
98,10,124,401,506,907,stranger,1.6012013513377734,3.3876700995642457,0.2,0.5903762589684453,1.4359999999999746,1
98,11,124,401,506,907,stranger,1.4225772710791997,3.3876700995642457,0.2,0.5903762589684453,1.6719999999999486,1
98,12,124,401,506,907,stranger,1.8039304365911457,3.3876700995642457,0.2,0.5903762589684453,1.686999999999947,1
98,13,124,401,506,907,self,7.6821958254939435,3.3876700995642457,0.2,0.5903762589684453,0.5920000000000003,1
98,14,124,401,506,907,self,7.068562227794885,3.3876700995642457,0.2,0.5903762589684453,0.7190000000000003,1
98,15,124,401,506,907,self,7.8409580400360115,3.3876700995642457,0.2,0.5903762589684453,0.4550000000000002,1
98,16,124,401,506,907,stranger,2.8788588802646284,3.3876700995642457,0.2,0.5903762589684453,1.0360000000000007,1
98,17,124,401,506,907,stranger,0.9718737731263847,3.3876700995642457,0.2,0.5903762589684453,0.907,0
98,18,124,401,506,907,stranger,1.5009476177882757,3.3876700995642457,0.2,0.5903762589684453,1.1700000000000008,1
98,19,124,401,506,907,self,5.782715187160286,3.3876700995642457,0.2,0.5903762589684453,0.6890000000000004,1
98,20,124,401,506,907,self,6.708937292209333,3.3876700995642457,0.2,0.5903762589684453,0.6350000000000003,1
98,21,124,401,506,907,self,7.246972309672514,3.3876700995642457,0.2,0.5903762589684453,0.5890000000000003,1
98,22,124,401,506,907,stranger,2.3183030097909096,3.3876700995642457,0.2,0.5903762589684453,0.9130000000000005,1
98,23,124,401,506,907,stranger,1.9184342321242793,3.3876700995642457,0.2,0.5903762589684453,1.641999999999952,1
98,24,124,401,506,907,stranger,1.1586866613957805,3.3876700995642457,0.2,0.5903762589684453,1.7379999999999414,1
98,25,124,401,506,907,self,7.2419683041599665,3.3876700995642457,0.2,0.5903762589684453,0.4630000000000002,1
98,26,124,401,506,907,self,7.275141317264647,3.3876700995642457,0.2,0.5903762589684453,0.6580000000000004,1
98,27,124,401,506,907,stranger,1.748594258100721,3.3876700995642457,0.2,0.5903762589684453,1.5989999999999567,1
98,28,124,401,506,907,stranger,2.5108730978376492,3.3876700995642457,0.2,0.5903762589684453,1.1020000000000008,1
98,29,124,401,506,907,stranger,2.104651763435988,3.3876700995642457,0.2,0.5903762589684453,1.467999999999971,1
98,30,124,401,506,907,self,7.758107633488993,3.3876700995642457,0.2,0.5903762589684453,0.5950000000000003,1
98,31,124,401,506,907,self,6.922207292157764,3.3876700995642457,0.2,0.5903762589684453,0.6840000000000004,1
98,32,124,401,506,907,self,7.283994752141113,3.3876700995642457,0.2,0.5903762589684453,0.6390000000000003,1
98,33,124,401,506,907,stranger,1.126782728895978,3.3876700995642457,0.2,0.5903762589684453,0.907,0
98,34,124,401,506,907,self,7.395179575259007,3.3876700995642457,0.2,0.5903762589684453,0.4730000000000002,1
98,35,124,401,506,907,self,6.6207300694133,3.3876700995642457,0.2,0.5903762589684453,0.6140000000000003,1
98,36,124,401,506,907,self,6.847270587942473,3.3876700995642457,0.2,0.5903762589684453,0.5360000000000003,1
98,37,124,401,506,907,stranger,1.328780892215531,3.3876700995642457,0.2,0.5903762589684453,0.907,0
98,38,124,401,506,907,self,7.46229658570856,3.3876700995642457,0.2,0.5903762589684453,0.5030000000000002,1
98,39,124,401,506,907,stranger,0.5973294804469019,3.3876700995642457,0.2,0.5903762589684453,0.42800000000000016,0
98,40,124,401,506,907,self,7.1155715247880025,3.3876700995642457,0.2,0.5903762589684453,0.4720000000000002,1
98,41,124,401,506,907,stranger,2.4416389110900294,3.3876700995642457,0.2,0.5903762589684453,0.907,0
98,42,124,401,506,907,self,6.093842875595824,3.3876700995642457,0.2,0.5903762589684453,0.7460000000000004,1
98,43,124,401,506,907,stranger,1.5672631365468255,3.3876700995642457,0.2,0.5903762589684453,0.907,0
98,44,124,401,506,907,stranger,2.0390660612207854,3.3876700995642457,0.2,0.5903762589684453,1.0180000000000007,1
98,45,124,401,506,907,self,7.47452691448732,3.3876700995642457,0.2,0.5903762589684453,0.6110000000000003,1
98,46,124,401,506,907,stranger,2.0002712167027883,3.3876700995642457,0.2,0.5903762589684453,1.513999999999966,1
98,47,124,401,506,907,stranger,2.145060477630965,3.3876700995642457,0.2,0.5903762589684453,1.459999999999972,1
98,48,124,401,506,907,stranger,2.1327084121435544,3.3876700995642457,0.2,0.5903762589684453,1.1100000000000008,1
98,49,124,401,506,907,self,6.930630739240917,3.3876700995642457,0.2,0.5903762589684453,0.5980000000000003,1
98,50,124,401,506,907,self,7.646318178779016,3.3876700995642457,0.2,0.5903762589684453,0.8100000000000005,1
98,51,124,401,506,907,self,7.405740866167382,3.3876700995642457,0.2,0.5903762589684453,0.5970000000000003,1
98,52,124,401,506,907,stranger,1.9440467321759312,3.3876700995642457,0.2,0.5903762589684453,2.1989999999998906,1
98,53,124,401,506,907,stranger,1.9230089766194114,3.3876700995642457,0.2,0.5903762589684453,1.4739999999999704,1
98,54,124,401,506,907,stranger,0.8085305176971328,3.3876700995642457,0.2,0.5903762589684453,0.907,0
98,55,124,401,506,907,self,6.405772193706999,3.3876700995642457,0.2,0.5903762589684453,0.5940000000000003,1
98,56,124,401,506,907,self,7.379261708635554,3.3876700995642457,0.2,0.5903762589684453,0.5180000000000002,1
98,57,124,401,506,907,self,7.76809949611399,3.3876700995642457,0.2,0.5903762589684453,0.5710000000000003,1
98,58,124,401,506,907,self,8.12686708205251,3.3876700995642457,0.2,0.5903762589684453,0.4960000000000002,1
98,59,124,401,506,907,stranger,1.990618947859407,3.3876700995642457,0.2,0.5903762589684453,1.269999999999993,1
98,60,124,401,506,907,self,7.855420257019376,3.3876700995642457,0.2,0.5903762589684453,0.43400000000000016,1
99,1,47,361,482,843,stranger,1.3978004167461304,3.2081164343209534,0.2,0.6234187695320761,1.6879999999999469,1
99,2,47,361,482,843,self,7.56284313984168,3.2081164343209534,0.2,0.6234187695320761,0.4680000000000002,1
99,3,47,361,482,843,stranger,1.5791340837121433,3.2081164343209534,0.2,0.6234187695320761,0.843,0
99,4,47,361,482,843,stranger,1.5769322703117001,3.2081164343209534,0.2,0.6234187695320761,1.5799999999999588,1
99,5,47,361,482,843,self,7.564863776906325,3.2081164343209534,0.2,0.6234187695320761,0.4650000000000002,1
99,6,47,361,482,843,stranger,1.985959679487219,3.2081164343209534,0.2,0.6234187695320761,1.4519999999999729,1
99,7,47,361,482,843,self,6.504061735816203,3.2081164343209534,0.2,0.6234187695320761,0.7040000000000004,1
99,8,47,361,482,843,self,6.278483348116661,3.2081164343209534,0.2,0.6234187695320761,0.5580000000000003,1
99,9,47,361,482,843,stranger,0.20239077084614782,3.2081164343209534,0.2,0.6234187695320761,0.843,0
99,10,47,361,482,843,stranger,1.4476901698910545,3.2081164343209534,0.2,0.6234187695320761,1.6349999999999527,1
99,11,47,361,482,843,self,6.761626029568514,3.2081164343209534,0.2,0.6234187695320761,0.5480000000000003,1
99,12,47,361,482,843,self,7.180016163222362,3.2081164343209534,0.2,0.6234187695320761,0.5810000000000003,1
99,13,47,361,482,843,self,6.336820555760231,3.2081164343209534,0.2,0.6234187695320761,0.5030000000000002,1
99,14,47,361,482,843,self,7.354820507928899,3.2081164343209534,0.2,0.6234187695320761,0.43800000000000017,1
99,15,47,361,482,843,self,6.82689613552897,3.2081164343209534,0.2,0.6234187695320761,0.6920000000000004,1
99,16,47,361,482,843,self,6.571900486216437,3.2081164343209534,0.2,0.6234187695320761,0.5290000000000002,1
99,17,47,361,482,843,stranger,0.9626013932637234,3.2081164343209534,0.2,0.6234187695320761,0.843,0
99,18,47,361,482,843,self,5.999226599120171,3.2081164343209534,0.2,0.6234187695320761,0.5970000000000003,1
99,19,47,361,482,843,self,7.0678282057503745,3.2081164343209534,0.2,0.6234187695320761,0.5300000000000002,1
99,20,47,361,482,843,self,6.647441929676049,3.2081164343209534,0.2,0.6234187695320761,0.6420000000000003,1
99,21,47,361,482,843,self,6.955530027434938,3.2081164343209534,0.2,0.6234187695320761,0.6000000000000003,1
99,22,47,361,482,843,stranger,1.6327957913232938,3.2081164343209534,0.2,0.6234187695320761,1.7349999999999417,1
99,23,47,361,482,843,stranger,1.2363193676859316,3.2081164343209534,0.2,0.6234187695320761,1.6209999999999543,1
99,24,47,361,482,843,self,6.283617327612669,3.2081164343209534,0.2,0.6234187695320761,0.7500000000000004,1
99,25,47,361,482,843,stranger,0.9789409794916901,3.2081164343209534,0.2,0.6234187695320761,0.843,0
99,26,47,361,482,843,stranger,1.751048007174759,3.2081164343209534,0.2,0.6234187695320761,1.259999999999994,1
99,27,47,361,482,843,stranger,0.8924675826923643,3.2081164343209534,0.2,0.6234187695320761,1.5399999999999632,1
99,28,47,361,482,843,stranger,1.6166396615729275,3.2081164343209534,0.2,0.6234187695320761,0.843,0
99,29,47,361,482,843,self,6.60261494167033,3.2081164343209534,0.2,0.6234187695320761,0.6250000000000003,1
99,30,47,361,482,843,self,6.336802721791118,3.2081164343209534,0.2,0.6234187695320761,0.4850000000000002,1
99,31,47,361,482,843,stranger,2.23128744978461,3.2081164343209534,0.2,0.6234187695320761,0.9070000000000005,1
99,32,47,361,482,843,self,6.541025273451468,3.2081164343209534,0.2,0.6234187695320761,0.5050000000000002,1
99,33,47,361,482,843,self,6.472968447827754,3.2081164343209534,0.2,0.6234187695320761,0.6790000000000004,1
99,34,47,361,482,843,stranger,1.7315492455190147,3.2081164343209534,0.2,0.6234187695320761,0.41600000000000015,0
99,35,47,361,482,843,self,6.845829745976031,3.2081164343209534,0.2,0.6234187695320761,0.6280000000000003,1
99,36,47,361,482,843,stranger,2.0269068132568018,3.2081164343209534,0.2,0.6234187695320761,1.369999999999982,1
99,37,47,361,482,843,stranger,1.195801764248466,3.2081164343209534,0.2,0.6234187695320761,0.843,0
99,38,47,361,482,843,stranger,1.726681677531773,3.2081164343209534,0.2,0.6234187695320761,0.3020000000000001,0
99,39,47,361,482,843,self,7.151455470259178,3.2081164343209534,0.2,0.6234187695320761,0.5880000000000003,1
99,40,47,361,482,843,self,6.904722616137946,3.2081164343209534,0.2,0.6234187695320761,0.5810000000000003,1
99,41,47,361,482,843,self,7.057589629680067,3.2081164343209534,0.2,0.6234187695320761,0.6410000000000003,1
99,42,47,361,482,843,stranger,1.8964259954011669,3.2081164343209534,0.2,0.6234187695320761,0.9070000000000005,1
99,43,47,361,482,843,stranger,1.970894741245065,3.2081164343209534,0.2,0.6234187695320761,1.1920000000000008,1
99,44,47,361,482,843,self,7.197465526935416,3.2081164343209534,0.2,0.6234187695320761,0.5350000000000003,1
99,45,47,361,482,843,stranger,1.4837916724442235,3.2081164343209534,0.2,0.6234187695320761,1.432999999999975,1
99,46,47,361,482,843,self,6.3912099182281406,3.2081164343209534,0.2,0.6234187695320761,0.5640000000000003,1
99,47,47,361,482,843,stranger,2.5419152758581736,3.2081164343209534,0.2,0.6234187695320761,0.8880000000000006,1
99,48,47,361,482,843,stranger,2.1243122669732437,3.2081164343209534,0.2,0.6234187695320761,0.43900000000000017,0
99,49,47,361,482,843,stranger,1.0161356323017212,3.2081164343209534,0.2,0.6234187695320761,0.843,0
99,50,47,361,482,843,self,7.094558498647177,3.2081164343209534,0.2,0.6234187695320761,0.4570000000000002,1
99,51,47,361,482,843,self,6.8483361369373865,3.2081164343209534,0.2,0.6234187695320761,0.6610000000000004,1
99,52,47,361,482,843,self,7.473568504335351,3.2081164343209534,0.2,0.6234187695320761,0.3870000000000001,1
99,53,47,361,482,843,self,6.023033429420092,3.2081164343209534,0.2,0.6234187695320761,0.6020000000000003,1
99,54,47,361,482,843,stranger,1.9814288757002048,3.2081164343209534,0.2,0.6234187695320761,0.3800000000000001,0
99,55,47,361,482,843,stranger,1.1451531405094164,3.2081164343209534,0.2,0.6234187695320761,1.8989999999999236,1
99,56,47,361,482,843,stranger,0.833427238805496,3.2081164343209534,0.2,0.6234187695320761,0.9230000000000005,0
99,57,47,361,482,843,stranger,1.3725651652098003,3.2081164343209534,0.2,0.6234187695320761,1.6519999999999508,1
99,58,47,361,482,843,stranger,1.693012156935103,3.2081164343209534,0.2,0.6234187695320761,1.6989999999999457,1
99,59,47,361,482,843,stranger,3.222923548563416,3.2081164343209534,0.2,0.6234187695320761,0.7210000000000003,1
99,60,47,361,482,843,self,7.01819086938645,3.2081164343209534,0.2,0.6234187695320761,0.4960000000000002,1
100,1,56,539,311,850,stranger,0.9047313766857298,3.081581262516379,0.2,0.6490174457923676,1.3739999999999815,1
100,2,56,539,311,850,stranger,0.4183289704036236,3.081581262516379,0.2,0.6490174457923676,0.43400000000000016,0
100,3,56,539,311,850,stranger,1.8630609585876177,3.081581262516379,0.2,0.6490174457923676,2.1559999999998953,1
100,4,56,539,311,850,self,7.131468860317343,3.081581262516379,0.2,0.6490174457923676,0.7740000000000005,1
100,5,56,539,311,850,stranger,1.1037363974695964,3.081581262516379,0.2,0.6490174457923676,1.8289999999999313,1
100,6,56,539,311,850,stranger,1.0698092947107858,3.081581262516379,0.2,0.6490174457923676,0.33000000000000007,0
100,7,56,539,311,850,self,6.740799866700596,3.081581262516379,0.2,0.6490174457923676,0.5400000000000003,1
100,8,56,539,311,850,self,6.507929626039934,3.081581262516379,0.2,0.6490174457923676,0.42100000000000015,1
100,9,56,539,311,850,stranger,1.290515735854977,3.081581262516379,0.2,0.6490174457923676,0.5020000000000002,0
100,10,56,539,311,850,self,6.689591572361723,3.081581262516379,0.2,0.6490174457923676,0.5720000000000003,1
100,11,56,539,311,850,stranger,1.9551802092295518,3.081581262516379,0.2,0.6490174457923676,1.278999999999992,1
100,12,56,539,311,850,stranger,1.6210570185782518,3.081581262516379,0.2,0.6490174457923676,1.1930000000000007,1
100,13,56,539,311,850,self,6.142215624285061,3.081581262516379,0.2,0.6490174457923676,0.4830000000000002,1
100,14,56,539,311,850,stranger,1.3609785286692544,3.081581262516379,0.2,0.6490174457923676,1.8889999999999247,1
100,15,56,539,311,850,stranger,0.6628559973559957,3.081581262516379,0.2,0.6490174457923676,0.8080000000000005,0
100,16,56,539,311,850,stranger,1.7377916685129717,3.081581262516379,0.2,0.6490174457923676,0.8410000000000004,0
100,17,56,539,311,850,self,6.690584647024095,3.081581262516379,0.2,0.6490174457923676,0.6930000000000004,1
100,18,56,539,311,850,self,6.521207010569571,3.081581262516379,0.2,0.6490174457923676,0.5400000000000003,1
100,19,56,539,311,850,stranger,0.6774450521978558,3.081581262516379,0.2,0.6490174457923676,0.5080000000000002,0
100,20,56,539,311,850,self,7.719697142225254,3.081581262516379,0.2,0.6490174457923676,0.4860000000000002,1
100,21,56,539,311,850,self,8.071452488819554,3.081581262516379,0.2,0.6490174457923676,0.4490000000000002,1
100,22,56,539,311,850,self,7.553094292262559,3.081581262516379,0.2,0.6490174457923676,0.4810000000000002,1
100,23,56,539,311,850,stranger,0.897736242069258,3.081581262516379,0.2,0.6490174457923676,0.85,0
100,24,56,539,311,850,stranger,1.844464395433556,3.081581262516379,0.2,0.6490174457923676,0.6350000000000003,0
100,25,56,539,311,850,stranger,0.6136471340370665,3.081581262516379,0.2,0.6490174457923676,0.85,0
100,26,56,539,311,850,stranger,1.015769094357839,3.081581262516379,0.2,0.6490174457923676,0.85,0
100,27,56,539,311,850,self,5.956390286426501,3.081581262516379,0.2,0.6490174457923676,0.5550000000000003,1
100,28,56,539,311,850,self,7.179554165192622,3.081581262516379,0.2,0.6490174457923676,0.5230000000000002,1
100,29,56,539,311,850,stranger,1.5800804845475946,3.081581262516379,0.2,0.6490174457923676,0.85,0
100,30,56,539,311,850,stranger,1.673462398668336,3.081581262516379,0.2,0.6490174457923676,1.2979999999999898,1
100,31,56,539,311,850,self,7.432847580002976,3.081581262516379,0.2,0.6490174457923676,0.4570000000000002,1
100,32,56,539,311,850,self,6.675970759224231,3.081581262516379,0.2,0.6490174457923676,0.5960000000000003,1
100,33,56,539,311,850,self,6.234718308018382,3.081581262516379,0.2,0.6490174457923676,0.6380000000000003,1
100,34,56,539,311,850,stranger,0.6483554139583135,3.081581262516379,0.2,0.6490174457923676,0.85,0
100,35,56,539,311,850,self,6.595784949924067,3.081581262516379,0.2,0.6490174457923676,0.5330000000000003,1
100,36,56,539,311,850,stranger,0.8298894429210463,3.081581262516379,0.2,0.6490174457923676,0.7170000000000003,0
100,37,56,539,311,850,stranger,1.2667411462467846,3.081581262516379,0.2,0.6490174457923676,1.231999999999997,1
100,38,56,539,311,850,self,6.208917291617563,3.081581262516379,0.2,0.6490174457923676,0.7380000000000004,1
100,39,56,539,311,850,stranger,1.8353187904840698,3.081581262516379,0.2,0.6490174457923676,0.85,0
100,40,56,539,311,850,stranger,0.5497610164638506,3.081581262516379,0.2,0.6490174457923676,0.44200000000000017,0
100,41,56,539,311,850,stranger,0.8806520239347909,3.081581262516379,0.2,0.6490174457923676,1.6829999999999474,1
100,42,56,539,311,850,self,6.546148466660174,3.081581262516379,0.2,0.6490174457923676,0.5680000000000003,1
100,43,56,539,311,850,stranger,0.5832076870423518,3.081581262516379,0.2,0.6490174457923676,1.5519999999999619,1
100,44,56,539,311,850,stranger,1.0398565766266077,3.081581262516379,0.2,0.6490174457923676,0.85,0
100,45,56,539,311,850,self,7.242337134718662,3.081581262516379,0.2,0.6490174457923676,0.7530000000000003,1
100,46,56,539,311,850,self,7.436354069054962,3.081581262516379,0.2,0.6490174457923676,0.41600000000000015,1
100,47,56,539,311,850,stranger,0.5787089930544035,3.081581262516379,0.2,0.6490174457923676,0.85,0
100,48,56,539,311,850,self,6.4406343117012135,3.081581262516379,0.2,0.6490174457923676,0.4570000000000002,1
100,49,56,539,311,850,self,5.883530428634204,3.081581262516379,0.2,0.6490174457923676,0.43000000000000016,1
100,50,56,539,311,850,self,5.888388950236669,3.081581262516379,0.2,0.6490174457923676,0.6270000000000003,1
100,51,56,539,311,850,stranger,1.0680797091923084,3.081581262516379,0.2,0.6490174457923676,1.8849999999999252,1
100,52,56,539,311,850,stranger,1.8558399909354795,3.081581262516379,0.2,0.6490174457923676,1.0000000000000007,1
100,53,56,539,311,850,self,6.64069498882867,3.081581262516379,0.2,0.6490174457923676,0.4960000000000002,1
100,54,56,539,311,850,self,6.519101880968584,3.081581262516379,0.2,0.6490174457923676,0.5410000000000003,1
100,55,56,539,311,850,self,6.849041394918159,3.081581262516379,0.2,0.6490174457923676,0.5510000000000003,1
100,56,56,539,311,850,self,7.035046471402468,3.081581262516379,0.2,0.6490174457923676,0.4840000000000002,1
100,57,56,539,311,850,stranger,1.3625534652096656,3.081581262516379,0.2,0.6490174457923676,0.85,0
100,58,56,539,311,850,self,8.17712145374287,3.081581262516379,0.2,0.6490174457923676,0.4920000000000002,1
100,59,56,539,311,850,self,7.073638607035406,3.081581262516379,0.2,0.6490174457923676,0.5060000000000002,1
100,60,56,539,311,850,self,6.153100796637065,3.081581262516379,0.2,0.6490174457923676,0.6070000000000003,1
101,1,150,430,1444,1874,self,5.885504861356372,3.2419779683498935,0.2,0.6169073385214776,0.6520000000000004,1
101,2,150,430,1444,1874,stranger,1.2753347308772902,3.2419779683498935,0.2,0.6169073385214776,1.7999999999999345,1
101,3,150,430,1444,1874,self,6.473979017990935,3.2419779683498935,0.2,0.6169073385214776,0.5000000000000002,1
101,4,150,430,1444,1874,stranger,2.099159793770658,3.2419779683498935,0.2,0.6169073385214776,0.5020000000000002,0
101,5,150,430,1444,1874,self,8.044518840715607,3.2419779683498935,0.2,0.6169073385214776,0.5950000000000003,1
101,6,150,430,1444,1874,stranger,1.7834214361328988,3.2419779683498935,0.2,0.6169073385214776,2.409999999999868,1
101,7,150,430,1444,1874,self,6.9593894814376585,3.2419779683498935,0.2,0.6169073385214776,0.7680000000000005,1
101,8,150,430,1444,1874,stranger,1.3937566517686926,3.2419779683498935,0.2,0.6169073385214776,0.3510000000000001,0
101,9,150,430,1444,1874,self,7.347148983232008,3.2419779683498935,0.2,0.6169073385214776,0.6790000000000004,1
101,10,150,430,1444,1874,stranger,1.3682395950303774,3.2419779683498935,0.2,0.6169073385214776,1.8969999999999239,1
101,11,150,430,1444,1874,self,7.306195315181447,3.2419779683498935,0.2,0.6169073385214776,0.6750000000000004,1
101,12,150,430,1444,1874,stranger,1.2882894671097513,3.2419779683498935,0.2,0.6169073385214776,1.75099999999994,1
101,13,150,430,1444,1874,self,6.209854459791163,3.2419779683498935,0.2,0.6169073385214776,0.7220000000000004,1
101,14,150,430,1444,1874,self,6.935923539444623,3.2419779683498935,0.2,0.6169073385214776,0.5380000000000003,1
101,15,150,430,1444,1874,stranger,1.1367711047750964,3.2419779683498935,0.2,0.6169073385214776,2.3659999999998726,1
101,16,150,430,1444,1874,self,6.89943114275628,3.2419779683498935,0.2,0.6169073385214776,0.4770000000000002,1
101,17,150,430,1444,1874,stranger,1.3511641834696242,3.2419779683498935,0.2,0.6169073385214776,2.1519999999998958,1
101,18,150,430,1444,1874,stranger,2.3215613093462415,3.2419779683498935,0.2,0.6169073385214776,1.2169999999999987,1
101,19,150,430,1444,1874,self,6.951982044412569,3.2419779683498935,0.2,0.6169073385214776,0.5020000000000002,1
101,20,150,430,1444,1874,stranger,1.5298509782930274,3.2419779683498935,0.2,0.6169073385214776,2.1199999999998993,1
101,21,150,430,1444,1874,self,7.29790900286655,3.2419779683498935,0.2,0.6169073385214776,0.5670000000000003,1
101,22,150,430,1444,1874,stranger,1.373511424836321,3.2419779683498935,0.2,0.6169073385214776,1.874,0
101,23,150,430,1444,1874,self,7.843743398132005,3.2419779683498935,0.2,0.6169073385214776,0.39600000000000013,1
101,24,150,430,1444,1874,stranger,1.2662320494261574,3.2419779683498935,0.2,0.6169073385214776,2.353999999999874,1
101,25,150,430,1444,1874,stranger,1.3697337108787693,3.2419779683498935,0.2,0.6169073385214776,1.5979999999999568,1
101,26,150,430,1444,1874,self,7.1346006387530485,3.2419779683498935,0.2,0.6169073385214776,0.5750000000000003,1
101,27,150,430,1444,1874,self,7.1125526444141505,3.2419779683498935,0.2,0.6169073385214776,0.7050000000000003,1
101,28,150,430,1444,1874,self,7.208132058897091,3.2419779683498935,0.2,0.6169073385214776,0.5660000000000003,1
101,29,150,430,1444,1874,stranger,1.37064223230395,3.2419779683498935,0.2,0.6169073385214776,1.631999999999953,1
101,30,150,430,1444,1874,stranger,1.3801902735580214,3.2419779683498935,0.2,0.6169073385214776,0.3680000000000001,0
101,31,150,430,1444,1874,self,7.788086748707688,3.2419779683498935,0.2,0.6169073385214776,0.6970000000000004,1
101,32,150,430,1444,1874,self,7.480702836924504,3.2419779683498935,0.2,0.6169073385214776,0.6010000000000003,1
101,33,150,430,1444,1874,stranger,1.5560925206383744,3.2419779683498935,0.2,0.6169073385214776,0.6100000000000003,0
101,34,150,430,1444,1874,stranger,1.1271145978023278,3.2419779683498935,0.2,0.6169073385214776,1.1930000000000007,1
101,35,150,430,1444,1874,self,7.101192040180912,3.2419779683498935,0.2,0.6169073385214776,0.4710000000000002,1
101,36,150,430,1444,1874,stranger,2.113395807074483,3.2419779683498935,0.2,0.6169073385214776,2.0919999999999024,1
101,37,150,430,1444,1874,self,7.28425495596298,3.2419779683498935,0.2,0.6169073385214776,0.5690000000000003,1
101,38,150,430,1444,1874,self,8.258839523197416,3.2419779683498935,0.2,0.6169073385214776,0.40400000000000014,1
101,39,150,430,1444,1874,stranger,2.659450715391422,3.2419779683498935,0.2,0.6169073385214776,1.0600000000000007,1
101,40,150,430,1444,1874,stranger,2.546727108113463,3.2419779683498935,0.2,0.6169073385214776,1.0080000000000007,1
101,41,150,430,1444,1874,self,8.331092800493396,3.2419779683498935,0.2,0.6169073385214776,0.42000000000000015,1
101,42,150,430,1444,1874,self,6.997950796137872,3.2419779683498935,0.2,0.6169073385214776,0.5250000000000002,1
101,43,150,430,1444,1874,self,7.273097142605329,3.2419779683498935,0.2,0.6169073385214776,0.6340000000000003,1
101,44,150,430,1444,1874,stranger,0.9432802482810941,3.2419779683498935,0.2,0.6169073385214776,1.874,0
101,45,150,430,1444,1874,stranger,1.3477309173579755,3.2419779683498935,0.2,0.6169073385214776,2.2319999999998874,1
101,46,150,430,1444,1874,stranger,0.8975749418858014,3.2419779683498935,0.2,0.6169073385214776,0.3330000000000001,0
101,47,150,430,1444,1874,stranger,0.5870834607756736,3.2419779683498935,0.2,0.6169073385214776,1.5489999999999622,1
101,48,150,430,1444,1874,self,7.606604230415088,3.2419779683498935,0.2,0.6169073385214776,0.43200000000000016,1
101,49,150,430,1444,1874,self,6.750936953736115,3.2419779683498935,0.2,0.6169073385214776,0.7030000000000003,1
101,50,150,430,1444,1874,self,7.470088161726738,3.2419779683498935,0.2,0.6169073385214776,0.40200000000000014,1
101,51,150,430,1444,1874,self,7.767327020137121,3.2419779683498935,0.2,0.6169073385214776,0.4890000000000002,1
101,52,150,430,1444,1874,self,6.853215154219286,3.2419779683498935,0.2,0.6169073385214776,0.5350000000000003,1
101,53,150,430,1444,1874,stranger,1.524382708608162,3.2419779683498935,0.2,0.6169073385214776,0.4700000000000002,0
101,54,150,430,1444,1874,stranger,2.121073343474163,3.2419779683498935,0.2,0.6169073385214776,1.0770000000000006,1
101,55,150,430,1444,1874,self,7.44267704144799,3.2419779683498935,0.2,0.6169073385214776,0.7070000000000003,1
101,56,150,430,1444,1874,stranger,1.7558105539112718,3.2419779683498935,0.2,0.6169073385214776,1.3299999999999863,1
101,57,150,430,1444,1874,stranger,0.48490751750444927,3.2419779683498935,0.2,0.6169073385214776,0.7120000000000004,0
101,58,150,430,1444,1874,stranger,1.905436528720002,3.2419779683498935,0.2,0.6169073385214776,2.1269999999998985,1
101,59,150,430,1444,1874,stranger,2.1532098136799673,3.2419779683498935,0.2,0.6169073385214776,1.349999999999984,1
101,60,150,430,1444,1874,self,7.394583644875911,3.2419779683498935,0.2,0.6169073385214776,0.5900000000000003,1
102,1,97,290,300,590,self,6.095403574199566,2.347538406965424,0.2,0.8519562423625374,0.3920000000000001,1
102,2,97,290,300,590,stranger,1.5931394776605041,2.347538406965424,0.2,0.8519562423625374,0.8340000000000005,1
102,3,97,290,300,590,self,6.923784121463278,2.347538406965424,0.2,0.8519562423625374,0.43000000000000016,1
102,4,97,290,300,590,stranger,1.3769477032303319,2.347538406965424,0.2,0.8519562423625374,0.59,0
102,5,97,290,300,590,stranger,1.2638966464876242,2.347538406965424,0.2,0.8519562423625374,0.4870000000000002,1
102,6,97,290,300,590,stranger,1.694239576628809,2.347538406965424,0.2,0.8519562423625374,0.5690000000000003,1
102,7,97,290,300,590,stranger,1.5974988257785474,2.347538406965424,0.2,0.8519562423625374,0.9460000000000006,1
102,8,97,290,300,590,stranger,0.9923497937797745,2.347538406965424,0.2,0.8519562423625374,0.3830000000000001,0
102,9,97,290,300,590,self,6.101024038795958,2.347538406965424,0.2,0.8519562423625374,0.5130000000000002,1
102,10,97,290,300,590,stranger,0.8263039280709348,2.347538406965424,0.2,0.8519562423625374,0.41800000000000015,0
102,11,97,290,300,590,self,5.785851117581152,2.347538406965424,0.2,0.8519562423625374,0.42700000000000016,1
102,12,97,290,300,590,stranger,1.09756432223191,2.347538406965424,0.2,0.8519562423625374,1.4619999999999718,0
102,13,97,290,300,590,stranger,1.7845694477252938,2.347538406965424,0.2,0.8519562423625374,0.5610000000000003,1
102,14,97,290,300,590,self,5.649486448929195,2.347538406965424,0.2,0.8519562423625374,0.5230000000000002,1
102,15,97,290,300,590,stranger,1.503475979290889,2.347538406965424,0.2,0.8519562423625374,1.5609999999999609,1
102,16,97,290,300,590,stranger,1.204249551748976,2.347538406965424,0.2,0.8519562423625374,0.9090000000000005,1
102,17,97,290,300,590,self,6.597431590216325,2.347538406965424,0.2,0.8519562423625374,0.32600000000000007,1
102,18,97,290,300,590,self,5.543549783698908,2.347538406965424,0.2,0.8519562423625374,0.3910000000000001,1
102,19,97,290,300,590,stranger,0.994095661017427,2.347538406965424,0.2,0.8519562423625374,0.5730000000000003,1
102,20,97,290,300,590,self,6.232827364014234,2.347538406965424,0.2,0.8519562423625374,0.3880000000000001,1
102,21,97,290,300,590,stranger,0.781110805802194,2.347538406965424,0.2,0.8519562423625374,0.6010000000000003,1
102,22,97,290,300,590,self,7.073734462873576,2.347538406965424,0.2,0.8519562423625374,0.3910000000000001,1
102,23,97,290,300,590,self,5.847915741374371,2.347538406965424,0.2,0.8519562423625374,0.6950000000000004,1
102,24,97,290,300,590,stranger,1.6607433358375052,2.347538406965424,0.2,0.8519562423625374,0.4530000000000002,0
102,25,97,290,300,590,stranger,1.5823900093432772,2.347538406965424,0.2,0.8519562423625374,0.8420000000000005,1
102,26,97,290,300,590,stranger,0.8849593035591155,2.347538406965424,0.2,0.8519562423625374,1.704999999999945,1
102,27,97,290,300,590,stranger,1.0635107329973261,2.347538406965424,0.2,0.8519562423625374,1.0810000000000006,1
102,28,97,290,300,590,self,6.426419776771226,2.347538406965424,0.2,0.8519562423625374,0.2790000000000001,1
102,29,97,290,300,590,self,6.03673903707601,2.347538406965424,0.2,0.8519562423625374,0.39700000000000013,1
102,30,97,290,300,590,self,5.831854798089075,2.347538406965424,0.2,0.8519562423625374,0.39800000000000013,1
102,31,97,290,300,590,self,6.007182432547991,2.347538406965424,0.2,0.8519562423625374,0.43000000000000016,1
102,32,97,290,300,590,stranger,0.7056567795652968,2.347538406965424,0.2,0.8519562423625374,0.39900000000000013,0
102,33,97,290,300,590,stranger,1.4601268001375638,2.347538406965424,0.2,0.8519562423625374,1.5109999999999664,1
102,34,97,290,300,590,self,7.483739826783565,2.347538406965424,0.2,0.8519562423625374,0.3890000000000001,1
102,35,97,290,300,590,self,6.0792807291031,2.347538406965424,0.2,0.8519562423625374,0.4730000000000002,1
102,36,97,290,300,590,self,5.846029654000131,2.347538406965424,0.2,0.8519562423625374,0.6080000000000003,1
102,37,97,290,300,590,self,6.139331948835574,2.347538406965424,0.2,0.8519562423625374,0.3620000000000001,1
102,38,97,290,300,590,stranger,0.7087063743501945,2.347538406965424,0.2,0.8519562423625374,0.59,0
102,39,97,290,300,590,stranger,1.0879116844059302,2.347538406965424,0.2,0.8519562423625374,0.5110000000000002,1
102,40,97,290,300,590,self,5.586736946725492,2.347538406965424,0.2,0.8519562423625374,0.4500000000000002,1
102,41,97,290,300,590,stranger,1.0299505708643164,2.347538406965424,0.2,0.8519562423625374,0.8090000000000004,1
102,42,97,290,300,590,self,6.379958903566513,2.347538406965424,0.2,0.8519562423625374,0.4570000000000002,1
102,43,97,290,300,590,self,5.538431912594834,2.347538406965424,0.2,0.8519562423625374,0.3470000000000001,1
102,44,97,290,300,590,self,6.280097388619627,2.347538406965424,0.2,0.8519562423625374,0.4600000000000002,1
102,45,97,290,300,590,stranger,0.9488850081927185,2.347538406965424,0.2,0.8519562423625374,0.6110000000000003,1
102,46,97,290,300,590,self,6.1298483539027835,2.347538406965424,0.2,0.8519562423625374,0.3920000000000001,1
102,47,97,290,300,590,self,6.694701821259244,2.347538406965424,0.2,0.8519562423625374,0.3780000000000001,1
102,48,97,290,300,590,stranger,0.7662260645940562,2.347538406965424,0.2,0.8519562423625374,0.42900000000000016,1
102,49,97,290,300,590,stranger,1.721929975380471,2.347538406965424,0.2,0.8519562423625374,0.9210000000000005,1
102,50,97,290,300,590,self,5.488352672594555,2.347538406965424,0.2,0.8519562423625374,0.3930000000000001,1
102,51,97,290,300,590,self,6.212845465573838,2.347538406965424,0.2,0.8519562423625374,0.40200000000000014,1
102,52,97,290,300,590,self,6.005004375474488,2.347538406965424,0.2,0.8519562423625374,0.3920000000000001,1
102,53,97,290,300,590,stranger,0.7991011326084208,2.347538406965424,0.2,0.8519562423625374,1.2079999999999997,1
102,54,97,290,300,590,stranger,1.7287856091992542,2.347538406965424,0.2,0.8519562423625374,0.5470000000000003,1
102,55,97,290,300,590,stranger,1.3979991458427363,2.347538406965424,0.2,0.8519562423625374,0.9440000000000006,1
102,56,97,290,300,590,stranger,1.090695168482916,2.347538406965424,0.2,0.8519562423625374,0.43600000000000017,1
102,57,97,290,300,590,self,5.62167655082075,2.347538406965424,0.2,0.8519562423625374,0.5280000000000002,1
102,58,97,290,300,590,stranger,0.7345273236915051,2.347538406965424,0.2,0.8519562423625374,1.4489999999999732,1
102,59,97,290,300,590,self,5.837694537860002,2.347538406965424,0.2,0.8519562423625374,0.3930000000000001,1
102,60,97,290,300,590,self,6.09622833958994,2.347538406965424,0.2,0.8519562423625374,0.5380000000000003,1
103,1,112,429,1053,1482,self,8.2110457345701,3.3320228167760146,0.2,0.6002359857592908,0.6610000000000004,1
103,2,112,429,1053,1482,stranger,0.9399238632565357,3.3320228167760146,0.2,0.6002359857592908,1.977999999999915,1
103,3,112,429,1053,1482,self,7.6560036061218435,3.3320228167760146,0.2,0.6002359857592908,0.5510000000000003,1
103,4,112,429,1053,1482,self,7.192786827548278,3.3320228167760146,0.2,0.6002359857592908,0.5850000000000003,1
103,5,112,429,1053,1482,stranger,2.4207364485101133,3.3320228167760146,0.2,0.6002359857592908,1.0800000000000007,1
103,6,112,429,1053,1482,self,6.976810868937035,3.3320228167760146,0.2,0.6002359857592908,0.5820000000000003,1
103,7,112,429,1053,1482,self,7.365661883777125,3.3320228167760146,0.2,0.6002359857592908,0.4870000000000002,1
103,8,112,429,1053,1482,self,7.870900357002419,3.3320228167760146,0.2,0.6002359857592908,0.5510000000000003,1
103,9,112,429,1053,1482,stranger,1.8883353706525636,3.3320228167760146,0.2,0.6002359857592908,1.482,0
103,10,112,429,1053,1482,self,6.939202113940508,3.3320228167760146,0.2,0.6002359857592908,0.5530000000000003,1
103,11,112,429,1053,1482,self,7.457313756920666,3.3320228167760146,0.2,0.6002359857592908,0.6740000000000004,1
103,12,112,429,1053,1482,stranger,2.1427115548469056,3.3320228167760146,0.2,0.6002359857592908,1.487999999999969,1
103,13,112,429,1053,1482,stranger,1.5424880785534032,3.3320228167760146,0.2,0.6002359857592908,0.2690000000000001,0
103,14,112,429,1053,1482,stranger,1.2925172788086479,3.3320228167760146,0.2,0.6002359857592908,1.786999999999936,1
103,15,112,429,1053,1482,self,7.697719646132265,3.3320228167760146,0.2,0.6002359857592908,0.5720000000000003,1
103,16,112,429,1053,1482,stranger,1.5384150333069586,3.3320228167760146,0.2,0.6002359857592908,1.5899999999999577,1
103,17,112,429,1053,1482,stranger,1.8495056516248536,3.3320228167760146,0.2,0.6002359857592908,1.482,0
103,18,112,429,1053,1482,self,6.907957425545196,3.3320228167760146,0.2,0.6002359857592908,0.4850000000000002,1
103,19,112,429,1053,1482,stranger,2.2393992619215526,3.3320228167760146,0.2,0.6002359857592908,1.2979999999999898,1
103,20,112,429,1053,1482,self,6.37200782753064,3.3320228167760146,0.2,0.6002359857592908,0.5120000000000002,1
103,21,112,429,1053,1482,self,7.574718676595556,3.3320228167760146,0.2,0.6002359857592908,0.6190000000000003,1
103,22,112,429,1053,1482,stranger,1.6992288799892976,3.3320228167760146,0.2,0.6002359857592908,1.823999999999932,1
103,23,112,429,1053,1482,self,6.738269711845819,3.3320228167760146,0.2,0.6002359857592908,0.5040000000000002,1
103,24,112,429,1053,1482,stranger,0.9739426934333856,3.3320228167760146,0.2,0.6002359857592908,1.9559999999999174,1
103,25,112,429,1053,1482,stranger,1.6558650980693725,3.3320228167760146,0.2,0.6002359857592908,1.482,0
103,26,112,429,1053,1482,self,6.315750147813065,3.3320228167760146,0.2,0.6002359857592908,0.5460000000000003,1
103,27,112,429,1053,1482,self,6.554174352728659,3.3320228167760146,0.2,0.6002359857592908,0.5100000000000002,1
103,28,112,429,1053,1482,self,7.224478103612025,3.3320228167760146,0.2,0.6002359857592908,0.5660000000000003,1
103,29,112,429,1053,1482,stranger,1.9896357609568596,3.3320228167760146,0.2,0.6002359857592908,0.9720000000000006,0
103,30,112,429,1053,1482,stranger,1.473958690583095,3.3320228167760146,0.2,0.6002359857592908,1.9169999999999217,1
103,31,112,429,1053,1482,stranger,2.833719650321873,3.3320228167760146,0.2,0.6002359857592908,0.8820000000000006,1
103,32,112,429,1053,1482,stranger,2.882790812652167,3.3320228167760146,0.2,0.6002359857592908,1.759999999999939,1
103,33,112,429,1053,1482,stranger,1.7960039264634522,3.3320228167760146,0.2,0.6002359857592908,1.4019999999999784,1
103,34,112,429,1053,1482,self,6.842123886835447,3.3320228167760146,0.2,0.6002359857592908,0.6010000000000003,1
103,35,112,429,1053,1482,self,7.684802849711408,3.3320228167760146,0.2,0.6002359857592908,0.5860000000000003,1
103,36,112,429,1053,1482,self,7.62371262348507,3.3320228167760146,0.2,0.6002359857592908,0.5780000000000003,1
103,37,112,429,1053,1482,self,7.385919157227954,3.3320228167760146,0.2,0.6002359857592908,0.4970000000000002,1
103,38,112,429,1053,1482,self,7.154364322096619,3.3320228167760146,0.2,0.6002359857592908,0.6430000000000003,1
103,39,112,429,1053,1482,stranger,1.854591544566636,3.3320228167760146,0.2,0.6002359857592908,1.482,0
103,40,112,429,1053,1482,self,7.135479376648652,3.3320228167760146,0.2,0.6002359857592908,0.6480000000000004,1
103,41,112,429,1053,1482,stranger,2.528961536403523,3.3320228167760146,0.2,0.6002359857592908,1.3199999999999874,1
103,42,112,429,1053,1482,stranger,1.850593264017693,3.3320228167760146,0.2,0.6002359857592908,1.8639999999999275,1
103,43,112,429,1053,1482,stranger,2.0492555146981535,3.3320228167760146,0.2,0.6002359857592908,1.0200000000000007,1
103,44,112,429,1053,1482,self,7.735089979782087,3.3320228167760146,0.2,0.6002359857592908,0.5230000000000002,1
103,45,112,429,1053,1482,self,7.780043984353725,3.3320228167760146,0.2,0.6002359857592908,0.5390000000000003,1
103,46,112,429,1053,1482,stranger,2.482715298158886,3.3320228167760146,0.2,0.6002359857592908,0.6260000000000003,1
103,47,112,429,1053,1482,self,7.083525658124563,3.3320228167760146,0.2,0.6002359857592908,0.5850000000000003,1
103,48,112,429,1053,1482,self,8.262891396938361,3.3320228167760146,0.2,0.6002359857592908,0.5640000000000003,1
103,49,112,429,1053,1482,self,7.329698082561662,3.3320228167760146,0.2,0.6002359857592908,0.6040000000000003,1
103,50,112,429,1053,1482,stranger,1.8601710166088503,3.3320228167760146,0.2,0.6002359857592908,0.4990000000000002,0
103,51,112,429,1053,1482,stranger,1.5786608273475011,3.3320228167760146,0.2,0.6002359857592908,0.4630000000000002,0
103,52,112,429,1053,1482,stranger,1.660176773987856,3.3320228167760146,0.2,0.6002359857592908,0.8870000000000005,1
103,53,112,429,1053,1482,self,7.203486520320414,3.3320228167760146,0.2,0.6002359857592908,0.5780000000000003,1
103,54,112,429,1053,1482,self,7.080345609404049,3.3320228167760146,0.2,0.6002359857592908,0.7490000000000003,1
103,55,112,429,1053,1482,self,7.011480721288222,3.3320228167760146,0.2,0.6002359857592908,0.6070000000000003,1
103,56,112,429,1053,1482,stranger,1.778539677639115,3.3320228167760146,0.2,0.6002359857592908,1.5659999999999603,1
103,57,112,429,1053,1482,stranger,2.4273901978418015,3.3320228167760146,0.2,0.6002359857592908,0.9970000000000006,1
103,58,112,429,1053,1482,stranger,2.247332411689512,3.3320228167760146,0.2,0.6002359857592908,1.1960000000000008,1
103,59,112,429,1053,1482,stranger,2.527258927644402,3.3320228167760146,0.2,0.6002359857592908,0.8280000000000005,1
103,60,112,429,1053,1482,stranger,2.067131545926978,3.3320228167760146,0.2,0.6002359857592908,1.1690000000000007,1
104,1,48,39,1368,1407,self,4.5405345884891,3.5882957506290176,0.2,0.5573676583512955,0.8900000000000006,1
104,2,48,39,1368,1407,self,3.9895287176853844,3.5882957506290176,0.2,0.5573676583512955,1.1840000000000008,1
104,3,48,39,1368,1407,stranger,0.6902909403510559,3.5882957506290176,0.2,0.5573676583512955,1.407,0
104,4,48,39,1368,1407,self,3.425386449093207,3.5882957506290176,0.2,0.5573676583512955,1.1970000000000007,1
104,5,48,39,1368,1407,stranger,1.2672483860361141,3.5882957506290176,0.2,0.5573676583512955,0.9160000000000006,1
104,6,48,39,1368,1407,self,3.926349405305177,3.5882957506290176,0.2,0.5573676583512955,1.6929999999999463,1
104,7,48,39,1368,1407,stranger,1.7853964163687164,3.5882957506290176,0.2,0.5573676583512955,1.1260000000000008,1
104,8,48,39,1368,1407,stranger,0.7639864860058468,3.5882957506290176,0.2,0.5573676583512955,1.407,0
104,9,48,39,1368,1407,stranger,1.3939868268342281,3.5882957506290176,0.2,0.5573676583512955,2.1349999999998976,1
104,10,48,39,1368,1407,self,4.199683638120636,3.5882957506290176,0.2,0.5573676583512955,0.7070000000000003,1
104,11,48,39,1368,1407,stranger,1.9473014116049114,3.5882957506290176,0.2,0.5573676583512955,2.1569999999998952,1
104,12,48,39,1368,1407,self,4.072781909251436,3.5882957506290176,0.2,0.5573676583512955,1.1210000000000007,1
104,13,48,39,1368,1407,self,2.949303950186195,3.5882957506290176,0.2,0.5573676583512955,0.8760000000000006,1
104,14,48,39,1368,1407,self,3.9717493834587994,3.5882957506290176,0.2,0.5573676583512955,1.1450000000000007,1
104,15,48,39,1368,1407,stranger,1.9995632130463918,3.5882957506290176,0.2,0.5573676583512955,1.0500000000000007,1
104,16,48,39,1368,1407,stranger,1.9952142602049285,3.5882957506290176,0.2,0.5573676583512955,1.4179999999999766,1
104,17,48,39,1368,1407,self,2.7098755874032494,3.5882957506290176,0.2,0.5573676583512955,0.8850000000000005,1
104,18,48,39,1368,1407,stranger,1.594530217236573,3.5882957506290176,0.2,0.5573676583512955,2.1519999999998958,1
104,19,48,39,1368,1407,stranger,1.01609084510803,3.5882957506290176,0.2,0.5573676583512955,1.9559999999999174,1
104,20,48,39,1368,1407,stranger,1.3457788887955593,3.5882957506290176,0.2,0.5573676583512955,1.6799999999999478,1
104,21,48,39,1368,1407,stranger,1.8026375455791692,3.5882957506290176,0.2,0.5573676583512955,1.6849999999999472,1
104,22,48,39,1368,1407,self,2.963411671139981,3.5882957506290176,0.2,0.5573676583512955,0.4850000000000002,0
104,23,48,39,1368,1407,self,3.821660354346904,3.5882957506290176,0.2,0.5573676583512955,0.9360000000000006,1
104,24,48,39,1368,1407,self,3.70911105115982,3.5882957506290176,0.2,0.5573676583512955,0.7160000000000004,1
104,25,48,39,1368,1407,stranger,1.169292352262186,3.5882957506290176,0.2,0.5573676583512955,1.2709999999999928,0
104,26,48,39,1368,1407,self,3.111589077199647,3.5882957506290176,0.2,0.5573676583512955,0.9680000000000006,1
104,27,48,39,1368,1407,stranger,1.1023672428817235,3.5882957506290176,0.2,0.5573676583512955,0.8420000000000005,0
104,28,48,39,1368,1407,self,3.3498025538434524,3.5882957506290176,0.2,0.5573676583512955,0.9680000000000006,1
104,29,48,39,1368,1407,self,3.9357299700578094,3.5882957506290176,0.2,0.5573676583512955,1.0960000000000008,1
104,30,48,39,1368,1407,stranger,0.9530692867366022,3.5882957506290176,0.2,0.5573676583512955,1.407,0
104,31,48,39,1368,1407,stranger,1.1632023703782473,3.5882957506290176,0.2,0.5573676583512955,0.4460000000000002,0
104,32,48,39,1368,1407,self,3.325905723633466,3.5882957506290176,0.2,0.5573676583512955,1.1480000000000008,1
104,33,48,39,1368,1407,self,3.2005889761199913,3.5882957506290176,0.2,0.5573676583512955,0.9580000000000006,1
104,34,48,39,1368,1407,self,3.263810210391168,3.5882957506290176,0.2,0.5573676583512955,1.5079999999999667,1
104,35,48,39,1368,1407,self,3.7402978657577224,3.5882957506290176,0.2,0.5573676583512955,0.9340000000000006,1
104,36,48,39,1368,1407,self,3.696072418079179,3.5882957506290176,0.2,0.5573676583512955,1.4219999999999762,1
104,37,48,39,1368,1407,self,2.59902603006372,3.5882957506290176,0.2,0.5573676583512955,1.323999999999987,1
104,38,48,39,1368,1407,self,3.75717269990799,3.5882957506290176,0.2,0.5573676583512955,0.9010000000000005,1
104,39,48,39,1368,1407,self,3.4782951212379962,3.5882957506290176,0.2,0.5573676583512955,1.1900000000000008,1
104,40,48,39,1368,1407,self,2.9479636718405167,3.5882957506290176,0.2,0.5573676583512955,0.8290000000000004,1
104,41,48,39,1368,1407,stranger,1.2393088098704574,3.5882957506290176,0.2,0.5573676583512955,1.407,0
104,42,48,39,1368,1407,self,3.755352278235521,3.5882957506290176,0.2,0.5573676583512955,0.8900000000000006,1
104,43,48,39,1368,1407,stranger,1.1808847932572042,3.5882957506290176,0.2,0.5573676583512955,0.3610000000000001,0
104,44,48,39,1368,1407,stranger,1.7506204211817367,3.5882957506290176,0.2,0.5573676583512955,1.450999999999973,1
104,45,48,39,1368,1407,self,4.034810925892764,3.5882957506290176,0.2,0.5573676583512955,0.7890000000000004,1
104,46,48,39,1368,1407,stranger,1.778157230481558,3.5882957506290176,0.2,0.5573676583512955,1.632999999999953,1
104,47,48,39,1368,1407,self,3.820481406322543,3.5882957506290176,0.2,0.5573676583512955,0.8680000000000005,1
104,48,48,39,1368,1407,self,3.641137088271592,3.5882957506290176,0.2,0.5573676583512955,1.1590000000000007,1
104,49,48,39,1368,1407,stranger,1.9973300295625198,3.5882957506290176,0.2,0.5573676583512955,1.407,0
104,50,48,39,1368,1407,stranger,2.058363759493423,3.5882957506290176,0.2,0.5573676583512955,1.4799999999999698,1
104,51,48,39,1368,1407,stranger,1.8087577902602838,3.5882957506290176,0.2,0.5573676583512955,1.950999999999918,1
104,52,48,39,1368,1407,self,3.936489879348948,3.5882957506290176,0.2,0.5573676583512955,1.0570000000000006,1
104,53,48,39,1368,1407,stranger,1.7058688132497917,3.5882957506290176,0.2,0.5573676583512955,0.9970000000000006,0
104,54,48,39,1368,1407,stranger,2.0888316905879347,3.5882957506290176,0.2,0.5573676583512955,1.2839999999999914,1
104,55,48,39,1368,1407,stranger,2.0609477621527668,3.5882957506290176,0.2,0.5573676583512955,1.585999999999958,1
104,56,48,39,1368,1407,stranger,1.7671662140845255,3.5882957506290176,0.2,0.5573676583512955,1.6879999999999469,1
104,57,48,39,1368,1407,stranger,1.469147712054605,3.5882957506290176,0.2,0.5573676583512955,0.40900000000000014,0
104,58,48,39,1368,1407,stranger,1.6270454046832876,3.5882957506290176,0.2,0.5573676583512955,1.8029999999999342,1
104,59,48,39,1368,1407,stranger,1.093298700575327,3.5882957506290176,0.2,0.5573676583512955,0.5040000000000002,0
104,60,48,39,1368,1407,self,3.611502746615229,3.5882957506290176,0.2,0.5573676583512955,0.7040000000000004,1
105,1,111,193,1421,1614,self,5.091831386645296,3.006463247906881,0.2,0.6652334770406433,0.4840000000000002,1
105,2,111,193,1421,1614,self,4.95119121265291,3.006463247906881,0.2,0.6652334770406433,0.5380000000000003,1
105,3,111,193,1421,1614,stranger,1.4645144650580617,3.006463247906881,0.2,0.6652334770406433,1.2649999999999935,1
105,4,111,193,1421,1614,stranger,2.0536732487961302,3.006463247906881,0.2,0.6652334770406433,0.8770000000000004,1
105,5,111,193,1421,1614,stranger,1.2110799321725358,3.006463247906881,0.2,0.6652334770406433,1.1570000000000007,0
105,6,111,193,1421,1614,self,5.59843809983352,3.006463247906881,0.2,0.6652334770406433,0.6140000000000003,1
105,7,111,193,1421,1614,stranger,1.568522654417181,3.006463247906881,0.2,0.6652334770406433,1.614,0
105,8,111,193,1421,1614,stranger,1.8792995992739026,3.006463247906881,0.2,0.6652334770406433,0.9330000000000005,1
105,9,111,193,1421,1614,self,6.009391117787147,3.006463247906881,0.2,0.6652334770406433,0.5400000000000003,1
105,10,111,193,1421,1614,self,5.656156694326171,3.006463247906881,0.2,0.6652334770406433,0.5110000000000002,1
105,11,111,193,1421,1614,self,5.11249156428815,3.006463247906881,0.2,0.6652334770406433,0.7480000000000004,1
105,12,111,193,1421,1614,stranger,0.8426839606714588,3.006463247906881,0.2,0.6652334770406433,1.6119999999999552,1
105,13,111,193,1421,1614,self,5.208530937700996,3.006463247906881,0.2,0.6652334770406433,0.6770000000000004,1
105,14,111,193,1421,1614,self,4.855534063589754,3.006463247906881,0.2,0.6652334770406433,0.8650000000000004,1
105,15,111,193,1421,1614,self,4.025912039276385,3.006463247906881,0.2,0.6652334770406433,0.8460000000000005,1
105,16,111,193,1421,1614,stranger,0.861613419475763,3.006463247906881,0.2,0.6652334770406433,1.614,0
105,17,111,193,1421,1614,stranger,1.5974962257063634,3.006463247906881,0.2,0.6652334770406433,0.8790000000000004,1
105,18,111,193,1421,1614,self,5.342906790455789,3.006463247906881,0.2,0.6652334770406433,0.5380000000000003,1
105,19,111,193,1421,1614,stranger,1.2725339187105984,3.006463247906881,0.2,0.6652334770406433,2.0479999999999072,1
105,20,111,193,1421,1614,self,5.043808696470674,3.006463247906881,0.2,0.6652334770406433,0.7390000000000003,1
105,21,111,193,1421,1614,self,5.791626446399278,3.006463247906881,0.2,0.6652334770406433,0.5750000000000003,1
105,22,111,193,1421,1614,stranger,1.0836276950530082,3.006463247906881,0.2,0.6652334770406433,1.614,0
105,23,111,193,1421,1614,stranger,0.7196067354560596,3.006463247906881,0.2,0.6652334770406433,1.614,0
105,24,111,193,1421,1614,self,6.272307528440766,3.006463247906881,0.2,0.6652334770406433,0.5130000000000002,1
105,25,111,193,1421,1614,self,5.036140374321051,3.006463247906881,0.2,0.6652334770406433,0.7290000000000003,1
105,26,111,193,1421,1614,stranger,1.2686082623281962,3.006463247906881,0.2,0.6652334770406433,1.614,0
105,27,111,193,1421,1614,stranger,1.491233326264979,3.006463247906881,0.2,0.6652334770406433,0.8380000000000005,1
105,28,111,193,1421,1614,stranger,1.480139888699347,3.006463247906881,0.2,0.6652334770406433,1.8799999999999257,1
105,29,111,193,1421,1614,self,5.480730033415736,3.006463247906881,0.2,0.6652334770406433,0.6500000000000004,1
105,30,111,193,1421,1614,stranger,1.3947025926521859,3.006463247906881,0.2,0.6652334770406433,1.4929999999999684,1
105,31,111,193,1421,1614,self,5.115557945602581,3.006463247906881,0.2,0.6652334770406433,0.4620000000000002,1
105,32,111,193,1421,1614,self,5.581672039412711,3.006463247906881,0.2,0.6652334770406433,0.6400000000000003,1
105,33,111,193,1421,1614,stranger,0.6653228770159832,3.006463247906881,0.2,0.6652334770406433,1.614,0
105,34,111,193,1421,1614,self,5.667009527784222,3.006463247906881,0.2,0.6652334770406433,0.7190000000000003,1
105,35,111,193,1421,1614,self,5.544643018976172,3.006463247906881,0.2,0.6652334770406433,0.6250000000000003,1
105,36,111,193,1421,1614,stranger,2.0001329611042515,3.006463247906881,0.2,0.6652334770406433,0.7500000000000004,1
105,37,111,193,1421,1614,stranger,-0.006613997146771897,3.006463247906881,0.2,0.6652334770406433,0.3520000000000001,0
105,38,111,193,1421,1614,self,5.350686624265148,3.006463247906881,0.2,0.6652334770406433,0.4840000000000002,1
105,39,111,193,1421,1614,self,5.986559402800763,3.006463247906881,0.2,0.6652334770406433,0.4520000000000002,1
105,40,111,193,1421,1614,stranger,1.7282198430710687,3.006463247906881,0.2,0.6652334770406433,1.2659999999999934,1
105,41,111,193,1421,1614,stranger,1.7647635213921822,3.006463247906881,0.2,0.6652334770406433,1.5009999999999675,1
105,42,111,193,1421,1614,stranger,1.194428074288301,3.006463247906881,0.2,0.6652334770406433,1.614,0
105,43,111,193,1421,1614,stranger,0.7097890886800516,3.006463247906881,0.2,0.6652334770406433,0.3560000000000001,0
105,44,111,193,1421,1614,self,5.134261299475023,3.006463247906881,0.2,0.6652334770406433,0.6950000000000004,1
105,45,111,193,1421,1614,stranger,0.5768596051392961,3.006463247906881,0.2,0.6652334770406433,0.3240000000000001,0
105,46,111,193,1421,1614,stranger,1.6541478850618059,3.006463247906881,0.2,0.6652334770406433,2.2679999999998834,1
105,47,111,193,1421,1614,self,5.16566688264089,3.006463247906881,0.2,0.6652334770406433,0.4940000000000002,1
105,48,111,193,1421,1614,stranger,1.562815313406356,3.006463247906881,0.2,0.6652334770406433,1.3189999999999875,1
105,49,111,193,1421,1614,stranger,1.3392886285899346,3.006463247906881,0.2,0.6652334770406433,0.5510000000000003,0
105,50,111,193,1421,1614,self,5.0072146578523595,3.006463247906881,0.2,0.6652334770406433,0.9410000000000005,1
105,51,111,193,1421,1614,stranger,0.6564022689393164,3.006463247906881,0.2,0.6652334770406433,1.8639999999999275,1
105,52,111,193,1421,1614,self,4.656952555591934,3.006463247906881,0.2,0.6652334770406433,0.8220000000000005,1
105,53,111,193,1421,1614,self,5.645093008434272,3.006463247906881,0.2,0.6652334770406433,0.6830000000000004,1
105,54,111,193,1421,1614,self,6.179405089695806,3.006463247906881,0.2,0.6652334770406433,0.6940000000000004,1
105,55,111,193,1421,1614,self,6.008981830412114,3.006463247906881,0.2,0.6652334770406433,0.6710000000000004,1
105,56,111,193,1421,1614,self,5.637350711447011,3.006463247906881,0.2,0.6652334770406433,0.5760000000000003,1
105,57,111,193,1421,1614,stranger,1.6124755657735075,3.006463247906881,0.2,0.6652334770406433,1.5639999999999605,1
105,58,111,193,1421,1614,self,4.529034557955703,3.006463247906881,0.2,0.6652334770406433,0.7480000000000004,1
105,59,111,193,1421,1614,stranger,1.6051520260873184,3.006463247906881,0.2,0.6652334770406433,1.4479999999999733,1
105,60,111,193,1421,1614,stranger,1.047761076418585,3.006463247906881,0.2,0.6652334770406433,0.5320000000000003,0
106,1,108,220,1299,1519,stranger,2.1258418559476397,2.999055737188334,0.2,0.6668765689146658,1.0610000000000006,1
106,2,108,220,1299,1519,self,6.224608142617935,2.999055737188334,0.2,0.6668765689146658,0.4830000000000002,1
106,3,108,220,1299,1519,stranger,2.5451942673089505,2.999055737188334,0.2,0.6668765689146658,0.7580000000000005,1
106,4,108,220,1299,1519,stranger,1.1811738472725681,2.999055737188334,0.2,0.6668765689146658,1.6729999999999485,1
106,5,108,220,1299,1519,self,5.573576265365908,2.999055737188334,0.2,0.6668765689146658,0.4740000000000002,1
106,6,108,220,1299,1519,self,5.6530035276177,2.999055737188334,0.2,0.6668765689146658,0.4630000000000002,1
106,7,108,220,1299,1519,stranger,2.4024225386625164,2.999055737188334,0.2,0.6668765689146658,1.4839999999999693,1
106,8,108,220,1299,1519,self,6.494176345450119,2.999055737188334,0.2,0.6668765689146658,0.6690000000000004,1
106,9,108,220,1299,1519,stranger,1.606310795406921,2.999055737188334,0.2,0.6668765689146658,1.5190000000000001,0
106,10,108,220,1299,1519,self,6.037704105196479,2.999055737188334,0.2,0.6668765689146658,0.4610000000000002,1
106,11,108,220,1299,1519,stranger,0.020562301806935912,2.999055737188334,0.2,0.6668765689146658,1.5190000000000001,0
106,12,108,220,1299,1519,stranger,2.0127851591405617,2.999055737188334,0.2,0.6668765689146658,1.5889999999999578,1
106,13,108,220,1299,1519,stranger,1.8203375051303923,2.999055737188334,0.2,0.6668765689146658,0.8400000000000005,1
106,14,108,220,1299,1519,stranger,1.7362961289485328,2.999055737188334,0.2,0.6668765689146658,0.3420000000000001,0
106,15,108,220,1299,1519,self,5.800960113324439,2.999055737188334,0.2,0.6668765689146658,0.6040000000000003,1
106,16,108,220,1299,1519,self,6.220129903965078,2.999055737188334,0.2,0.6668765689146658,0.4970000000000002,1
106,17,108,220,1299,1519,self,5.380094514092679,2.999055737188334,0.2,0.6668765689146658,0.5150000000000002,1
106,18,108,220,1299,1519,self,5.091734889263638,2.999055737188334,0.2,0.6668765689146658,0.5440000000000003,1
106,19,108,220,1299,1519,self,6.051464954763828,2.999055737188334,0.2,0.6668765689146658,0.4940000000000002,1
106,20,108,220,1299,1519,self,5.964273982971495,2.999055737188334,0.2,0.6668765689146658,0.5870000000000003,1
106,21,108,220,1299,1519,self,6.146305722400216,2.999055737188334,0.2,0.6668765689146658,0.4580000000000002,1
106,22,108,220,1299,1519,self,5.244469641515367,2.999055737188334,0.2,0.6668765689146658,0.7890000000000004,1
106,23,108,220,1299,1519,stranger,2.0264028667899736,2.999055737188334,0.2,0.6668765689146658,2.217999999999889,1
106,24,108,220,1299,1519,stranger,1.6857680223571143,2.999055737188334,0.2,0.6668765689146658,1.0420000000000007,1
106,25,108,220,1299,1519,self,5.8345561112072035,2.999055737188334,0.2,0.6668765689146658,0.6390000000000003,1
106,26,108,220,1299,1519,stranger,1.2590387465653679,2.999055737188334,0.2,0.6668765689146658,1.5190000000000001,0
106,27,108,220,1299,1519,self,5.18448713942794,2.999055737188334,0.2,0.6668765689146658,0.5620000000000003,1
106,28,108,220,1299,1519,stranger,2.3455841901638315,2.999055737188334,0.2,0.6668765689146658,2.0839999999999033,1
106,29,108,220,1299,1519,self,5.916446408946217,2.999055737188334,0.2,0.6668765689146658,0.5650000000000003,1
106,30,108,220,1299,1519,self,6.151808462402893,2.999055737188334,0.2,0.6668765689146658,0.5150000000000002,1
106,31,108,220,1299,1519,stranger,1.149241535561193,2.999055737188334,0.2,0.6668765689146658,1.5209999999999653,1
106,32,108,220,1299,1519,self,5.890929877339389,2.999055737188334,0.2,0.6668765689146658,0.6960000000000004,1
106,33,108,220,1299,1519,stranger,2.272059318631761,2.999055737188334,0.2,0.6668765689146658,1.2739999999999925,1
106,34,108,220,1299,1519,self,5.9635595279199975,2.999055737188334,0.2,0.6668765689146658,0.4690000000000002,1
106,35,108,220,1299,1519,stranger,2.5654419675951714,2.999055737188334,0.2,0.6668765689146658,1.2030000000000003,1
106,36,108,220,1299,1519,self,5.719701951776364,2.999055737188334,0.2,0.6668765689146658,0.8680000000000005,1
106,37,108,220,1299,1519,stranger,1.9537294145630388,2.999055737188334,0.2,0.6668765689146658,1.0740000000000007,1
106,38,108,220,1299,1519,stranger,0.730015386059788,2.999055737188334,0.2,0.6668765689146658,0.6110000000000003,0
106,39,108,220,1299,1519,self,6.552801229163247,2.999055737188334,0.2,0.6668765689146658,0.4510000000000002,1
106,40,108,220,1299,1519,stranger,1.2170913978839244,2.999055737188334,0.2,0.6668765689146658,1.5190000000000001,0
106,41,108,220,1299,1519,self,6.561128759275187,2.999055737188334,0.2,0.6668765689146658,0.5990000000000003,1
106,42,108,220,1299,1519,stranger,2.950051288434144,2.999055737188334,0.2,0.6668765689146658,0.6640000000000004,1
106,43,108,220,1299,1519,stranger,1.2689621205058965,2.999055737188334,0.2,0.6668765689146658,0.3830000000000001,0
106,44,108,220,1299,1519,self,5.650234942176874,2.999055737188334,0.2,0.6668765689146658,0.4530000000000002,1
106,45,108,220,1299,1519,self,6.525850062481706,2.999055737188334,0.2,0.6668765689146658,0.6650000000000004,1
106,46,108,220,1299,1519,stranger,2.415311069960064,2.999055737188334,0.2,0.6668765689146658,1.3529999999999838,1
106,47,108,220,1299,1519,stranger,1.6522089616046605,2.999055737188334,0.2,0.6668765689146658,1.5190000000000001,0
106,48,108,220,1299,1519,stranger,1.3480913688849763,2.999055737188334,0.2,0.6668765689146658,1.2099999999999995,1
106,49,108,220,1299,1519,self,5.9023381346777715,2.999055737188334,0.2,0.6668765689146658,0.4900000000000002,1
106,50,108,220,1299,1519,self,5.960405058273337,2.999055737188334,0.2,0.6668765689146658,0.4980000000000002,1
106,51,108,220,1299,1519,stranger,1.5876491090555298,2.999055737188334,0.2,0.6668765689146658,0.40500000000000014,0
106,52,108,220,1299,1519,stranger,1.899573893809217,2.999055737188334,0.2,0.6668765689146658,1.65899999999995,1
106,53,108,220,1299,1519,stranger,2.0983492949488847,2.999055737188334,0.2,0.6668765689146658,0.8670000000000004,1
106,54,108,220,1299,1519,self,6.782019873116816,2.999055737188334,0.2,0.6668765689146658,0.6210000000000003,1
106,55,108,220,1299,1519,stranger,1.5383606268965098,2.999055737188334,0.2,0.6668765689146658,1.2189999999999985,1
106,56,108,220,1299,1519,stranger,1.9314151323013398,2.999055737188334,0.2,0.6668765689146658,0.6910000000000004,1
106,57,108,220,1299,1519,stranger,0.8013347420845067,2.999055737188334,0.2,0.6668765689146658,1.5190000000000001,0
106,58,108,220,1299,1519,self,5.43469187575766,2.999055737188334,0.2,0.6668765689146658,0.6030000000000003,1
106,59,108,220,1299,1519,self,5.823478658862862,2.999055737188334,0.2,0.6668765689146658,0.5690000000000003,1
106,60,108,220,1299,1519,self,5.574236764637336,2.999055737188334,0.2,0.6668765689146658,0.6070000000000003,1
107,1,73,459,662,1121,self,6.140211521234326,3.2318666917566397,0.2,0.6188374059800485,0.8730000000000004,1
107,2,73,459,662,1121,stranger,0.9035511667809824,3.2318666917566397,0.2,0.6188374059800485,1.849999999999929,1
107,3,73,459,662,1121,self,6.3320404873160125,3.2318666917566397,0.2,0.6188374059800485,0.4550000000000002,1
107,4,73,459,662,1121,stranger,1.3127378319635445,3.2318666917566397,0.2,0.6188374059800485,1.121,0
107,5,73,459,662,1121,stranger,0.3876487895418763,3.2318666917566397,0.2,0.6188374059800485,2.123999999999899,1
107,6,73,459,662,1121,self,7.038228689281269,3.2318666917566397,0.2,0.6188374059800485,0.6310000000000003,1
107,7,73,459,662,1121,stranger,0.527695257156696,3.2318666917566397,0.2,0.6188374059800485,1.6889999999999468,1
107,8,73,459,662,1121,stranger,0.8420909728872257,3.2318666917566397,0.2,0.6188374059800485,1.640999999999952,1
107,9,73,459,662,1121,self,5.881673499923503,3.2318666917566397,0.2,0.6188374059800485,0.7050000000000003,1
107,10,73,459,662,1121,self,6.207118968157886,3.2318666917566397,0.2,0.6188374059800485,0.6030000000000003,1
107,11,73,459,662,1121,self,6.243431378493417,3.2318666917566397,0.2,0.6188374059800485,0.6620000000000004,1
107,12,73,459,662,1121,self,6.520102427716848,3.2318666917566397,0.2,0.6188374059800485,0.8800000000000006,1
107,13,73,459,662,1121,stranger,0.9509471430542078,3.2318666917566397,0.2,0.6188374059800485,1.121,0
107,14,73,459,662,1121,self,6.61529181469251,3.2318666917566397,0.2,0.6188374059800485,0.5220000000000002,1
107,15,73,459,662,1121,self,6.8889845660296665,3.2318666917566397,0.2,0.6188374059800485,0.5840000000000003,1
107,16,73,459,662,1121,self,6.599710639372793,3.2318666917566397,0.2,0.6188374059800485,0.5170000000000002,1
107,17,73,459,662,1121,self,6.5277368954723,3.2318666917566397,0.2,0.6188374059800485,0.5250000000000002,1
107,18,73,459,662,1121,self,6.78417621671645,3.2318666917566397,0.2,0.6188374059800485,0.6800000000000004,1
107,19,73,459,662,1121,self,7.2836470225039545,3.2318666917566397,0.2,0.6188374059800485,0.4890000000000002,1
107,20,73,459,662,1121,stranger,0.14375426874159136,3.2318666917566397,0.2,0.6188374059800485,2.048999999999907,0
107,21,73,459,662,1121,self,6.257218327345203,3.2318666917566397,0.2,0.6188374059800485,0.4940000000000002,1
107,22,73,459,662,1121,stranger,1.5227242623301214,3.2318666917566397,0.2,0.6188374059800485,1.3169999999999877,1
107,23,73,459,662,1121,stranger,0.504050409182716,3.2318666917566397,0.2,0.6188374059800485,1.121,0
107,24,73,459,662,1121,stranger,0.23650260883971463,3.2318666917566397,0.2,0.6188374059800485,0.4740000000000002,0
107,25,73,459,662,1121,stranger,1.2765543855011519,3.2318666917566397,0.2,0.6188374059800485,1.121,0
107,26,73,459,662,1121,self,6.772944897520235,3.2318666917566397,0.2,0.6188374059800485,0.5720000000000003,1
107,27,73,459,662,1121,self,7.1654611363229215,3.2318666917566397,0.2,0.6188374059800485,0.5410000000000003,1
107,28,73,459,662,1121,self,6.152093576322827,3.2318666917566397,0.2,0.6188374059800485,0.6430000000000003,1
107,29,73,459,662,1121,stranger,0.7579174624485066,3.2318666917566397,0.2,0.6188374059800485,0.3150000000000001,0
107,30,73,459,662,1121,stranger,0.875945777360998,3.2318666917566397,0.2,0.6188374059800485,2.02299999999991,0
107,31,73,459,662,1121,self,6.162326289225298,3.2318666917566397,0.2,0.6188374059800485,0.5500000000000003,1
107,32,73,459,662,1121,self,7.001170311974832,3.2318666917566397,0.2,0.6188374059800485,0.7180000000000004,1
107,33,73,459,662,1121,self,6.838381588197608,3.2318666917566397,0.2,0.6188374059800485,0.5790000000000003,1
107,34,73,459,662,1121,stranger,0.06978111261057052,3.2318666917566397,0.2,0.6188374059800485,1.121,0
107,35,73,459,662,1121,self,7.243205633838915,3.2318666917566397,0.2,0.6188374059800485,0.5920000000000003,1
107,36,73,459,662,1121,stranger,1.0686243057758256,3.2318666917566397,0.2,0.6188374059800485,1.7809999999999366,1
107,37,73,459,662,1121,self,5.756057693003951,3.2318666917566397,0.2,0.6188374059800485,0.4500000000000002,1
107,38,73,459,662,1121,stranger,0.5166400720153552,3.2318666917566397,0.2,0.6188374059800485,1.121,0
107,39,73,459,662,1121,self,6.820795929319031,3.2318666917566397,0.2,0.6188374059800485,0.5440000000000003,1
107,40,73,459,662,1121,stranger,1.1158517305851419,3.2318666917566397,0.2,0.6188374059800485,1.1370000000000007,1
107,41,73,459,662,1121,stranger,0.8077249009584113,3.2318666917566397,0.2,0.6188374059800485,1.4099999999999775,1
107,42,73,459,662,1121,stranger,0.9565361925208435,3.2318666917566397,0.2,0.6188374059800485,1.4369999999999745,1
107,43,73,459,662,1121,self,6.425690537423213,3.2318666917566397,0.2,0.6188374059800485,0.7020000000000004,1
107,44,73,459,662,1121,self,6.914135608640709,3.2318666917566397,0.2,0.6188374059800485,0.6460000000000004,1
107,45,73,459,662,1121,stranger,1.04227936493586,3.2318666917566397,0.2,0.6188374059800485,1.3839999999999804,1
107,46,73,459,662,1121,stranger,0.7585051394750073,3.2318666917566397,0.2,0.6188374059800485,1.121,0
107,47,73,459,662,1121,stranger,0.9630261335232082,3.2318666917566397,0.2,0.6188374059800485,1.65999999999995,1
107,48,73,459,662,1121,stranger,1.3602776587720962,3.2318666917566397,0.2,0.6188374059800485,1.685999999999947,1
107,49,73,459,662,1121,self,6.541187346921413,3.2318666917566397,0.2,0.6188374059800485,0.6960000000000004,1
107,50,73,459,662,1121,stranger,0.9799516533468082,3.2318666917566397,0.2,0.6188374059800485,1.7199999999999434,1
107,51,73,459,662,1121,stranger,1.4891154088892598,3.2318666917566397,0.2,0.6188374059800485,1.350999999999984,1
107,52,73,459,662,1121,stranger,1.2931960594911391,3.2318666917566397,0.2,0.6188374059800485,1.121,0
107,53,73,459,662,1121,stranger,0.5532204469134858,3.2318666917566397,0.2,0.6188374059800485,1.121,0
107,54,73,459,662,1121,stranger,1.537639190972055,3.2318666917566397,0.2,0.6188374059800485,0.9870000000000005,1
107,55,73,459,662,1121,self,7.076670549312366,3.2318666917566397,0.2,0.6188374059800485,0.5940000000000003,1
107,56,73,459,662,1121,self,6.555989534271333,3.2318666917566397,0.2,0.6188374059800485,0.6580000000000004,1
107,57,73,459,662,1121,self,6.499623891485028,3.2318666917566397,0.2,0.6188374059800485,0.5320000000000003,1
107,58,73,459,662,1121,stranger,1.2143806797434666,3.2318666917566397,0.2,0.6188374059800485,1.121,0
107,59,73,459,662,1121,stranger,0.016062822733551085,3.2318666917566397,0.2,0.6188374059800485,1.121,0
107,60,73,459,662,1121,self,6.079806758470458,3.2318666917566397,0.2,0.6188374059800485,0.8050000000000004,1
108,1,53,177,1002,1179,stranger,-0.5107701932658237,3.4393870472022714,0.2,0.5814989626209345,1.179,0
108,2,53,177,1002,1179,stranger,0.6210742604796257,3.4393870472022714,0.2,0.5814989626209345,1.179,0
108,3,53,177,1002,1179,self,3.265695733327638,3.4393870472022714,0.2,0.5814989626209345,1.1560000000000008,1
108,4,53,177,1002,1179,stranger,0.5378740744873692,3.4393870472022714,0.2,0.5814989626209345,1.179,0
108,5,53,177,1002,1179,stranger,1.3255809679589254,3.4393870472022714,0.2,0.5814989626209345,2.0449999999999076,1
108,6,53,177,1002,1179,self,4.344775683503105,3.4393870472022714,0.2,0.5814989626209345,0.8120000000000005,1
108,7,53,177,1002,1179,stranger,-0.4645011096042768,3.4393870472022714,0.2,0.5814989626209345,0.5840000000000003,0
108,8,53,177,1002,1179,stranger,0.43658690306175807,3.4393870472022714,0.2,0.5814989626209345,0.7790000000000004,0
108,9,53,177,1002,1179,stranger,0.5312073276849915,3.4393870472022714,0.2,0.5814989626209345,0.2900000000000001,0
108,10,53,177,1002,1179,self,3.8384532155910915,3.4393870472022714,0.2,0.5814989626209345,0.7770000000000004,1
108,11,53,177,1002,1179,self,3.9006410193831154,3.4393870472022714,0.2,0.5814989626209345,1.2479999999999953,1
108,12,53,177,1002,1179,stranger,-0.1290579220448116,3.4393870472022714,0.2,0.5814989626209345,1.179,0
108,13,53,177,1002,1179,stranger,0.2748215764473215,3.4393870472022714,0.2,0.5814989626209345,1.179,0
108,14,53,177,1002,1179,self,3.8912972102147187,3.4393870472022714,0.2,0.5814989626209345,0.4990000000000002,0
108,15,53,177,1002,1179,self,4.140968833884884,3.4393870472022714,0.2,0.5814989626209345,0.6710000000000004,1
108,16,53,177,1002,1179,stranger,0.0838598143911854,3.4393870472022714,0.2,0.5814989626209345,0.6900000000000004,0
108,17,53,177,1002,1179,stranger,0.36064908932420237,3.4393870472022714,0.2,0.5814989626209345,0.5450000000000003,0
108,18,53,177,1002,1179,self,4.244067839341382,3.4393870472022714,0.2,0.5814989626209345,0.6950000000000004,1
108,19,53,177,1002,1179,self,4.482767003633118,3.4393870472022714,0.2,0.5814989626209345,0.7570000000000003,1
108,20,53,177,1002,1179,self,4.898065508074566,3.4393870472022714,0.2,0.5814989626209345,0.6710000000000004,1
108,21,53,177,1002,1179,self,4.582301229036438,3.4393870472022714,0.2,0.5814989626209345,0.9110000000000005,1
108,22,53,177,1002,1179,stranger,1.0996506944802649,3.4393870472022714,0.2,0.5814989626209345,0.2910000000000001,0
108,23,53,177,1002,1179,stranger,0.4684921245527688,3.4393870472022714,0.2,0.5814989626209345,1.7519999999999398,1
108,24,53,177,1002,1179,stranger,-0.21615910324767718,3.4393870472022714,0.2,0.5814989626209345,1.8179999999999326,0
108,25,53,177,1002,1179,self,5.284570868546847,3.4393870472022714,0.2,0.5814989626209345,0.6720000000000004,1
108,26,53,177,1002,1179,stranger,0.3464459359720292,3.4393870472022714,0.2,0.5814989626209345,0.5550000000000003,0
108,27,53,177,1002,1179,self,4.115543571889356,3.4393870472022714,0.2,0.5814989626209345,1.1790000000000007,1
108,28,53,177,1002,1179,stranger,0.10403085573454707,3.4393870472022714,0.2,0.5814989626209345,0.4610000000000002,0
108,29,53,177,1002,1179,self,3.7193931280920896,3.4393870472022714,0.2,0.5814989626209345,0.5940000000000003,1
108,30,53,177,1002,1179,self,4.17390617165839,3.4393870472022714,0.2,0.5814989626209345,0.8140000000000005,1
108,31,53,177,1002,1179,self,4.090624745318233,3.4393870472022714,0.2,0.5814989626209345,0.8850000000000005,1
108,32,53,177,1002,1179,self,4.86848212585157,3.4393870472022714,0.2,0.5814989626209345,0.6330000000000003,1
108,33,53,177,1002,1179,self,4.954165151040197,3.4393870472022714,0.2,0.5814989626209345,1.0000000000000007,1
108,34,53,177,1002,1179,self,5.53867400766427,3.4393870472022714,0.2,0.5814989626209345,0.6750000000000004,1
108,35,53,177,1002,1179,stranger,0.8787493484728613,3.4393870472022714,0.2,0.5814989626209345,0.7020000000000004,1
108,36,53,177,1002,1179,self,4.429615073934451,3.4393870472022714,0.2,0.5814989626209345,0.6870000000000004,1
108,37,53,177,1002,1179,self,4.561919436307127,3.4393870472022714,0.2,0.5814989626209345,0.5890000000000003,1
108,38,53,177,1002,1179,self,4.349668958711187,3.4393870472022714,0.2,0.5814989626209345,1.3519999999999839,1
108,39,53,177,1002,1179,self,3.483165472521265,3.4393870472022714,0.2,0.5814989626209345,1.8749999999999263,1
108,40,53,177,1002,1179,stranger,-0.6122175316628579,3.4393870472022714,0.2,0.5814989626209345,0.4780000000000002,0
108,41,53,177,1002,1179,stranger,0.06489480749971455,3.4393870472022714,0.2,0.5814989626209345,1.8739999999999264,0
108,42,53,177,1002,1179,self,4.674866505018787,3.4393870472022714,0.2,0.5814989626209345,0.7380000000000004,1
108,43,53,177,1002,1179,stranger,-0.1907087691533198,3.4393870472022714,0.2,0.5814989626209345,1.1890000000000007,0
108,44,53,177,1002,1179,stranger,0.1386017178210367,3.4393870472022714,0.2,0.5814989626209345,0.5260000000000002,0
108,45,53,177,1002,1179,stranger,-0.2753293844898649,3.4393870472022714,0.2,0.5814989626209345,0.3590000000000001,0
108,46,53,177,1002,1179,stranger,0.708553869718077,3.4393870472022714,0.2,0.5814989626209345,1.179,0
108,47,53,177,1002,1179,stranger,0.10804749895583654,3.4393870472022714,0.2,0.5814989626209345,0.26200000000000007,0
108,48,53,177,1002,1179,self,5.490716897010625,3.4393870472022714,0.2,0.5814989626209345,0.6940000000000004,1
108,49,53,177,1002,1179,self,3.9226524824673645,3.4393870472022714,0.2,0.5814989626209345,0.8960000000000006,1
108,50,53,177,1002,1179,self,4.821774584890562,3.4393870472022714,0.2,0.5814989626209345,0.8600000000000005,1
108,51,53,177,1002,1179,stranger,0.18745124633170496,3.4393870472022714,0.2,0.5814989626209345,1.2369999999999965,0
108,52,53,177,1002,1179,self,3.642565308980449,3.4393870472022714,0.2,0.5814989626209345,0.9410000000000005,1
108,53,53,177,1002,1179,stranger,0.21029954585990274,3.4393870472022714,0.2,0.5814989626209345,1.179,0
108,54,53,177,1002,1179,self,4.325090266759189,3.4393870472022714,0.2,0.5814989626209345,0.7000000000000004,1
108,55,53,177,1002,1179,self,4.743737299725234,3.4393870472022714,0.2,0.5814989626209345,0.6180000000000003,1
108,56,53,177,1002,1179,stranger,0.6389558844435704,3.4393870472022714,0.2,0.5814989626209345,1.179,0
108,57,53,177,1002,1179,self,3.9705643574963125,3.4393870472022714,0.2,0.5814989626209345,1.1620000000000008,1
108,58,53,177,1002,1179,stranger,-0.5465346816321098,3.4393870472022714,0.2,0.5814989626209345,0.25100000000000006,0
108,59,53,177,1002,1179,stranger,0.987468154253245,3.4393870472022714,0.2,0.5814989626209345,1.4339999999999749,0
108,60,53,177,1002,1179,stranger,0.4284101110211599,3.4393870472022714,0.2,0.5814989626209345,2.130999999999898,1
109,1,74,552,1460,2012,self,8.297474715949846,3.4755538073724495,0.2,0.5754478597792213,0.5850000000000003,1
109,2,74,552,1460,2012,stranger,2.4216702810209196,3.4755538073724495,0.2,0.5754478597792213,1.7729999999999375,1
109,3,74,552,1460,2012,self,8.537465783297199,3.4755538073724495,0.2,0.5754478597792213,0.5990000000000003,1
109,4,74,552,1460,2012,stranger,3.120639046254564,3.4755538073724495,0.2,0.5754478597792213,1.8619999999999277,1
109,5,74,552,1460,2012,self,9.019117099432131,3.4755538073724495,0.2,0.5754478597792213,0.5790000000000003,1
109,6,74,552,1460,2012,self,8.929624463341376,3.4755538073724495,0.2,0.5754478597792213,0.43000000000000016,1
109,7,74,552,1460,2012,self,8.76083898536409,3.4755538073724495,0.2,0.5754478597792213,0.43000000000000016,1
109,8,74,552,1460,2012,self,8.35475798300268,3.4755538073724495,0.2,0.5754478597792213,0.7200000000000004,1
109,9,74,552,1460,2012,stranger,3.7719615786968808,3.4755538073724495,0.2,0.5754478597792213,1.2030000000000003,1
109,10,74,552,1460,2012,self,10.0,3.4755538073724495,0.2,0.5754478597792213,0.5210000000000002,1
109,11,74,552,1460,2012,self,8.32326464331525,3.4755538073724495,0.2,0.5754478597792213,0.6140000000000003,1
109,12,74,552,1460,2012,stranger,3.195402967858704,3.4755538073724495,0.2,0.5754478597792213,0.9340000000000006,1
109,13,74,552,1460,2012,stranger,2.810504961687604,3.4755538073724495,0.2,0.5754478597792213,0.8390000000000004,1
109,14,74,552,1460,2012,stranger,3.1467242257592236,3.4755538073724495,0.2,0.5754478597792213,0.7180000000000004,1
109,15,74,552,1460,2012,stranger,3.5068332529395705,3.4755538073724495,0.2,0.5754478597792213,0.7590000000000003,1
109,16,74,552,1460,2012,stranger,3.4002865276342393,3.4755538073724495,0.2,0.5754478597792213,1.0960000000000008,1
109,17,74,552,1460,2012,stranger,2.9581188088972734,3.4755538073724495,0.2,0.5754478597792213,1.7009999999999454,1
109,18,74,552,1460,2012,self,8.356386174124571,3.4755538073724495,0.2,0.5754478597792213,0.5120000000000002,1
109,19,74,552,1460,2012,self,9.155727732855425,3.4755538073724495,0.2,0.5754478597792213,0.6260000000000003,1
109,20,74,552,1460,2012,self,8.60675699918275,3.4755538073724495,0.2,0.5754478597792213,0.5370000000000003,1
109,21,74,552,1460,2012,stranger,2.3314182004450883,3.4755538073724495,0.2,0.5754478597792213,1.2040000000000002,1
109,22,74,552,1460,2012,self,8.758784357113072,3.4755538073724495,0.2,0.5754478597792213,0.5050000000000002,1
109,23,74,552,1460,2012,stranger,3.056656375813709,3.4755538073724495,0.2,0.5754478597792213,1.467999999999971,1
109,24,74,552,1460,2012,stranger,2.733624679606403,3.4755538073724495,0.2,0.5754478597792213,1.3129999999999882,1
109,25,74,552,1460,2012,stranger,3.7220786900579856,3.4755538073724495,0.2,0.5754478597792213,0.8430000000000004,1
109,26,74,552,1460,2012,self,7.54434388085895,3.4755538073724495,0.2,0.5754478597792213,0.4990000000000002,1
109,27,74,552,1460,2012,stranger,2.7214967695790415,3.4755538073724495,0.2,0.5754478597792213,1.0520000000000007,1
109,28,74,552,1460,2012,self,7.461384139951075,3.4755538073724495,0.2,0.5754478597792213,0.4950000000000002,1
109,29,74,552,1460,2012,stranger,3.0843598194382635,3.4755538073724495,0.2,0.5754478597792213,1.0820000000000007,1
109,30,74,552,1460,2012,stranger,2.6583849391032315,3.4755538073724495,0.2,0.5754478597792213,0.9120000000000006,1
109,31,74,552,1460,2012,self,8.283573735383989,3.4755538073724495,0.2,0.5754478597792213,0.5540000000000003,1
109,32,74,552,1460,2012,self,7.812962270355918,3.4755538073724495,0.2,0.5754478597792213,0.5200000000000002,1
109,33,74,552,1460,2012,self,7.89188868824559,3.4755538073724495,0.2,0.5754478597792213,0.6600000000000004,1
109,34,74,552,1460,2012,self,9.285741703135402,3.4755538073724495,0.2,0.5754478597792213,0.5080000000000002,1
109,35,74,552,1460,2012,stranger,2.783258275762237,3.4755538073724495,0.2,0.5754478597792213,0.8290000000000004,1
109,36,74,552,1460,2012,stranger,3.3130604791670435,3.4755538073724495,0.2,0.5754478597792213,0.9100000000000006,1
109,37,74,552,1460,2012,self,8.227772175236508,3.4755538073724495,0.2,0.5754478597792213,0.5660000000000003,1
109,38,74,552,1460,2012,stranger,2.6266141112597996,3.4755538073724495,0.2,0.5754478597792213,0.8970000000000005,1
109,39,74,552,1460,2012,stranger,2.189903630296442,3.4755538073724495,0.2,0.5754478597792213,1.260999999999994,1
109,40,74,552,1460,2012,stranger,1.795986236175342,3.4755538073724495,0.2,0.5754478597792213,1.7099999999999445,1
109,41,74,552,1460,2012,self,8.845575869928084,3.4755538073724495,0.2,0.5754478597792213,0.5160000000000002,1
109,42,74,552,1460,2012,self,9.322155565060052,3.4755538073724495,0.2,0.5754478597792213,0.5730000000000003,1
109,43,74,552,1460,2012,stranger,2.753257614036688,3.4755538073724495,0.2,0.5754478597792213,0.9630000000000005,1
109,44,74,552,1460,2012,self,7.4879256961167275,3.4755538073724495,0.2,0.5754478597792213,0.6120000000000003,1
109,45,74,552,1460,2012,stranger,2.07269090214455,3.4755538073724495,0.2,0.5754478597792213,0.5670000000000003,1
109,46,74,552,1460,2012,self,8.425198158436366,3.4755538073724495,0.2,0.5754478597792213,0.4840000000000002,1
109,47,74,552,1460,2012,stranger,3.4605356340517415,3.4755538073724495,0.2,0.5754478597792213,1.1650000000000007,1
109,48,74,552,1460,2012,stranger,2.9779382843785926,3.4755538073724495,0.2,0.5754478597792213,1.4259999999999757,1
109,49,74,552,1460,2012,self,8.862631727069406,3.4755538073724495,0.2,0.5754478597792213,0.5430000000000003,1
109,50,74,552,1460,2012,self,8.67322736504904,3.4755538073724495,0.2,0.5754478597792213,0.5520000000000003,1
109,51,74,552,1460,2012,self,8.622173117971057,3.4755538073724495,0.2,0.5754478597792213,0.5440000000000003,1
109,52,74,552,1460,2012,stranger,2.4387188909375044,3.4755538073724495,0.2,0.5754478597792213,0.9360000000000006,1
109,53,74,552,1460,2012,stranger,3.235392792346543,3.4755538073724495,0.2,0.5754478597792213,1.587999999999958,1
109,54,74,552,1460,2012,self,7.8564636459474,3.4755538073724495,0.2,0.5754478597792213,0.5320000000000003,1
109,55,74,552,1460,2012,stranger,1.5182922359866486,3.4755538073724495,0.2,0.5754478597792213,0.5040000000000002,0
109,56,74,552,1460,2012,stranger,3.1998261872172136,3.4755538073724495,0.2,0.5754478597792213,0.9570000000000005,1
109,57,74,552,1460,2012,self,8.913497698402608,3.4755538073724495,0.2,0.5754478597792213,0.5260000000000002,1
109,58,74,552,1460,2012,self,8.278913464843548,3.4755538073724495,0.2,0.5754478597792213,0.5370000000000003,1
109,59,74,552,1460,2012,stranger,3.2946404048093387,3.4755538073724495,0.2,0.5754478597792213,0.6450000000000004,1
109,60,74,552,1460,2012,self,7.808556117302221,3.4755538073724495,0.2,0.5754478597792213,0.41800000000000015,1
110,1,58,473,1315,1788,stranger,1.7921926442936549,4.0492051213297335,0.2,0.4939241011685801,1.2979999999999898,1
110,2,58,473,1315,1788,self,7.107356720902505,4.0492051213297335,0.2,0.4939241011685801,0.6420000000000003,1
110,3,58,473,1315,1788,self,7.368778392984243,4.0492051213297335,0.2,0.4939241011685801,0.7180000000000004,1
110,4,58,473,1315,1788,stranger,2.1793657611670727,4.0492051213297335,0.2,0.4939241011685801,1.4979999999999678,1
110,5,58,473,1315,1788,self,7.2324041995168145,4.0492051213297335,0.2,0.4939241011685801,0.6230000000000003,1
110,6,58,473,1315,1788,self,7.420193682593377,4.0492051213297335,0.2,0.4939241011685801,0.7370000000000003,1
110,7,58,473,1315,1788,self,7.402647230472439,4.0492051213297335,0.2,0.4939241011685801,0.6470000000000004,1
110,8,58,473,1315,1788,stranger,2.3474980435147947,4.0492051213297335,0.2,0.4939241011685801,1.788,0
110,9,58,473,1315,1788,stranger,2.3466934341470878,4.0492051213297335,0.2,0.4939241011685801,1.6119999999999552,1
110,10,58,473,1315,1788,stranger,1.7818779742647508,4.0492051213297335,0.2,0.4939241011685801,1.5129999999999661,1
110,11,58,473,1315,1788,self,7.747432008756428,4.0492051213297335,0.2,0.4939241011685801,0.5730000000000003,1
110,12,58,473,1315,1788,stranger,3.1752135020580936,4.0492051213297335,0.2,0.4939241011685801,1.3859999999999801,1
110,13,58,473,1315,1788,self,7.645520504627201,4.0492051213297335,0.2,0.4939241011685801,0.6720000000000004,1
110,14,58,473,1315,1788,self,7.81630631756127,4.0492051213297335,0.2,0.4939241011685801,0.7130000000000003,1
110,15,58,473,1315,1788,stranger,2.3310935065012175,4.0492051213297335,0.2,0.4939241011685801,1.459999999999972,1
110,16,58,473,1315,1788,self,7.867837832453329,4.0492051213297335,0.2,0.4939241011685801,0.5490000000000003,1
110,17,58,473,1315,1788,stranger,2.403740691237701,4.0492051213297335,0.2,0.4939241011685801,1.7699999999999378,1
110,18,58,473,1315,1788,stranger,1.539695828676705,4.0492051213297335,0.2,0.4939241011685801,0.9560000000000006,0
110,19,58,473,1315,1788,stranger,2.072244946361191,4.0492051213297335,0.2,0.4939241011685801,2.2599999999998843,1
110,20,58,473,1315,1788,stranger,2.472583825725331,4.0492051213297335,0.2,0.4939241011685801,1.5339999999999638,1
110,21,58,473,1315,1788,self,6.361425486472132,4.0492051213297335,0.2,0.4939241011685801,0.9240000000000006,1
110,22,58,473,1315,1788,self,7.493908938450806,4.0492051213297335,0.2,0.4939241011685801,0.6180000000000003,1
110,23,58,473,1315,1788,stranger,1.5925745017492643,4.0492051213297335,0.2,0.4939241011685801,2.2929999999998807,1
110,24,58,473,1315,1788,stranger,2.165101729041096,4.0492051213297335,0.2,0.4939241011685801,0.3480000000000001,0
110,25,58,473,1315,1788,self,6.8354132597116015,4.0492051213297335,0.2,0.4939241011685801,0.5420000000000003,1
110,26,58,473,1315,1788,stranger,2.204726039549937,4.0492051213297335,0.2,0.4939241011685801,1.859999999999928,1
110,27,58,473,1315,1788,stranger,1.796678983189293,4.0492051213297335,0.2,0.4939241011685801,2.4669999999998615,1
110,28,58,473,1315,1788,stranger,1.153314982067473,4.0492051213297335,0.2,0.4939241011685801,0.2990000000000001,0
110,29,58,473,1315,1788,self,7.908227937565184,4.0492051213297335,0.2,0.4939241011685801,0.5340000000000003,1
110,30,58,473,1315,1788,self,7.694591538345667,4.0492051213297335,0.2,0.4939241011685801,0.7080000000000004,1
110,31,58,473,1315,1788,self,7.978090690919202,4.0492051213297335,0.2,0.4939241011685801,0.7840000000000005,1
110,32,58,473,1315,1788,stranger,2.0865575474497144,4.0492051213297335,0.2,0.4939241011685801,0.2920000000000001,0
110,33,58,473,1315,1788,stranger,2.5612206921552882,4.0492051213297335,0.2,0.4939241011685801,0.9770000000000005,1
110,34,58,473,1315,1788,self,7.020862569085633,4.0492051213297335,0.2,0.4939241011685801,0.5540000000000003,1
110,35,58,473,1315,1788,self,7.187215291802859,4.0492051213297335,0.2,0.4939241011685801,0.6540000000000004,1
110,36,58,473,1315,1788,self,7.48358893666466,4.0492051213297335,0.2,0.4939241011685801,0.7100000000000004,1
110,37,58,473,1315,1788,self,7.686381820494228,4.0492051213297335,0.2,0.4939241011685801,0.7210000000000003,1
110,38,58,473,1315,1788,self,7.378232937159316,4.0492051213297335,0.2,0.4939241011685801,0.7430000000000003,1
110,39,58,473,1315,1788,stranger,1.3792515134001642,4.0492051213297335,0.2,0.4939241011685801,1.8009999999999344,1
110,40,58,473,1315,1788,stranger,2.27082790822929,4.0492051213297335,0.2,0.4939241011685801,1.5989999999999567,1
110,41,58,473,1315,1788,stranger,1.7284808641923899,4.0492051213297335,0.2,0.4939241011685801,1.2579999999999942,1
110,42,58,473,1315,1788,self,8.246589630667042,4.0492051213297335,0.2,0.4939241011685801,0.8410000000000004,1
110,43,58,473,1315,1788,stranger,0.8577126742151789,4.0492051213297335,0.2,0.4939241011685801,1.5029999999999673,1
110,44,58,473,1315,1788,self,6.988069243713318,4.0492051213297335,0.2,0.4939241011685801,0.8420000000000005,1
110,45,58,473,1315,1788,self,7.232612176667279,4.0492051213297335,0.2,0.4939241011685801,0.7320000000000004,1
110,46,58,473,1315,1788,self,8.166952704145624,4.0492051213297335,0.2,0.4939241011685801,0.5950000000000003,1
110,47,58,473,1315,1788,stranger,2.752702760382777,4.0492051213297335,0.2,0.4939241011685801,1.0870000000000006,1
110,48,58,473,1315,1788,stranger,2.3657156585689014,4.0492051213297335,0.2,0.4939241011685801,1.4389999999999743,1
110,49,58,473,1315,1788,stranger,2.9116557157653182,4.0492051213297335,0.2,0.4939241011685801,1.7609999999999388,1
110,50,58,473,1315,1788,self,7.854739120482364,4.0492051213297335,0.2,0.4939241011685801,0.6840000000000004,1
110,51,58,473,1315,1788,self,7.28908841545867,4.0492051213297335,0.2,0.4939241011685801,0.7020000000000004,1
110,52,58,473,1315,1788,stranger,1.6974942337022854,4.0492051213297335,0.2,0.4939241011685801,1.4849999999999692,1
110,53,58,473,1315,1788,stranger,1.9246345722746678,4.0492051213297335,0.2,0.4939241011685801,0.3450000000000001,0
110,54,58,473,1315,1788,self,7.221177194732827,4.0492051213297335,0.2,0.4939241011685801,0.6880000000000004,1
110,55,58,473,1315,1788,self,7.507119716725188,4.0492051213297335,0.2,0.4939241011685801,0.6250000000000003,1
110,56,58,473,1315,1788,self,8.529588225413454,4.0492051213297335,0.2,0.4939241011685801,0.7530000000000003,1
110,57,58,473,1315,1788,self,8.35118155677391,4.0492051213297335,0.2,0.4939241011685801,0.5870000000000003,1
110,58,58,473,1315,1788,stranger,2.588410752403363,4.0492051213297335,0.2,0.4939241011685801,0.41000000000000014,0
110,59,58,473,1315,1788,stranger,1.7701985439926449,4.0492051213297335,0.2,0.4939241011685801,1.9559999999999174,1
110,60,58,473,1315,1788,stranger,1.9072902474106743,4.0492051213297335,0.2,0.4939241011685801,1.8349999999999307,1
111,1,68,518,976,1494,self,6.584954694073149,3.7486269127605953,0.2,0.5335286883823664,0.7240000000000004,1
111,2,68,518,976,1494,self,6.564616735338589,3.7486269127605953,0.2,0.5335286883823664,0.5960000000000003,1
111,3,68,518,976,1494,stranger,1.2435363753995152,3.7486269127605953,0.2,0.5335286883823664,1.6119999999999552,1
111,4,68,518,976,1494,self,7.584014601430862,3.7486269127605953,0.2,0.5335286883823664,0.5960000000000003,1
111,5,68,518,976,1494,self,7.079331096204758,3.7486269127605953,0.2,0.5335286883823664,0.8580000000000005,1
111,6,68,518,976,1494,self,7.17920572611156,3.7486269127605953,0.2,0.5335286883823664,0.6980000000000004,1
111,7,68,518,976,1494,stranger,0.6723039969942728,3.7486269127605953,0.2,0.5335286883823664,1.494,0
111,8,68,518,976,1494,stranger,1.8588644856226986,3.7486269127605953,0.2,0.5335286883823664,0.7830000000000004,1
111,9,68,518,976,1494,self,7.41163374232007,3.7486269127605953,0.2,0.5335286883823664,0.6460000000000004,1
111,10,68,518,976,1494,stranger,1.4499209517571174,3.7486269127605953,0.2,0.5335286883823664,1.2799999999999918,1
111,11,68,518,976,1494,self,7.335109292196032,3.7486269127605953,0.2,0.5335286883823664,0.6420000000000003,1
111,12,68,518,976,1494,stranger,2.3422780307466406,3.7486269127605953,0.2,0.5335286883823664,1.2739999999999925,1
111,13,68,518,976,1494,self,6.92902080376852,3.7486269127605953,0.2,0.5335286883823664,0.6700000000000004,1
111,14,68,518,976,1494,self,7.770518889086945,3.7486269127605953,0.2,0.5335286883823664,0.6940000000000004,1
111,15,68,518,976,1494,stranger,2.0113082034964016,3.7486269127605953,0.2,0.5335286883823664,1.268999999999993,1
111,16,68,518,976,1494,stranger,1.149935136771882,3.7486269127605953,0.2,0.5335286883823664,2.0379999999999083,1
111,17,68,518,976,1494,self,7.4150145449751665,3.7486269127605953,0.2,0.5335286883823664,0.8710000000000004,1
111,18,68,518,976,1494,stranger,2.64768913994389,3.7486269127605953,0.2,0.5335286883823664,1.1810000000000007,1
111,19,68,518,976,1494,stranger,1.2924753578864296,3.7486269127605953,0.2,0.5335286883823664,1.3739999999999815,1
111,20,68,518,976,1494,self,6.172471791311493,3.7486269127605953,0.2,0.5335286883823664,0.6350000000000003,1
111,21,68,518,976,1494,self,7.146267617513859,3.7486269127605953,0.2,0.5335286883823664,0.5960000000000003,1
111,22,68,518,976,1494,stranger,1.8876212631093532,3.7486269127605953,0.2,0.5335286883823664,1.6309999999999532,1
111,23,68,518,976,1494,self,7.184426447160739,3.7486269127605953,0.2,0.5335286883823664,0.5680000000000003,1
111,24,68,518,976,1494,stranger,1.7519903900603984,3.7486269127605953,0.2,0.5335286883823664,1.494,0
111,25,68,518,976,1494,stranger,1.801057599894101,3.7486269127605953,0.2,0.5335286883823664,1.5819999999999586,1
111,26,68,518,976,1494,self,7.580770990671491,3.7486269127605953,0.2,0.5335286883823664,0.5400000000000003,1
111,27,68,518,976,1494,self,6.903573847336242,3.7486269127605953,0.2,0.5335286883823664,0.5680000000000003,1
111,28,68,518,976,1494,stranger,2.4344540663462175,3.7486269127605953,0.2,0.5335286883823664,1.8899999999999246,1
111,29,68,518,976,1494,self,7.54440764179056,3.7486269127605953,0.2,0.5335286883823664,0.6540000000000004,1
111,30,68,518,976,1494,self,6.858065924902656,3.7486269127605953,0.2,0.5335286883823664,0.6050000000000003,1
111,31,68,518,976,1494,stranger,1.8438620761923588,3.7486269127605953,0.2,0.5335286883823664,1.0380000000000007,1
111,32,68,518,976,1494,self,7.007940385097408,3.7486269127605953,0.2,0.5335286883823664,0.6810000000000004,1
111,33,68,518,976,1494,stranger,1.7736280242430893,3.7486269127605953,0.2,0.5335286883823664,1.494,0
111,34,68,518,976,1494,stranger,2.5505219605826195,3.7486269127605953,0.2,0.5335286883823664,1.494,0
111,35,68,518,976,1494,self,6.653075115345196,3.7486269127605953,0.2,0.5335286883823664,0.7520000000000004,1
111,36,68,518,976,1494,self,6.606892101308453,3.7486269127605953,0.2,0.5335286883823664,0.6290000000000003,1
111,37,68,518,976,1494,self,7.1923819711752515,3.7486269127605953,0.2,0.5335286883823664,0.7610000000000003,1
111,38,68,518,976,1494,stranger,1.066805585234934,3.7486269127605953,0.2,0.5335286883823664,1.93199999999992,1
111,39,68,518,976,1494,self,6.781850659351665,3.7486269127605953,0.2,0.5335286883823664,0.5920000000000003,1
111,40,68,518,976,1494,stranger,1.4897437161561033,3.7486269127605953,0.2,0.5335286883823664,1.494,0
111,41,68,518,976,1494,stranger,1.6850597841030117,3.7486269127605953,0.2,0.5335286883823664,1.9629999999999166,1
111,42,68,518,976,1494,stranger,0.3469649912011825,3.7486269127605953,0.2,0.5335286883823664,1.0610000000000006,0
111,43,68,518,976,1494,stranger,1.8650878473111476,3.7486269127605953,0.2,0.5335286883823664,1.1610000000000007,1
111,44,68,518,976,1494,self,6.316538175082693,3.7486269127605953,0.2,0.5335286883823664,0.7390000000000003,1
111,45,68,518,976,1494,self,7.146472112834678,3.7486269127605953,0.2,0.5335286883823664,0.5440000000000003,1
111,46,68,518,976,1494,stranger,1.2403707185402986,3.7486269127605953,0.2,0.5335286883823664,2.104999999999901,1
111,47,68,518,976,1494,self,7.472684269293923,3.7486269127605953,0.2,0.5335286883823664,0.4950000000000002,1
111,48,68,518,976,1494,stranger,2.789652946368237,3.7486269127605953,0.2,0.5335286883823664,0.42100000000000015,0
111,49,68,518,976,1494,self,8.087562555786953,3.7486269127605953,0.2,0.5335286883823664,0.5700000000000003,1
111,50,68,518,976,1494,stranger,2.6294589628290383,3.7486269127605953,0.2,0.5335286883823664,1.232999999999997,1
111,51,68,518,976,1494,stranger,0.8031416427326168,3.7486269127605953,0.2,0.5335286883823664,0.3730000000000001,0
111,52,68,518,976,1494,self,8.032790612437182,3.7486269127605953,0.2,0.5335286883823664,0.5540000000000003,1
111,53,68,518,976,1494,stranger,1.1689015429440603,3.7486269127605953,0.2,0.5335286883823664,1.494,0
111,54,68,518,976,1494,self,7.750211640416008,3.7486269127605953,0.2,0.5335286883823664,0.7200000000000004,1
111,55,68,518,976,1494,stranger,2.0055196936275976,3.7486269127605953,0.2,0.5335286883823664,1.7669999999999382,1
111,56,68,518,976,1494,self,5.984934937499286,3.7486269127605953,0.2,0.5335286883823664,0.9340000000000006,1
111,57,68,518,976,1494,stranger,2.157072421567309,3.7486269127605953,0.2,0.5335286883823664,1.4169999999999767,1
111,58,68,518,976,1494,stranger,1.190911302328634,3.7486269127605953,0.2,0.5335286883823664,1.950999999999918,1
111,59,68,518,976,1494,stranger,1.3450075323089923,3.7486269127605953,0.2,0.5335286883823664,0.3600000000000001,0
111,60,68,518,976,1494,self,7.079311833244029,3.7486269127605953,0.2,0.5335286883823664,0.6610000000000004,1
112,1,92,258,1494,1752,stranger,2.5503592254441143,3.7840774516175855,0.2,0.5285304081566979,1.7699999999999378,1
112,2,92,258,1494,1752,stranger,1.8540625518977616,3.7840774516175855,0.2,0.5285304081566979,1.5349999999999637,1
112,3,92,258,1494,1752,self,6.717943403075081,3.7840774516175855,0.2,0.5285304081566979,0.7220000000000004,1
112,4,92,258,1494,1752,self,6.309687027297672,3.7840774516175855,0.2,0.5285304081566979,0.7670000000000003,1
112,5,92,258,1494,1752,stranger,2.660099338276069,3.7840774516175855,0.2,0.5285304081566979,1.3999999999999786,1
112,6,92,258,1494,1752,self,6.372520481625175,3.7840774516175855,0.2,0.5285304081566979,0.6620000000000004,1
112,7,92,258,1494,1752,stranger,1.7112825580604107,3.7840774516175855,0.2,0.5285304081566979,2.1339999999998978,1
112,8,92,258,1494,1752,self,7.0492421675969394,3.7840774516175855,0.2,0.5285304081566979,0.6660000000000004,1
112,9,92,258,1494,1752,stranger,0.5083298260556864,3.7840774516175855,0.2,0.5285304081566979,1.304999999999989,0
112,10,92,258,1494,1752,self,6.826740313044191,3.7840774516175855,0.2,0.5285304081566979,0.6200000000000003,1
112,11,92,258,1494,1752,self,6.578329698224709,3.7840774516175855,0.2,0.5285304081566979,0.7650000000000003,1
112,12,92,258,1494,1752,stranger,1.1634061897488885,3.7840774516175855,0.2,0.5285304081566979,1.7129999999999441,1
112,13,92,258,1494,1752,stranger,2.0868774011271887,3.7840774516175855,0.2,0.5285304081566979,1.3809999999999807,1
112,14,92,258,1494,1752,self,6.013391588990212,3.7840774516175855,0.2,0.5285304081566979,0.6970000000000004,1
112,15,92,258,1494,1752,stranger,2.5519877316174386,3.7840774516175855,0.2,0.5285304081566979,1.3639999999999826,1
112,16,92,258,1494,1752,self,5.9317818340567365,3.7840774516175855,0.2,0.5285304081566979,0.8190000000000004,1
112,17,92,258,1494,1752,stranger,1.7032031578814169,3.7840774516175855,0.2,0.5285304081566979,1.976999999999915,1
112,18,92,258,1494,1752,self,6.85511082781238,3.7840774516175855,0.2,0.5285304081566979,0.8110000000000004,1
112,19,92,258,1494,1752,stranger,0.3698934193311334,3.7840774516175855,0.2,0.5285304081566979,0.4720000000000002,0
112,20,92,258,1494,1752,stranger,1.6257258129446606,3.7840774516175855,0.2,0.5285304081566979,2.068999999999905,1
112,21,92,258,1494,1752,self,6.63429535710473,3.7840774516175855,0.2,0.5285304081566979,0.6620000000000004,1
112,22,92,258,1494,1752,stranger,1.1589637377918767,3.7840774516175855,0.2,0.5285304081566979,1.752,0
112,23,92,258,1494,1752,stranger,0.9950654908632326,3.7840774516175855,0.2,0.5285304081566979,1.752,0
112,24,92,258,1494,1752,stranger,0.5525710115689166,3.7840774516175855,0.2,0.5285304081566979,0.4870000000000002,0
112,25,92,258,1494,1752,self,6.9873417519849825,3.7840774516175855,0.2,0.5285304081566979,0.8330000000000004,1
112,26,92,258,1494,1752,stranger,1.2409735346510768,3.7840774516175855,0.2,0.5285304081566979,1.752,0
112,27,92,258,1494,1752,self,6.102032329829667,3.7840774516175855,0.2,0.5285304081566979,0.5790000000000003,1
112,28,92,258,1494,1752,stranger,1.5826069373591602,3.7840774516175855,0.2,0.5285304081566979,0.8880000000000006,0
112,29,92,258,1494,1752,self,6.993281606692589,3.7840774516175855,0.2,0.5285304081566979,0.5500000000000003,1
112,30,92,258,1494,1752,self,6.4411153324080175,3.7840774516175855,0.2,0.5285304081566979,0.6570000000000004,1
112,31,92,258,1494,1752,self,6.412448816853967,3.7840774516175855,0.2,0.5285304081566979,0.6940000000000004,1
112,32,92,258,1494,1752,stranger,1.7112038773642486,3.7840774516175855,0.2,0.5285304081566979,1.4669999999999712,1
112,33,92,258,1494,1752,stranger,1.153625535710976,3.7840774516175855,0.2,0.5285304081566979,1.5249999999999648,1
112,34,92,258,1494,1752,self,5.572041748396477,3.7840774516175855,0.2,0.5285304081566979,0.9120000000000006,1
112,35,92,258,1494,1752,self,6.070449955571778,3.7840774516175855,0.2,0.5285304081566979,0.7520000000000004,1
112,36,92,258,1494,1752,self,5.731254556279566,3.7840774516175855,0.2,0.5285304081566979,0.8510000000000004,1
112,37,92,258,1494,1752,self,5.988967909650026,3.7840774516175855,0.2,0.5285304081566979,0.8720000000000006,1
112,38,92,258,1494,1752,stranger,1.167842696895994,3.7840774516175855,0.2,0.5285304081566979,1.895999999999924,1
112,39,92,258,1494,1752,self,6.353956409662276,3.7840774516175855,0.2,0.5285304081566979,0.7120000000000004,1
112,40,92,258,1494,1752,stranger,0.8063685109335231,3.7840774516175855,0.2,0.5285304081566979,1.752,0
112,41,92,258,1494,1752,stranger,0.8854191317860569,3.7840774516175855,0.2,0.5285304081566979,2.2229999999998884,1
112,42,92,258,1494,1752,self,5.536251715181099,3.7840774516175855,0.2,0.5285304081566979,0.6330000000000003,1
112,43,92,258,1494,1752,stranger,2.376751427249673,3.7840774516175855,0.2,0.5285304081566979,1.694999999999946,1
112,44,92,258,1494,1752,stranger,1.450964678343772,3.7840774516175855,0.2,0.5285304081566979,1.6609999999999498,1
112,45,92,258,1494,1752,stranger,1.0082480397918236,3.7840774516175855,0.2,0.5285304081566979,1.5269999999999646,1
112,46,92,258,1494,1752,stranger,1.3372789074348714,3.7840774516175855,0.2,0.5285304081566979,2.1439999999998967,1
112,47,92,258,1494,1752,stranger,2.0195568459918065,3.7840774516175855,0.2,0.5285304081566979,0.9960000000000007,1
112,48,92,258,1494,1752,self,5.853505310088259,3.7840774516175855,0.2,0.5285304081566979,0.6160000000000003,1
112,49,92,258,1494,1752,self,5.3226664535007355,3.7840774516175855,0.2,0.5285304081566979,0.9210000000000005,1
112,50,92,258,1494,1752,self,5.737222495506041,3.7840774516175855,0.2,0.5285304081566979,0.8490000000000004,1
112,51,92,258,1494,1752,stranger,1.1851145819699336,3.7840774516175855,0.2,0.5285304081566979,1.7999999999999345,1
112,52,92,258,1494,1752,stranger,1.4406933369116175,3.7840774516175855,0.2,0.5285304081566979,1.0880000000000007,1
112,53,92,258,1494,1752,self,4.915341913587766,3.7840774516175855,0.2,0.5285304081566979,0.7480000000000004,1
112,54,92,258,1494,1752,stranger,1.6810993972202106,3.7840774516175855,0.2,0.5285304081566979,1.752,0
112,55,92,258,1494,1752,self,6.875415351815831,3.7840774516175855,0.2,0.5285304081566979,0.6700000000000004,1
112,56,92,258,1494,1752,stranger,2.3453403133524775,3.7840774516175855,0.2,0.5285304081566979,1.4429999999999739,1
112,57,92,258,1494,1752,self,5.393089144361037,3.7840774516175855,0.2,0.5285304081566979,0.9270000000000005,1
112,58,92,258,1494,1752,self,6.432683277491554,3.7840774516175855,0.2,0.5285304081566979,0.6400000000000003,1
112,59,92,258,1494,1752,self,6.525127885867728,3.7840774516175855,0.2,0.5285304081566979,0.7670000000000003,1
112,60,92,258,1494,1752,self,5.8536540309021206,3.7840774516175855,0.2,0.5285304081566979,0.8930000000000005,1
113,1,57,587,705,1292,self,5.948164341355819,3.430028355922485,0.2,0.5830855586213113,0.6420000000000003,1
113,2,57,587,705,1292,self,5.6514584509171515,3.430028355922485,0.2,0.5830855586213113,0.7780000000000005,1
113,3,57,587,705,1292,stranger,1.059976879368664,3.430028355922485,0.2,0.5830855586213113,1.292,0
113,4,57,587,705,1292,stranger,1.1421236520794618,3.430028355922485,0.2,0.5830855586213113,1.292,0
113,5,57,587,705,1292,self,5.808641773162613,3.430028355922485,0.2,0.5830855586213113,0.6290000000000003,1
113,6,57,587,705,1292,stranger,0.6619187518202766,3.430028355922485,0.2,0.5830855586213113,1.292,0
113,7,57,587,705,1292,self,6.663327971105148,3.430028355922485,0.2,0.5830855586213113,0.6320000000000003,1
113,8,57,587,705,1292,self,6.653301389099993,3.430028355922485,0.2,0.5830855586213113,0.5440000000000003,1
113,9,57,587,705,1292,stranger,0.7528203645321173,3.430028355922485,0.2,0.5830855586213113,1.4809999999999697,1
113,10,57,587,705,1292,stranger,1.0932130083697138,3.430028355922485,0.2,0.5830855586213113,1.4949999999999681,1
113,11,57,587,705,1292,stranger,0.7474025658332845,3.430028355922485,0.2,0.5830855586213113,0.26600000000000007,0
113,12,57,587,705,1292,self,7.143476408310883,3.430028355922485,0.2,0.5830855586213113,0.5540000000000003,1
113,13,57,587,705,1292,self,6.79282987281877,3.430028355922485,0.2,0.5830855586213113,0.5550000000000003,1
113,14,57,587,705,1292,stranger,1.0897211761198502,3.430028355922485,0.2,0.5830855586213113,1.292,0
113,15,57,587,705,1292,stranger,0.037957263936548746,3.430028355922485,0.2,0.5830855586213113,1.441999999999974,0
113,16,57,587,705,1292,stranger,1.0352288233749256,3.430028355922485,0.2,0.5830855586213113,0.5880000000000003,0
113,17,57,587,705,1292,self,6.481432106451129,3.430028355922485,0.2,0.5830855586213113,0.6540000000000004,1
113,18,57,587,705,1292,stranger,0.9571114256116243,3.430028355922485,0.2,0.5830855586213113,1.292,0
113,19,57,587,705,1292,stranger,1.4561243589182258,3.430028355922485,0.2,0.5830855586213113,1.5299999999999643,1
113,20,57,587,705,1292,stranger,1.2261992563789414,3.430028355922485,0.2,0.5830855586213113,1.8289999999999313,1
113,21,57,587,705,1292,stranger,1.2571646028124674,3.430028355922485,0.2,0.5830855586213113,2.087999999999903,1
113,22,57,587,705,1292,stranger,1.440914368810866,3.430028355922485,0.2,0.5830855586213113,1.5129999999999661,1
113,23,57,587,705,1292,self,6.67480919073636,3.430028355922485,0.2,0.5830855586213113,0.6960000000000004,1
113,24,57,587,705,1292,stranger,2.3785378168639473,3.430028355922485,0.2,0.5830855586213113,1.278999999999992,1
113,25,57,587,705,1292,self,6.9696776172282116,3.430028355922485,0.2,0.5830855586213113,0.5790000000000003,1
113,26,57,587,705,1292,stranger,0.8325676347581995,3.430028355922485,0.2,0.5830855586213113,1.292,0
113,27,57,587,705,1292,self,6.472881713840547,3.430028355922485,0.2,0.5830855586213113,0.6510000000000004,1
113,28,57,587,705,1292,stranger,1.3651181458332897,3.430028355922485,0.2,0.5830855586213113,1.9639999999999165,1
113,29,57,587,705,1292,self,5.2660591726733,3.430028355922485,0.2,0.5830855586213113,0.7600000000000005,1
113,30,57,587,705,1292,self,6.8533946344111065,3.430028355922485,0.2,0.5830855586213113,0.5580000000000003,1
113,31,57,587,705,1292,self,6.173217255068663,3.430028355922485,0.2,0.5830855586213113,0.4720000000000002,1
113,32,57,587,705,1292,self,7.256059219751647,3.430028355922485,0.2,0.5830855586213113,0.5710000000000003,1
113,33,57,587,705,1292,stranger,0.5956600619036215,3.430028355922485,0.2,0.5830855586213113,1.292,0
113,34,57,587,705,1292,self,6.527036129258504,3.430028355922485,0.2,0.5830855586213113,0.5950000000000003,1
113,35,57,587,705,1292,stranger,1.2048388257208384,3.430028355922485,0.2,0.5830855586213113,0.4980000000000002,0
113,36,57,587,705,1292,stranger,0.4718574265123122,3.430028355922485,0.2,0.5830855586213113,1.0730000000000006,0
113,37,57,587,705,1292,self,6.540646875015112,3.430028355922485,0.2,0.5830855586213113,0.6240000000000003,1
113,38,57,587,705,1292,self,5.979074059523053,3.430028355922485,0.2,0.5830855586213113,0.6980000000000004,1
113,39,57,587,705,1292,stranger,0.5550591901805092,3.430028355922485,0.2,0.5830855586213113,0.7090000000000003,0
113,40,57,587,705,1292,stranger,1.489896258429519,3.430028355922485,0.2,0.5830855586213113,1.9899999999999136,1
113,41,57,587,705,1292,self,7.478232891684666,3.430028355922485,0.2,0.5830855586213113,0.6530000000000004,1
113,42,57,587,705,1292,self,6.872190446554153,3.430028355922485,0.2,0.5830855586213113,0.6210000000000003,1
113,43,57,587,705,1292,stranger,0.18357596595046455,3.430028355922485,0.2,0.5830855586213113,0.6280000000000003,0
113,44,57,587,705,1292,self,6.507203988176327,3.430028355922485,0.2,0.5830855586213113,0.5290000000000002,1
113,45,57,587,705,1292,stranger,1.2031777119479168,3.430028355922485,0.2,0.5830855586213113,1.785999999999936,1
113,46,57,587,705,1292,stranger,1.24309494648613,3.430028355922485,0.2,0.5830855586213113,2.0919999999999024,0
113,47,57,587,705,1292,self,6.891624924971365,3.430028355922485,0.2,0.5830855586213113,0.4500000000000002,1
113,48,57,587,705,1292,stranger,1.5459451825079422,3.430028355922485,0.2,0.5830855586213113,1.7009999999999454,1
113,49,57,587,705,1292,self,6.973645572194263,3.430028355922485,0.2,0.5830855586213113,0.5290000000000002,1
113,50,57,587,705,1292,stranger,1.0234420722907118,3.430028355922485,0.2,0.5830855586213113,2.1099999999999004,1
113,51,57,587,705,1292,stranger,1.3334536176533187,3.430028355922485,0.2,0.5830855586213113,0.8270000000000004,0
113,52,57,587,705,1292,self,6.683812744972315,3.430028355922485,0.2,0.5830855586213113,0.6850000000000004,1
113,53,57,587,705,1292,stranger,1.0193991728065885,3.430028355922485,0.2,0.5830855586213113,2.1899999999998916,1
113,54,57,587,705,1292,self,5.37281633846166,3.430028355922485,0.2,0.5830855586213113,0.5850000000000003,1
113,55,57,587,705,1292,stranger,0.9034334377595675,3.430028355922485,0.2,0.5830855586213113,1.292,0
113,56,57,587,705,1292,self,6.910086754941903,3.430028355922485,0.2,0.5830855586213113,0.5090000000000002,1
113,57,57,587,705,1292,self,6.5593114737179485,3.430028355922485,0.2,0.5830855586213113,0.6870000000000004,1
113,58,57,587,705,1292,self,7.211695558509104,3.430028355922485,0.2,0.5830855586213113,0.5790000000000003,1
113,59,57,587,705,1292,self,7.277264525103536,3.430028355922485,0.2,0.5830855586213113,0.6590000000000004,1
113,60,57,587,705,1292,self,6.172445228984036,3.430028355922485,0.2,0.5830855586213113,0.5970000000000003,1
114,1,38,324,458,782,self,7.146331798059171,3.487081686327755,0.2,0.5735454973256447,0.41700000000000015,1
114,2,38,324,458,782,self,5.7127142119801215,3.487081686327755,0.2,0.5735454973256447,0.8310000000000004,1
114,3,38,324,458,782,self,6.714536522771391,3.487081686327755,0.2,0.5735454973256447,0.5010000000000002,1
114,4,38,324,458,782,self,7.363487266874311,3.487081686327755,0.2,0.5735454973256447,0.5760000000000003,1
114,5,38,324,458,782,stranger,2.6119414288593434,3.487081686327755,0.2,0.5735454973256447,1.5709999999999598,1
114,6,38,324,458,782,stranger,1.1677792405668102,3.487081686327755,0.2,0.5735454973256447,1.93199999999992,1
114,7,38,324,458,782,stranger,0.7746290051545075,3.487081686327755,0.2,0.5735454973256447,1.4759999999999702,0
114,8,38,324,458,782,self,6.780293991380907,3.487081686327755,0.2,0.5735454973256447,0.5710000000000003,1
114,9,38,324,458,782,stranger,0.9178492703433248,3.487081686327755,0.2,0.5735454973256447,0.2750000000000001,0
114,10,38,324,458,782,stranger,0.6873057875692432,3.487081686327755,0.2,0.5735454973256447,0.782,0
114,11,38,324,458,782,stranger,1.3087542972209778,3.487081686327755,0.2,0.5735454973256447,0.782,0
114,12,38,324,458,782,self,6.620047722177699,3.487081686327755,0.2,0.5735454973256447,0.4870000000000002,1
114,13,38,324,458,782,stranger,1.8839051542843546,3.487081686327755,0.2,0.5735454973256447,0.782,0
114,14,38,324,458,782,stranger,1.592801595003635,3.487081686327755,0.2,0.5735454973256447,0.3750000000000001,0
114,15,38,324,458,782,self,5.849535726382563,3.487081686327755,0.2,0.5735454973256447,0.7200000000000004,1
114,16,38,324,458,782,stranger,1.5395919209970352,3.487081686327755,0.2,0.5735454973256447,1.4649999999999714,1
114,17,38,324,458,782,self,5.942519056737897,3.487081686327755,0.2,0.5735454973256447,0.8780000000000006,1
114,18,38,324,458,782,stranger,1.3979877473112687,3.487081686327755,0.2,0.5735454973256447,1.4019999999999784,0
114,19,38,324,458,782,stranger,1.5962829725161833,3.487081686327755,0.2,0.5735454973256447,0.4720000000000002,0
114,20,38,324,458,782,self,6.577514273372042,3.487081686327755,0.2,0.5735454973256447,0.6370000000000003,1
114,21,38,324,458,782,self,6.612211235753156,3.487081686327755,0.2,0.5735454973256447,0.5460000000000003,1
114,22,38,324,458,782,self,6.639532143376704,3.487081686327755,0.2,0.5735454973256447,0.41100000000000014,1
114,23,38,324,458,782,stranger,1.6207903375987636,3.487081686327755,0.2,0.5735454973256447,0.782,0
114,24,38,324,458,782,stranger,2.1592791019554496,3.487081686327755,0.2,0.5735454973256447,0.9750000000000005,1
114,25,38,324,458,782,stranger,1.248764352160777,3.487081686327755,0.2,0.5735454973256447,0.40500000000000014,0
114,26,38,324,458,782,stranger,1.9230162687707226,3.487081686327755,0.2,0.5735454973256447,0.40900000000000014,0
114,27,38,324,458,782,self,6.823732621971394,3.487081686327755,0.2,0.5735454973256447,0.5290000000000002,1
114,28,38,324,458,782,stranger,1.9153337147336296,3.487081686327755,0.2,0.5735454973256447,1.0510000000000006,1
114,29,38,324,458,782,stranger,0.9059881284150282,3.487081686327755,0.2,0.5735454973256447,1.8059999999999339,1
114,30,38,324,458,782,stranger,1.9265978370965224,3.487081686327755,0.2,0.5735454973256447,0.9530000000000005,1
114,31,38,324,458,782,self,6.148198582790598,3.487081686327755,0.2,0.5735454973256447,0.7390000000000003,1
114,32,38,324,458,782,self,6.785828865576037,3.487081686327755,0.2,0.5735454973256447,0.5360000000000003,1
114,33,38,324,458,782,self,6.738428560231914,3.487081686327755,0.2,0.5735454973256447,0.6450000000000004,1
114,34,38,324,458,782,self,6.715584512104767,3.487081686327755,0.2,0.5735454973256447,0.6570000000000004,1
114,35,38,324,458,782,stranger,1.4484098017347729,3.487081686327755,0.2,0.5735454973256447,0.782,0
114,36,38,324,458,782,self,6.6880265989016054,3.487081686327755,0.2,0.5735454973256447,0.5350000000000003,1
114,37,38,324,458,782,self,7.239452959616129,3.487081686327755,0.2,0.5735454973256447,0.6120000000000003,1
114,38,38,324,458,782,self,6.992727666165042,3.487081686327755,0.2,0.5735454973256447,0.5270000000000002,1
114,39,38,324,458,782,stranger,1.3431189319120103,3.487081686327755,0.2,0.5735454973256447,1.1380000000000008,1
114,40,38,324,458,782,self,6.438848691380282,3.487081686327755,0.2,0.5735454973256447,1.0460000000000007,1
114,41,38,324,458,782,stranger,1.1375295892252266,3.487081686327755,0.2,0.5735454973256447,0.782,0
114,42,38,324,458,782,self,6.725386595752543,3.487081686327755,0.2,0.5735454973256447,0.4810000000000002,1
114,43,38,324,458,782,self,6.341068427886425,3.487081686327755,0.2,0.5735454973256447,0.9750000000000005,1
114,44,38,324,458,782,self,6.177201861303263,3.487081686327755,0.2,0.5735454973256447,0.6390000000000003,1
114,45,38,324,458,782,stranger,2.040212564269731,3.487081686327755,0.2,0.5735454973256447,1.2339999999999969,1
114,46,38,324,458,782,stranger,1.9075425374369988,3.487081686327755,0.2,0.5735454973256447,1.4989999999999677,1
114,47,38,324,458,782,self,5.559321410551096,3.487081686327755,0.2,0.5735454973256447,0.6490000000000004,1
114,48,38,324,458,782,self,6.766518121555474,3.487081686327755,0.2,0.5735454973256447,0.5160000000000002,1
114,49,38,324,458,782,stranger,0.7877575035381124,3.487081686327755,0.2,0.5735454973256447,1.921999999999921,1
114,50,38,324,458,782,stranger,1.9011121402490536,3.487081686327755,0.2,0.5735454973256447,1.7709999999999377,1
114,51,38,324,458,782,stranger,1.5924239956599726,3.487081686327755,0.2,0.5735454973256447,1.7159999999999438,1
114,52,38,324,458,782,self,6.371112499894105,3.487081686327755,0.2,0.5735454973256447,0.5470000000000003,1
114,53,38,324,458,782,self,6.486705656215834,3.487081686327755,0.2,0.5735454973256447,0.5590000000000003,1
114,54,38,324,458,782,stranger,2.0999442370302885,3.487081686327755,0.2,0.5735454973256447,1.7669999999999382,1
114,55,38,324,458,782,stranger,1.6744408813657103,3.487081686327755,0.2,0.5735454973256447,0.782,0
114,56,38,324,458,782,stranger,1.2431010988059952,3.487081686327755,0.2,0.5735454973256447,1.7829999999999364,1
114,57,38,324,458,782,self,6.482387238413829,3.487081686327755,0.2,0.5735454973256447,0.6060000000000003,1
114,58,38,324,458,782,stranger,0.6515864459582381,3.487081686327755,0.2,0.5735454973256447,2.059999999999906,1
114,59,38,324,458,782,self,6.580142306114301,3.487081686327755,0.2,0.5735454973256447,0.4800000000000002,1
114,60,38,324,458,782,self,6.201764992732085,3.487081686327755,0.2,0.5735454973256447,0.8680000000000005,1
115,1,48,488,300,788,stranger,0.3200906125404371,3.0866327814254486,0.2,0.6479552773609736,0.5450000000000003,0
115,2,48,488,300,788,stranger,0.38891640704329095,3.0866327814254486,0.2,0.6479552773609736,2.02299999999991,1
115,3,48,488,300,788,stranger,0.4015629464547081,3.0866327814254486,0.2,0.6479552773609736,0.8890000000000005,1
115,4,48,488,300,788,self,7.5031440081631,3.0866327814254486,0.2,0.6479552773609736,0.6380000000000003,1
115,5,48,488,300,788,self,8.008084329161468,3.0866327814254486,0.2,0.6479552773609736,0.5660000000000003,1
115,6,48,488,300,788,self,7.659138756460409,3.0866327814254486,0.2,0.6479552773609736,0.5500000000000003,1
115,7,48,488,300,788,stranger,1.3597615173810358,3.0866327814254486,0.2,0.6479552773609736,1.3339999999999859,1
115,8,48,488,300,788,self,8.550571271599203,3.0866327814254486,0.2,0.6479552773609736,0.5210000000000002,1
115,9,48,488,300,788,self,7.657159092512263,3.0866327814254486,0.2,0.6479552773609736,0.44300000000000017,1
115,10,48,488,300,788,stranger,1.6717022108779482,3.0866327814254486,0.2,0.6479552773609736,0.3110000000000001,0
115,11,48,488,300,788,stranger,1.0867802138327787,3.0866327814254486,0.2,0.6479552773609736,0.3760000000000001,0
115,12,48,488,300,788,self,7.431301834284092,3.0866327814254486,0.2,0.6479552773609736,0.42100000000000015,1
115,13,48,488,300,788,stranger,1.2272375218375562,3.0866327814254486,0.2,0.6479552773609736,0.788,0
115,14,48,488,300,788,stranger,1.0474097577916965,3.0866327814254486,0.2,0.6479552773609736,0.41200000000000014,0
115,15,48,488,300,788,self,6.852523205145264,3.0866327814254486,0.2,0.6479552773609736,0.4620000000000002,1
115,16,48,488,300,788,self,7.551478839050008,3.0866327814254486,0.2,0.6479552773609736,0.5020000000000002,1
115,17,48,488,300,788,self,8.016761595540048,3.0866327814254486,0.2,0.6479552773609736,0.43400000000000016,1
115,18,48,488,300,788,self,6.834106730060696,3.0866327814254486,0.2,0.6479552773609736,0.5680000000000003,1
115,19,48,488,300,788,stranger,0.7210839917013818,3.0866327814254486,0.2,0.6479552773609736,1.4129999999999772,1
115,20,48,488,300,788,self,7.3878534897399994,3.0866327814254486,0.2,0.6479552773609736,0.4570000000000002,1
115,21,48,488,300,788,self,7.30331576345378,3.0866327814254486,0.2,0.6479552773609736,0.5080000000000002,1
115,22,48,488,300,788,stranger,0.8543781571670386,3.0866327814254486,0.2,0.6479552773609736,0.6040000000000003,0
115,23,48,488,300,788,self,7.988254600276621,3.0866327814254486,0.2,0.6479552773609736,0.5780000000000003,1
115,24,48,488,300,788,stranger,1.079491770037842,3.0866327814254486,0.2,0.6479552773609736,1.6029999999999562,1
115,25,48,488,300,788,self,6.789863755909707,3.0866327814254486,0.2,0.6479552773609736,0.5540000000000003,1
115,26,48,488,300,788,stranger,2.161558071826496,3.0866327814254486,0.2,0.6479552773609736,1.903999999999923,1
115,27,48,488,300,788,self,6.610327513901674,3.0866327814254486,0.2,0.6479552773609736,0.5730000000000003,1
115,28,48,488,300,788,stranger,2.1877766068874513,3.0866327814254486,0.2,0.6479552773609736,1.6309999999999532,1
115,29,48,488,300,788,self,7.110941956968434,3.0866327814254486,0.2,0.6479552773609736,0.6910000000000004,1
115,30,48,488,300,788,stranger,1.434724458340774,3.0866327814254486,0.2,0.6479552773609736,1.1000000000000008,1
115,31,48,488,300,788,stranger,2.0889969624361284,3.0866327814254486,0.2,0.6479552773609736,1.5189999999999655,1
115,32,48,488,300,788,self,7.546061371509461,3.0866327814254486,0.2,0.6479552773609736,0.7280000000000004,1
115,33,48,488,300,788,self,6.589417794516924,3.0866327814254486,0.2,0.6479552773609736,0.7320000000000004,1
115,34,48,488,300,788,stranger,1.1694849890556458,3.0866327814254486,0.2,0.6479552773609736,2.150999999999896,1
115,35,48,488,300,788,self,6.148329721731251,3.0866327814254486,0.2,0.6479552773609736,0.6350000000000003,1
115,36,48,488,300,788,self,6.950809341320935,3.0866327814254486,0.2,0.6479552773609736,0.5260000000000002,1
115,37,48,488,300,788,stranger,2.6385929821914607,3.0866327814254486,0.2,0.6479552773609736,1.1830000000000007,1
115,38,48,488,300,788,stranger,1.5600644073144838,3.0866327814254486,0.2,0.6479552773609736,1.6649999999999494,1
115,39,48,488,300,788,stranger,2.105765604153903,3.0866327814254486,0.2,0.6479552773609736,1.2299999999999973,1
115,40,48,488,300,788,self,5.759562538998134,3.0866327814254486,0.2,0.6479552773609736,0.5760000000000003,1
115,41,48,488,300,788,self,5.822807882573797,3.0866327814254486,0.2,0.6479552773609736,0.41300000000000014,1
115,42,48,488,300,788,self,7.241146719012344,3.0866327814254486,0.2,0.6479552773609736,0.5390000000000003,1
115,43,48,488,300,788,self,7.501744381032141,3.0866327814254486,0.2,0.6479552773609736,0.5130000000000002,1
115,44,48,488,300,788,self,7.185328428960488,3.0866327814254486,0.2,0.6479552773609736,0.4730000000000002,1
115,45,48,488,300,788,self,6.918779773703815,3.0866327814254486,0.2,0.6479552773609736,0.5410000000000003,1
115,46,48,488,300,788,stranger,1.517869322564148,3.0866327814254486,0.2,0.6479552773609736,1.595999999999957,1
115,47,48,488,300,788,self,7.321788299316004,3.0866327814254486,0.2,0.6479552773609736,0.4860000000000002,1
115,48,48,488,300,788,stranger,0.6423413692896225,3.0866327814254486,0.2,0.6479552773609736,2.058999999999906,1
115,49,48,488,300,788,stranger,1.9616667401391301,3.0866327814254486,0.2,0.6479552773609736,1.2289999999999974,1
115,50,48,488,300,788,self,6.728127396680995,3.0866327814254486,0.2,0.6479552773609736,0.7410000000000003,1
115,51,48,488,300,788,stranger,1.8773430652098493,3.0866327814254486,0.2,0.6479552773609736,1.3009999999999895,1
115,52,48,488,300,788,stranger,0.5869592845526452,3.0866327814254486,0.2,0.6479552773609736,0.788,0
115,53,48,488,300,788,stranger,1.5920006542607759,3.0866327814254486,0.2,0.6479552773609736,0.5580000000000003,0
115,54,48,488,300,788,stranger,2.470943066686133,3.0866327814254486,0.2,0.6479552773609736,0.8980000000000006,1
115,55,48,488,300,788,stranger,0.19481504653719145,3.0866327814254486,0.2,0.6479552773609736,2.031999999999909,1
115,56,48,488,300,788,self,6.984276729436761,3.0866327814254486,0.2,0.6479552773609736,0.5120000000000002,1
115,57,48,488,300,788,stranger,1.5886786873841914,3.0866327814254486,0.2,0.6479552773609736,0.788,0
115,58,48,488,300,788,stranger,1.0814200234237497,3.0866327814254486,0.2,0.6479552773609736,1.541999999999963,1
115,59,48,488,300,788,stranger,0.4910087713930426,3.0866327814254486,0.2,0.6479552773609736,1.6269999999999536,1
115,60,48,488,300,788,self,7.402698504442635,3.0866327814254486,0.2,0.6479552773609736,0.5130000000000002,1
116,1,101,329,1073,1402,stranger,1.8125425280740237,3.0210654128429075,0.2,0.6620181051021811,0.7590000000000003,1
116,2,101,329,1073,1402,self,7.692519634687665,3.0210654128429075,0.2,0.6620181051021811,0.5980000000000003,1
116,3,101,329,1073,1402,self,7.349307062476599,3.0210654128429075,0.2,0.6620181051021811,0.6030000000000003,1
116,4,101,329,1073,1402,self,6.62406374628631,3.0210654128429075,0.2,0.6620181051021811,0.5950000000000003,1
116,5,101,329,1073,1402,self,6.631742663469365,3.0210654128429075,0.2,0.6620181051021811,0.5420000000000003,1
116,6,101,329,1073,1402,self,6.9332946464821275,3.0210654128429075,0.2,0.6620181051021811,0.9030000000000005,1
116,7,101,329,1073,1402,stranger,1.9435497312775731,3.0210654128429075,0.2,0.6620181051021811,0.7980000000000005,1
116,8,101,329,1073,1402,self,5.737811404071838,3.0210654128429075,0.2,0.6620181051021811,0.6010000000000003,1
116,9,101,329,1073,1402,stranger,1.6977575763100892,3.0210654128429075,0.2,0.6620181051021811,1.2489999999999952,1
116,10,101,329,1073,1402,self,6.835892470646976,3.0210654128429075,0.2,0.6620181051021811,0.43600000000000017,1
116,11,101,329,1073,1402,self,7.616165362541142,3.0210654128429075,0.2,0.6620181051021811,0.41700000000000015,1
116,12,101,329,1073,1402,self,6.921352962217215,3.0210654128429075,0.2,0.6620181051021811,0.5410000000000003,1
116,13,101,329,1073,1402,stranger,2.0967766462522652,3.0210654128429075,0.2,0.6620181051021811,1.7939999999999352,1
116,14,101,329,1073,1402,stranger,0.9587975626844566,3.0210654128429075,0.2,0.6620181051021811,1.7479999999999403,1
116,15,101,329,1073,1402,self,8.41104826623196,3.0210654128429075,0.2,0.6620181051021811,0.3700000000000001,1
116,16,101,329,1073,1402,self,6.588474066747916,3.0210654128429075,0.2,0.6620181051021811,0.44300000000000017,1
116,17,101,329,1073,1402,self,6.811307398290209,3.0210654128429075,0.2,0.6620181051021811,0.5750000000000003,1
116,18,101,329,1073,1402,stranger,1.92142423005059,3.0210654128429075,0.2,0.6620181051021811,1.2709999999999928,1
116,19,101,329,1073,1402,stranger,1.0244686341631437,3.0210654128429075,0.2,0.6620181051021811,0.6370000000000003,1
116,20,101,329,1073,1402,stranger,1.839939496293642,3.0210654128429075,0.2,0.6620181051021811,0.8430000000000004,1
116,21,101,329,1073,1402,self,7.087332595426016,3.0210654128429075,0.2,0.6620181051021811,0.5500000000000003,1
116,22,101,329,1073,1402,stranger,1.1414388589477915,3.0210654128429075,0.2,0.6620181051021811,1.432999999999975,1
116,23,101,329,1073,1402,self,8.08555979512477,3.0210654128429075,0.2,0.6620181051021811,0.4710000000000002,1
116,24,101,329,1073,1402,stranger,2.231138415054356,3.0210654128429075,0.2,0.6620181051021811,1.6179999999999546,1
116,25,101,329,1073,1402,stranger,1.30239952143267,3.0210654128429075,0.2,0.6620181051021811,1.0400000000000007,1
116,26,101,329,1073,1402,stranger,1.4999638079005913,3.0210654128429075,0.2,0.6620181051021811,1.6569999999999503,1
116,27,101,329,1073,1402,self,6.91574525253547,3.0210654128429075,0.2,0.6620181051021811,0.7100000000000004,1
116,28,101,329,1073,1402,stranger,1.2837952567057036,3.0210654128429075,0.2,0.6620181051021811,1.4020000000000001,0
116,29,101,329,1073,1402,stranger,2.373701519402517,3.0210654128429075,0.2,0.6620181051021811,1.3129999999999882,1
116,30,101,329,1073,1402,stranger,1.5521640375082644,3.0210654128429075,0.2,0.6620181051021811,0.7950000000000004,0
116,31,101,329,1073,1402,stranger,1.4598059811954147,3.0210654128429075,0.2,0.6620181051021811,1.1880000000000008,1
116,32,101,329,1073,1402,stranger,1.516015233006362,3.0210654128429075,0.2,0.6620181051021811,0.3140000000000001,0
116,33,101,329,1073,1402,self,7.307554241042577,3.0210654128429075,0.2,0.6620181051021811,0.4570000000000002,1
116,34,101,329,1073,1402,stranger,1.798831744447401,3.0210654128429075,0.2,0.6620181051021811,1.7199999999999434,1
116,35,101,329,1073,1402,self,8.045170428022708,3.0210654128429075,0.2,0.6620181051021811,0.5240000000000002,1
116,36,101,329,1073,1402,self,7.100798254883577,3.0210654128429075,0.2,0.6620181051021811,0.4960000000000002,1
116,37,101,329,1073,1402,self,6.764623213877605,3.0210654128429075,0.2,0.6620181051021811,0.7020000000000004,1
116,38,101,329,1073,1402,self,6.602965627962015,3.0210654128429075,0.2,0.6620181051021811,0.5950000000000003,1
116,39,101,329,1073,1402,stranger,2.0971057476704607,3.0210654128429075,0.2,0.6620181051021811,1.3849999999999802,1
116,40,101,329,1073,1402,stranger,1.729573247333225,3.0210654128429075,0.2,0.6620181051021811,2.057999999999906,1
116,41,101,329,1073,1402,self,7.27359086958897,3.0210654128429075,0.2,0.6620181051021811,0.4470000000000002,1
116,42,101,329,1073,1402,stranger,1.1165920436147094,3.0210654128429075,0.2,0.6620181051021811,1.9989999999999126,1
116,43,101,329,1073,1402,stranger,1.58322003331007,3.0210654128429075,0.2,0.6620181051021811,1.2949999999999902,1
116,44,101,329,1073,1402,self,7.041659599902479,3.0210654128429075,0.2,0.6620181051021811,0.6480000000000004,1
116,45,101,329,1073,1402,stranger,2.306240822428923,3.0210654128429075,0.2,0.6620181051021811,1.3129999999999882,1
116,46,101,329,1073,1402,stranger,2.1194334990995705,3.0210654128429075,0.2,0.6620181051021811,1.4020000000000001,0
116,47,101,329,1073,1402,stranger,1.2980864384959137,3.0210654128429075,0.2,0.6620181051021811,0.4880000000000002,1
116,48,101,329,1073,1402,self,7.707893701131238,3.0210654128429075,0.2,0.6620181051021811,0.4530000000000002,1
116,49,101,329,1073,1402,stranger,2.767156910691279,3.0210654128429075,0.2,0.6620181051021811,0.9720000000000006,1
116,50,101,329,1073,1402,self,7.141326390918669,3.0210654128429075,0.2,0.6620181051021811,0.5910000000000003,1
116,51,101,329,1073,1402,stranger,0.6634551769024127,3.0210654128429075,0.2,0.6620181051021811,1.4020000000000001,0
116,52,101,329,1073,1402,self,6.780531543583828,3.0210654128429075,0.2,0.6620181051021811,0.6790000000000004,1
116,53,101,329,1073,1402,self,7.876624384491134,3.0210654128429075,0.2,0.6620181051021811,0.4600000000000002,1
116,54,101,329,1073,1402,self,7.07926493032063,3.0210654128429075,0.2,0.6620181051021811,0.5070000000000002,1
116,55,101,329,1073,1402,stranger,1.4229676767915038,3.0210654128429075,0.2,0.6620181051021811,1.7029999999999452,1
116,56,101,329,1073,1402,self,7.168155159364211,3.0210654128429075,0.2,0.6620181051021811,0.4680000000000002,1
116,57,101,329,1073,1402,stranger,1.7333092393566432,3.0210654128429075,0.2,0.6620181051021811,1.9009999999999234,1
116,58,101,329,1073,1402,self,5.945567105951529,3.0210654128429075,0.2,0.6620181051021811,0.6500000000000004,1
116,59,101,329,1073,1402,stranger,0.9868590492888539,3.0210654128429075,0.2,0.6620181051021811,0.8650000000000004,1
116,60,101,329,1073,1402,self,6.0438966492373485,3.0210654128429075,0.2,0.6620181051021811,0.5780000000000003,1
117,1,29,171,1294,1465,stranger,1.2997459135806166,3.490636179996062,0.2,0.5729614594214905,1.0450000000000006,1
117,2,29,171,1294,1465,stranger,0.32068091444469526,3.490636179996062,0.2,0.5729614594214905,1.465,0
117,3,29,171,1294,1465,stranger,0.9133952665578291,3.490636179996062,0.2,0.5729614594214905,1.1580000000000008,1
117,4,29,171,1294,1465,stranger,1.9786379126815115,3.490636179996062,0.2,0.5729614594214905,1.759999999999939,1
117,5,29,171,1294,1465,self,4.285309394485584,3.490636179996062,0.2,0.5729614594214905,0.7510000000000003,1
117,6,29,171,1294,1465,self,3.1411649095905316,3.490636179996062,0.2,0.5729614594214905,1.2749999999999924,1
117,7,29,171,1294,1465,stranger,1.0608249202252373,3.490636179996062,0.2,0.5729614594214905,1.465,0
117,8,29,171,1294,1465,self,3.5131937352074436,3.490636179996062,0.2,0.5729614594214905,1.0920000000000007,1
117,9,29,171,1294,1465,stranger,1.6024874374598481,3.490636179996062,0.2,0.5729614594214905,1.6839999999999473,1
117,10,29,171,1294,1465,stranger,0.8318099295127437,3.490636179996062,0.2,0.5729614594214905,2.149999999999896,1
117,11,29,171,1294,1465,stranger,0.6194736573244712,3.490636179996062,0.2,0.5729614594214905,0.8920000000000006,0
117,12,29,171,1294,1465,self,4.990732966165859,3.490636179996062,0.2,0.5729614594214905,0.6680000000000004,1
117,13,29,171,1294,1465,self,4.171340253380397,3.490636179996062,0.2,0.5729614594214905,0.7470000000000003,1
117,14,29,171,1294,1465,self,4.215835785068891,3.490636179996062,0.2,0.5729614594214905,0.6070000000000003,1
117,15,29,171,1294,1465,stranger,0.6229585108587111,3.490636179996062,0.2,0.5729614594214905,1.465,0
117,16,29,171,1294,1465,self,4.7077642624006835,3.490636179996062,0.2,0.5729614594214905,0.7490000000000003,1
117,17,29,171,1294,1465,stranger,0.644185398627104,3.490636179996062,0.2,0.5729614594214905,1.206,0
117,18,29,171,1294,1465,self,4.325491545165384,3.490636179996062,0.2,0.5729614594214905,0.8380000000000005,1
117,19,29,171,1294,1465,self,4.487459210881027,3.490636179996062,0.2,0.5729614594214905,0.7300000000000004,1
117,20,29,171,1294,1465,stranger,-0.10440502824699438,3.490636179996062,0.2,0.5729614594214905,0.9950000000000006,0
117,21,29,171,1294,1465,self,4.126101972825578,3.490636179996062,0.2,0.5729614594214905,0.7650000000000003,1
117,22,29,171,1294,1465,stranger,1.3210402804236108,3.490636179996062,0.2,0.5729614594214905,1.7909999999999355,1
117,23,29,171,1294,1465,self,4.167678783333123,3.490636179996062,0.2,0.5729614594214905,0.8620000000000005,1
117,24,29,171,1294,1465,stranger,0.5005807175516502,3.490636179996062,0.2,0.5729614594214905,0.3400000000000001,0
117,25,29,171,1294,1465,self,4.540650590465913,3.490636179996062,0.2,0.5729614594214905,0.6980000000000004,1
117,26,29,171,1294,1465,stranger,0.45182045013713834,3.490636179996062,0.2,0.5729614594214905,0.9740000000000006,0
117,27,29,171,1294,1465,self,4.532195286516885,3.490636179996062,0.2,0.5729614594214905,0.8300000000000005,1
117,28,29,171,1294,1465,stranger,1.2584026631367546,3.490636179996062,0.2,0.5729614594214905,1.777999999999937,1
117,29,29,171,1294,1465,self,3.5508097822022577,3.490636179996062,0.2,0.5729614594214905,1.4669999999999712,1
117,30,29,171,1294,1465,stranger,0.3377453721353896,3.490636179996062,0.2,0.5729614594214905,1.0210000000000006,0
117,31,29,171,1294,1465,self,5.415899424846293,3.490636179996062,0.2,0.5729614594214905,0.9800000000000006,1
117,32,29,171,1294,1465,self,3.7326086876879234,3.490636179996062,0.2,0.5729614594214905,1.0370000000000006,1
117,33,29,171,1294,1465,self,4.748458349286025,3.490636179996062,0.2,0.5729614594214905,0.5910000000000003,1
117,34,29,171,1294,1465,stranger,0.8481345584259754,3.490636179996062,0.2,0.5729614594214905,1.2939999999999903,1
117,35,29,171,1294,1465,self,4.802268025401872,3.490636179996062,0.2,0.5729614594214905,0.7650000000000003,1
117,36,29,171,1294,1465,stranger,0.3449723344170623,3.490636179996062,0.2,0.5729614594214905,1.465,0
117,37,29,171,1294,1465,self,4.021895115583626,3.490636179996062,0.2,0.5729614594214905,0.6930000000000004,1
117,38,29,171,1294,1465,self,4.683280020090107,3.490636179996062,0.2,0.5729614594214905,0.5690000000000003,1
117,39,29,171,1294,1465,stranger,0.5174133408243573,3.490636179996062,0.2,0.5729614594214905,0.43900000000000017,0
117,40,29,171,1294,1465,self,4.121526048262446,3.490636179996062,0.2,0.5729614594214905,0.8920000000000006,1
117,41,29,171,1294,1465,self,3.7436310691549552,3.490636179996062,0.2,0.5729614594214905,0.6860000000000004,1
117,42,29,171,1294,1465,stranger,0.9364133774060799,3.490636179996062,0.2,0.5729614594214905,1.6789999999999479,1
117,43,29,171,1294,1465,stranger,0.041961703009207874,3.490636179996062,0.2,0.5729614594214905,1.465,0
117,44,29,171,1294,1465,stranger,1.6987790770808353,3.490636179996062,0.2,0.5729614594214905,1.465,0
117,45,29,171,1294,1465,self,4.5215619304239905,3.490636179996062,0.2,0.5729614594214905,0.9700000000000006,1
117,46,29,171,1294,1465,self,3.8653171426079425,3.490636179996062,0.2,0.5729614594214905,1.0240000000000007,1
117,47,29,171,1294,1465,stranger,1.1418731170001053,3.490636179996062,0.2,0.5729614594214905,1.465,0
117,48,29,171,1294,1465,self,4.649693010276445,3.490636179996062,0.2,0.5729614594214905,0.8730000000000004,1
117,49,29,171,1294,1465,stranger,0.7056949950189303,3.490636179996062,0.2,0.5729614594214905,1.465,0
117,50,29,171,1294,1465,stranger,0.4726893106724681,3.490636179996062,0.2,0.5729614594214905,0.39700000000000013,0
117,51,29,171,1294,1465,stranger,1.1795272872868474,3.490636179996062,0.2,0.5729614594214905,0.3570000000000001,0
117,52,29,171,1294,1465,stranger,0.6452652185383074,3.490636179996062,0.2,0.5729614594214905,0.6440000000000003,0
117,53,29,171,1294,1465,self,3.8599987546983616,3.490636179996062,0.2,0.5729614594214905,0.7560000000000004,1
117,54,29,171,1294,1465,self,3.9002768601381375,3.490636179996062,0.2,0.5729614594214905,0.8490000000000004,1
117,55,29,171,1294,1465,stranger,0.47943310724943156,3.490636179996062,0.2,0.5729614594214905,1.465,0
117,56,29,171,1294,1465,self,4.586519807374313,3.490636179996062,0.2,0.5729614594214905,0.7450000000000003,1
117,57,29,171,1294,1465,self,4.913301793625626,3.490636179996062,0.2,0.5729614594214905,0.8720000000000006,1
117,58,29,171,1294,1465,stranger,0.9925278402215052,3.490636179996062,0.2,0.5729614594214905,1.465,0
117,59,29,171,1294,1465,stranger,0.9794674770430096,3.490636179996062,0.2,0.5729614594214905,0.6070000000000003,0
117,60,29,171,1294,1465,self,4.424547747664423,3.490636179996062,0.2,0.5729614594214905,0.7660000000000005,1
118,1,21,142,1174,1316,self,2.8211098860440518,3.7182443319816416,0.2,0.5378882669967249,0.8300000000000005,1
118,2,21,142,1174,1316,stranger,0.7725363142622415,3.7182443319816416,0.2,0.5378882669967249,0.26800000000000007,0
118,3,21,142,1174,1316,stranger,0.03440857094254024,3.7182443319816416,0.2,0.5378882669967249,1.2289999999999974,0
118,4,21,142,1174,1316,self,2.4091871726944643,3.7182443319816416,0.2,0.5378882669967249,1.2269999999999976,1
118,5,21,142,1174,1316,self,3.183192937000273,3.7182443319816416,0.2,0.5378882669967249,1.913999999999922,1
118,6,21,142,1174,1316,stranger,0.37535184461821636,3.7182443319816416,0.2,0.5378882669967249,0.3200000000000001,0
118,7,21,142,1174,1316,self,3.356131151361019,3.7182443319816416,0.2,0.5378882669967249,1.3339999999999859,1
118,8,21,142,1174,1316,stranger,-0.5281462206723736,3.7182443319816416,0.2,0.5378882669967249,0.4600000000000002,0
118,9,21,142,1174,1316,self,2.9842856853951143,3.7182443319816416,0.2,0.5378882669967249,0.25200000000000006,0
118,10,21,142,1174,1316,stranger,-0.6485072348150669,3.7182443319816416,0.2,0.5378882669967249,0.43500000000000016,0
118,11,21,142,1174,1316,self,2.8486672463968,3.7182443319816416,0.2,0.5378882669967249,1.558999999999961,1
118,12,21,142,1174,1316,self,2.626366274019799,3.7182443319816416,0.2,0.5378882669967249,1.2899999999999907,1
118,13,21,142,1174,1316,stranger,0.2944319990593499,3.7182443319816416,0.2,0.5378882669967249,1.316,0
118,14,21,142,1174,1316,self,2.89367118726873,3.7182443319816416,0.2,0.5378882669967249,0.9060000000000006,1
118,15,21,142,1174,1316,stranger,0.6109984171501792,3.7182443319816416,0.2,0.5378882669967249,1.316,0
118,16,21,142,1174,1316,stranger,0.2942588207648119,3.7182443319816416,0.2,0.5378882669967249,0.8090000000000004,0
118,17,21,142,1174,1316,stranger,-0.5854838864927793,3.7182443319816416,0.2,0.5378882669967249,0.7070000000000003,0
118,18,21,142,1174,1316,stranger,0.2995681456112109,3.7182443319816416,0.2,0.5378882669967249,0.4990000000000002,0
118,19,21,142,1174,1316,self,2.53421494949673,3.7182443319816416,0.2,0.5378882669967249,1.2559999999999945,1
118,20,21,142,1174,1316,stranger,0.6904838738416696,3.7182443319816416,0.2,0.5378882669967249,2.1349999999998976,1
118,21,21,142,1174,1316,self,1.955494826317444,3.7182443319816416,0.2,0.5378882669967249,1.6069999999999558,1
118,22,21,142,1174,1316,self,2.4376254921346012,3.7182443319816416,0.2,0.5378882669967249,0.9120000000000006,1
118,23,21,142,1174,1316,self,3.3385865223581264,3.7182443319816416,0.2,0.5378882669967249,0.7150000000000003,1
118,24,21,142,1174,1316,stranger,0.05472770366761304,3.7182443319816416,0.2,0.5378882669967249,1.316,0
118,25,21,142,1174,1316,stranger,0.15778436753573832,3.7182443319816416,0.2,0.5378882669967249,0.2900000000000001,0
118,26,21,142,1174,1316,self,2.9561223662105847,3.7182443319816416,0.2,0.5378882669967249,0.8990000000000005,1
118,27,21,142,1174,1316,self,2.9933947309920628,3.7182443319816416,0.2,0.5378882669967249,1.0070000000000006,1
118,28,21,142,1174,1316,stranger,0.6732204710734224,3.7182443319816416,0.2,0.5378882669967249,1.316,0
118,29,21,142,1174,1316,stranger,0.27172975277117617,3.7182443319816416,0.2,0.5378882669967249,0.3510000000000001,0
118,30,21,142,1174,1316,self,2.0993488363908814,3.7182443319816416,0.2,0.5378882669967249,1.7669999999999382,1
118,31,21,142,1174,1316,stranger,0.26057330864760875,3.7182443319816416,0.2,0.5378882669967249,1.316,0
118,32,21,142,1174,1316,stranger,0.07567418863694486,3.7182443319816416,0.2,0.5378882669967249,1.9309999999999201,1
118,33,21,142,1174,1316,self,2.7826874688191863,3.7182443319816416,0.2,0.5378882669967249,0.9030000000000005,1
118,34,21,142,1174,1316,self,2.6379044043773385,3.7182443319816416,0.2,0.5378882669967249,1.576999999999959,1
118,35,21,142,1174,1316,stranger,0.5408888723383105,3.7182443319816416,0.2,0.5378882669967249,0.7660000000000005,0
118,36,21,142,1174,1316,self,3.9683302640805898,3.7182443319816416,0.2,0.5378882669967249,1.0520000000000007,1
118,37,21,142,1174,1316,self,2.813101988774701,3.7182443319816416,0.2,0.5378882669967249,1.1710000000000007,1
118,38,21,142,1174,1316,stranger,-0.7056293985794437,3.7182443319816416,0.2,0.5378882669967249,0.2900000000000001,0
118,39,21,142,1174,1316,self,2.7293174398572773,3.7182443319816416,0.2,0.5378882669967249,1.268999999999993,1
118,40,21,142,1174,1316,stranger,-0.006203535382544811,3.7182443319816416,0.2,0.5378882669967249,1.316,0
118,41,21,142,1174,1316,self,2.872828295946615,3.7182443319816416,0.2,0.5378882669967249,1.2279999999999975,1
118,42,21,142,1174,1316,self,1.9695200703960163,3.7182443319816416,0.2,0.5378882669967249,0.2800000000000001,0
118,43,21,142,1174,1316,stranger,-0.20545540044809368,3.7182443319816416,0.2,0.5378882669967249,0.3510000000000001,0
118,44,21,142,1174,1316,self,2.3330929316412106,3.7182443319816416,0.2,0.5378882669967249,1.641999999999952,1
118,45,21,142,1174,1316,stranger,-0.7861555281119833,3.7182443319816416,0.2,0.5378882669967249,0.8300000000000005,0
118,46,21,142,1174,1316,stranger,0.777729337594435,3.7182443319816416,0.2,0.5378882669967249,2.031999999999909,1
118,47,21,142,1174,1316,stranger,-0.04574696190437877,3.7182443319816416,0.2,0.5378882669967249,0.4540000000000002,0
118,48,21,142,1174,1316,stranger,0.6016334302785518,3.7182443319816416,0.2,0.5378882669967249,0.3920000000000001,0
118,49,21,142,1174,1316,self,2.908572761398919,3.7182443319816416,0.2,0.5378882669967249,1.8909999999999245,1
118,50,21,142,1174,1316,self,2.4788873214936764,3.7182443319816416,0.2,0.5378882669967249,1.0270000000000006,1
118,51,21,142,1174,1316,self,1.9960363262392993,3.7182443319816416,0.2,0.5378882669967249,1.0810000000000006,1
118,52,21,142,1174,1316,stranger,-0.13253590813269828,3.7182443319816416,0.2,0.5378882669967249,0.40300000000000014,0
118,53,21,142,1174,1316,self,1.395592642217379,3.7182443319816416,0.2,0.5378882669967249,1.316,0
118,54,21,142,1174,1316,stranger,-0.7999480505666913,3.7182443319816416,0.2,0.5378882669967249,1.1590000000000007,0
118,55,21,142,1174,1316,stranger,-0.30342524757966627,3.7182443319816416,0.2,0.5378882669967249,0.5750000000000003,0
118,56,21,142,1174,1316,self,2.134589726819426,3.7182443319816416,0.2,0.5378882669967249,1.7249999999999428,1
118,57,21,142,1174,1316,stranger,-0.40418471677896395,3.7182443319816416,0.2,0.5378882669967249,0.3640000000000001,0
118,58,21,142,1174,1316,stranger,0.4088827225526954,3.7182443319816416,0.2,0.5378882669967249,1.316,0
118,59,21,142,1174,1316,self,2.531445830013266,3.7182443319816416,0.2,0.5378882669967249,1.316,0
118,60,21,142,1174,1316,self,2.451775533592584,3.7182443319816416,0.2,0.5378882669967249,1.758999999999939,1
119,1,50,235,1409,1644,self,6.708294432422214,3.0761969406387832,0.2,0.6501534324992512,0.6810000000000004,1
119,2,50,235,1409,1644,stranger,1.0138661611078101,3.0761969406387832,0.2,0.6501534324992512,1.2709999999999928,1
119,3,50,235,1409,1644,self,6.180979041102148,3.0761969406387832,0.2,0.6501534324992512,0.5000000000000002,1
119,4,50,235,1409,1644,self,6.307955754598699,3.0761969406387832,0.2,0.6501534324992512,0.5680000000000003,1
119,5,50,235,1409,1644,self,6.354053359314054,3.0761969406387832,0.2,0.6501534324992512,0.5920000000000003,1
119,6,50,235,1409,1644,stranger,1.6196035505930813,3.0761969406387832,0.2,0.6501534324992512,1.4379999999999744,1
119,7,50,235,1409,1644,stranger,1.1133215605864268,3.0761969406387832,0.2,0.6501534324992512,0.8580000000000005,1
119,8,50,235,1409,1644,stranger,1.5585694253165243,3.0761969406387832,0.2,0.6501534324992512,2.2839999999998817,1
119,9,50,235,1409,1644,stranger,1.089534856057612,3.0761969406387832,0.2,0.6501534324992512,1.260999999999994,1
119,10,50,235,1409,1644,self,6.81962876362167,3.0761969406387832,0.2,0.6501534324992512,0.6290000000000003,1
119,11,50,235,1409,1644,self,6.568470577306714,3.0761969406387832,0.2,0.6501534324992512,0.6140000000000003,1
119,12,50,235,1409,1644,stranger,1.039159405784332,3.0761969406387832,0.2,0.6501534324992512,1.614999999999955,1
119,13,50,235,1409,1644,self,5.849477927965637,3.0761969406387832,0.2,0.6501534324992512,0.5450000000000003,1
119,14,50,235,1409,1644,stranger,1.3948814284334654,3.0761969406387832,0.2,0.6501534324992512,1.7379999999999414,1
119,15,50,235,1409,1644,stranger,1.5407691971292494,3.0761969406387832,0.2,0.6501534324992512,0.8280000000000005,1
119,16,50,235,1409,1644,stranger,1.5147129293016706,3.0761969406387832,0.2,0.6501534324992512,1.0710000000000006,1
119,17,50,235,1409,1644,stranger,1.1683611749037177,3.0761969406387832,0.2,0.6501534324992512,2.1749999999998932,1
119,18,50,235,1409,1644,self,5.836934585300479,3.0761969406387832,0.2,0.6501534324992512,0.7290000000000003,1
119,19,50,235,1409,1644,self,6.318490552759832,3.0761969406387832,0.2,0.6501534324992512,0.5520000000000003,1
119,20,50,235,1409,1644,stranger,1.3611407180639277,3.0761969406387832,0.2,0.6501534324992512,2.051999999999907,1
119,21,50,235,1409,1644,stranger,0.9243350766410963,3.0761969406387832,0.2,0.6501534324992512,1.0190000000000006,0
119,22,50,235,1409,1644,self,6.239437127222395,3.0761969406387832,0.2,0.6501534324992512,0.7450000000000003,1
119,23,50,235,1409,1644,self,5.448231107009332,3.0761969406387832,0.2,0.6501534324992512,0.5050000000000002,1
119,24,50,235,1409,1644,stranger,1.2112233388440063,3.0761969406387832,0.2,0.6501534324992512,1.3039999999999892,1
119,25,50,235,1409,1644,stranger,1.2873399498125924,3.0761969406387832,0.2,0.6501534324992512,1.4199999999999764,1
119,26,50,235,1409,1644,self,5.030438370591596,3.0761969406387832,0.2,0.6501534324992512,0.8870000000000005,1
119,27,50,235,1409,1644,stranger,1.1375377231127775,3.0761969406387832,0.2,0.6501534324992512,1.3919999999999795,1
119,28,50,235,1409,1644,self,5.452401819089527,3.0761969406387832,0.2,0.6501534324992512,0.7300000000000004,1
119,29,50,235,1409,1644,stranger,1.2719161127897198,3.0761969406387832,0.2,0.6501534324992512,1.6249999999999538,1
119,30,50,235,1409,1644,self,6.333668058162715,3.0761969406387832,0.2,0.6501534324992512,0.5370000000000003,1
119,31,50,235,1409,1644,stranger,1.6683768163683548,3.0761969406387832,0.2,0.6501534324992512,0.32800000000000007,0
119,32,50,235,1409,1644,stranger,2.4027531777446574,3.0761969406387832,0.2,0.6501534324992512,2.0639999999999055,1
119,33,50,235,1409,1644,self,6.460042102121385,3.0761969406387832,0.2,0.6501534324992512,0.4950000000000002,1
119,34,50,235,1409,1644,self,5.253298049011445,3.0761969406387832,0.2,0.6501534324992512,0.8230000000000004,1
119,35,50,235,1409,1644,stranger,1.2902933503810903,3.0761969406387832,0.2,0.6501534324992512,0.2820000000000001,0
119,36,50,235,1409,1644,stranger,1.1231061680841652,3.0761969406387832,0.2,0.6501534324992512,1.6440000000000001,0
119,37,50,235,1409,1644,self,5.563284738326582,3.0761969406387832,0.2,0.6501534324992512,0.6660000000000004,1
119,38,50,235,1409,1644,self,6.093250800122413,3.0761969406387832,0.2,0.6501534324992512,0.5070000000000002,1
119,39,50,235,1409,1644,self,5.706257306709216,3.0761969406387832,0.2,0.6501534324992512,0.6990000000000004,1
119,40,50,235,1409,1644,self,5.1433678295448875,3.0761969406387832,0.2,0.6501534324992512,0.8700000000000006,1
119,41,50,235,1409,1644,stranger,1.445405268203185,3.0761969406387832,0.2,0.6501534324992512,1.812999999999933,1
119,42,50,235,1409,1644,self,6.682688624588549,3.0761969406387832,0.2,0.6501534324992512,0.4530000000000002,1
119,43,50,235,1409,1644,self,5.855043374574852,3.0761969406387832,0.2,0.6501534324992512,0.6940000000000004,1
119,44,50,235,1409,1644,self,5.968896160962361,3.0761969406387832,0.2,0.6501534324992512,0.5960000000000003,1
119,45,50,235,1409,1644,stranger,2.1112960673772463,3.0761969406387832,0.2,0.6501534324992512,1.1460000000000008,1
119,46,50,235,1409,1644,self,6.645487828922644,3.0761969406387832,0.2,0.6501534324992512,0.5240000000000002,1
119,47,50,235,1409,1644,self,6.150626024297214,3.0761969406387832,0.2,0.6501534324992512,0.6590000000000004,1
119,48,50,235,1409,1644,self,5.9825882514406965,3.0761969406387832,0.2,0.6501534324992512,0.5680000000000003,1
119,49,50,235,1409,1644,stranger,2.148390393107793,3.0761969406387832,0.2,0.6501534324992512,1.340999999999985,1
119,50,50,235,1409,1644,self,6.5102179555992805,3.0761969406387832,0.2,0.6501534324992512,0.4950000000000002,1
119,51,50,235,1409,1644,stranger,1.208563072145714,3.0761969406387832,0.2,0.6501534324992512,1.6440000000000001,0
119,52,50,235,1409,1644,self,6.682231958364046,3.0761969406387832,0.2,0.6501534324992512,0.5180000000000002,1
119,53,50,235,1409,1644,stranger,1.3949145123143505,3.0761969406387832,0.2,0.6501534324992512,1.7479999999999403,1
119,54,50,235,1409,1644,stranger,1.278648618909871,3.0761969406387832,0.2,0.6501534324992512,1.9729999999999155,1
119,55,50,235,1409,1644,self,6.244047333381879,3.0761969406387832,0.2,0.6501534324992512,0.5860000000000003,1
119,56,50,235,1409,1644,stranger,1.4291724588976078,3.0761969406387832,0.2,0.6501534324992512,1.359999999999983,1
119,57,50,235,1409,1644,self,6.141874770347154,3.0761969406387832,0.2,0.6501534324992512,0.5770000000000003,1
119,58,50,235,1409,1644,stranger,0.4862179874088499,3.0761969406387832,0.2,0.6501534324992512,0.3110000000000001,0
119,59,50,235,1409,1644,stranger,2.1573776013771258,3.0761969406387832,0.2,0.6501534324992512,2.132999999999898,1
119,60,50,235,1409,1644,stranger,1.93173457737322,3.0761969406387832,0.2,0.6501534324992512,1.0510000000000006,1
120,1,24,343,1032,1375,self,5.086521874819075,3.7831457402623694,0.2,0.528660574377263,0.8780000000000006,1
120,2,24,343,1032,1375,self,4.845844889291035,3.7831457402623694,0.2,0.528660574377263,0.8390000000000004,1
120,3,24,343,1032,1375,stranger,0.5946419376659988,3.7831457402623694,0.2,0.528660574377263,1.723999999999943,1
120,4,24,343,1032,1375,stranger,0.9369751208472297,3.7831457402623694,0.2,0.528660574377263,1.375,0
120,5,24,343,1032,1375,stranger,0.1792354267116944,3.7831457402623694,0.2,0.528660574377263,1.375,0
120,6,24,343,1032,1375,self,4.775852841448947,3.7831457402623694,0.2,0.528660574377263,0.8440000000000005,1
120,7,24,343,1032,1375,self,4.803546077921725,3.7831457402623694,0.2,0.528660574377263,0.8560000000000005,1
120,8,24,343,1032,1375,stranger,0.7646419790479799,3.7831457402623694,0.2,0.528660574377263,1.277999999999992,1
120,9,24,343,1032,1375,self,4.2610643585167285,3.7831457402623694,0.2,0.528660574377263,0.9400000000000006,1
120,10,24,343,1032,1375,self,5.19439019286256,3.7831457402623694,0.2,0.528660574377263,1.0300000000000007,1
120,11,24,343,1032,1375,stranger,0.9054543880708721,3.7831457402623694,0.2,0.528660574377263,1.375,0
120,12,24,343,1032,1375,stranger,0.9321943812015088,3.7831457402623694,0.2,0.528660574377263,1.7359999999999416,1
120,13,24,343,1032,1375,stranger,0.6427185340377273,3.7831457402623694,0.2,0.528660574377263,1.375,0
120,14,24,343,1032,1375,stranger,1.1276090360729811,3.7831457402623694,0.2,0.528660574377263,1.375,0
120,15,24,343,1032,1375,stranger,0.3652871776989766,3.7831457402623694,0.2,0.528660574377263,1.375,0
120,16,24,343,1032,1375,self,4.490912212650195,3.7831457402623694,0.2,0.528660574377263,0.7970000000000004,1
120,17,24,343,1032,1375,self,5.7842813517565395,3.7831457402623694,0.2,0.528660574377263,0.7880000000000005,1
120,18,24,343,1032,1375,stranger,0.9568106953280975,3.7831457402623694,0.2,0.528660574377263,1.375,0
120,19,24,343,1032,1375,self,5.194595628452915,3.7831457402623694,0.2,0.528660574377263,0.9540000000000006,1
120,20,24,343,1032,1375,self,4.263482135725919,3.7831457402623694,0.2,0.528660574377263,1.1980000000000008,1
120,21,24,343,1032,1375,self,4.838085153999784,3.7831457402623694,0.2,0.528660574377263,0.6490000000000004,1
120,22,24,343,1032,1375,self,4.184028236818565,3.7831457402623694,0.2,0.528660574377263,1.0460000000000007,1
120,23,24,343,1032,1375,stranger,0.004660968784096331,3.7831457402623694,0.2,0.528660574377263,0.9810000000000005,0
120,24,24,343,1032,1375,self,6.106001725149477,3.7831457402623694,0.2,0.528660574377263,0.7590000000000003,1
120,25,24,343,1032,1375,stranger,0.0897894447903626,3.7831457402623694,0.2,0.528660574377263,0.3530000000000001,0
120,26,24,343,1032,1375,stranger,1.2708750659185524,3.7831457402623694,0.2,0.528660574377263,0.4770000000000002,0
120,27,24,343,1032,1375,stranger,0.020532864225789094,3.7831457402623694,0.2,0.528660574377263,0.7770000000000004,0
120,28,24,343,1032,1375,stranger,0.7720192936072563,3.7831457402623694,0.2,0.528660574377263,1.375,0
120,29,24,343,1032,1375,stranger,0.871372178618325,3.7831457402623694,0.2,0.528660574377263,1.375,0
120,30,24,343,1032,1375,self,5.238699623823994,3.7831457402623694,0.2,0.528660574377263,0.7710000000000004,1
120,31,24,343,1032,1375,stranger,0.846035980789932,3.7831457402623694,0.2,0.528660574377263,0.2880000000000001,0
120,32,24,343,1032,1375,stranger,0.6684113463663073,3.7831457402623694,0.2,0.528660574377263,0.2860000000000001,0
120,33,24,343,1032,1375,self,4.458722543612771,3.7831457402623694,0.2,0.528660574377263,0.9810000000000005,1
120,34,24,343,1032,1375,self,5.849248910930782,3.7831457402623694,0.2,0.528660574377263,0.9100000000000006,1
120,35,24,343,1032,1375,stranger,1.5133651539659052,3.7831457402623694,0.2,0.528660574377263,1.375,0
120,36,24,343,1032,1375,self,4.3079189815546695,3.7831457402623694,0.2,0.528660574377263,1.1200000000000008,1
120,37,24,343,1032,1375,self,5.406469860166967,3.7831457402623694,0.2,0.528660574377263,0.7180000000000004,1
120,38,24,343,1032,1375,stranger,0.3777826357040362,3.7831457402623694,0.2,0.528660574377263,1.3489999999999842,1
120,39,24,343,1032,1375,stranger,0.5365644975165564,3.7831457402623694,0.2,0.528660574377263,1.375,0
120,40,24,343,1032,1375,self,4.3250389264518905,3.7831457402623694,0.2,0.528660574377263,0.7470000000000003,1
120,41,24,343,1032,1375,stranger,1.727327024124028,3.7831457402623694,0.2,0.528660574377263,1.1250000000000007,1
120,42,24,343,1032,1375,stranger,1.3885822095554041,3.7831457402623694,0.2,0.528660574377263,1.8559999999999284,1
120,43,24,343,1032,1375,self,5.068477009643744,3.7831457402623694,0.2,0.528660574377263,0.8030000000000004,1
120,44,24,343,1032,1375,self,5.679788171403251,3.7831457402623694,0.2,0.528660574377263,0.8550000000000004,1
120,45,24,343,1032,1375,stranger,0.3820852847640058,3.7831457402623694,0.2,0.528660574377263,1.375,0
120,46,24,343,1032,1375,stranger,1.255333109206655,3.7831457402623694,0.2,0.528660574377263,1.513999999999966,1
120,47,24,343,1032,1375,self,5.10811225099079,3.7831457402623694,0.2,0.528660574377263,0.7400000000000004,1
120,48,24,343,1032,1375,stranger,0.8446625575222799,3.7831457402623694,0.2,0.528660574377263,2.120999999999899,1
120,49,24,343,1032,1375,self,5.28107556327147,3.7831457402623694,0.2,0.528660574377263,0.7880000000000005,1
120,50,24,343,1032,1375,stranger,0.8146468107351166,3.7831457402623694,0.2,0.528660574377263,1.375,0
120,51,24,343,1032,1375,self,5.369093858943205,3.7831457402623694,0.2,0.528660574377263,0.6530000000000004,1
120,52,24,343,1032,1375,self,6.338678900895099,3.7831457402623694,0.2,0.528660574377263,0.6860000000000004,1
120,53,24,343,1032,1375,self,5.108462304223282,3.7831457402623694,0.2,0.528660574377263,0.7650000000000003,1
120,54,24,343,1032,1375,stranger,0.7695127026807695,3.7831457402623694,0.2,0.528660574377263,0.6140000000000003,0
120,55,24,343,1032,1375,self,4.442255208187124,3.7831457402623694,0.2,0.528660574377263,0.9360000000000006,1
120,56,24,343,1032,1375,self,4.833962900621529,3.7831457402623694,0.2,0.528660574377263,1.0220000000000007,1
120,57,24,343,1032,1375,self,4.842846687049442,3.7831457402623694,0.2,0.528660574377263,0.7780000000000005,1
120,58,24,343,1032,1375,stranger,0.5199832413212213,3.7831457402623694,0.2,0.528660574377263,1.375,0
120,59,24,343,1032,1375,self,5.609973832611941,3.7831457402623694,0.2,0.528660574377263,0.8780000000000006,1
120,60,24,343,1032,1375,stranger,0.7853554043990705,3.7831457402623694,0.2,0.528660574377263,0.2930000000000001,0
121,1,60,264,237,501,stranger,0.6449643390003843,1.556075671510468,0.2,1.285284537646308,0.3180000000000001,1
121,2,60,264,237,501,stranger,1.4055759491363822,1.556075671510468,0.2,1.285284537646308,0.23800000000000004,1
121,3,60,264,237,501,self,5.356094750847276,1.556075671510468,0.2,1.285284537646308,0.2810000000000001,1
121,4,60,264,237,501,stranger,1.4872534841409042,1.556075671510468,0.2,1.285284537646308,0.5540000000000003,1
121,5,60,264,237,501,self,6.223476835060087,1.556075671510468,0.2,1.285284537646308,0.3010000000000001,1
121,6,60,264,237,501,stranger,1.8114401946744587,1.556075671510468,0.2,1.285284537646308,0.23300000000000004,1
121,7,60,264,237,501,stranger,1.435265656094057,1.556075671510468,0.2,1.285284537646308,0.24100000000000005,1
121,8,60,264,237,501,self,5.946690271482221,1.556075671510468,0.2,1.285284537646308,0.22100000000000003,1
121,9,60,264,237,501,self,4.515075084021105,1.556075671510468,0.2,1.285284537646308,0.26300000000000007,1
121,10,60,264,237,501,stranger,1.3849668249324611,1.556075671510468,0.2,1.285284537646308,0.22700000000000004,1
121,11,60,264,237,501,self,5.654201539793705,1.556075671510468,0.2,1.285284537646308,0.2690000000000001,1
121,12,60,264,237,501,self,5.609043767083082,1.556075671510468,0.2,1.285284537646308,0.23300000000000004,1
121,13,60,264,237,501,stranger,1.4812479825879226,1.556075671510468,0.2,1.285284537646308,0.3390000000000001,1
121,14,60,264,237,501,self,5.790930525627954,1.556075671510468,0.2,1.285284537646308,0.23800000000000004,1
121,15,60,264,237,501,self,5.555695314649572,1.556075671510468,0.2,1.285284537646308,0.3330000000000001,1
121,16,60,264,237,501,stranger,0.14417601019419296,1.556075671510468,0.2,1.285284537646308,0.26200000000000007,1
121,17,60,264,237,501,self,6.1155533975220795,1.556075671510468,0.2,1.285284537646308,0.23400000000000004,1
121,18,60,264,237,501,self,5.734176378905326,1.556075671510468,0.2,1.285284537646308,0.22100000000000003,1
121,19,60,264,237,501,self,6.514768907205272,1.556075671510468,0.2,1.285284537646308,0.3390000000000001,1
121,20,60,264,237,501,self,5.7828765937903714,1.556075671510468,0.2,1.285284537646308,0.22400000000000003,1
121,21,60,264,237,501,stranger,1.6749851211250257,1.556075671510468,0.2,1.285284537646308,0.23900000000000005,1
121,22,60,264,237,501,stranger,0.49966612672061167,1.556075671510468,0.2,1.285284537646308,0.25500000000000006,1
121,23,60,264,237,501,stranger,1.4046836012405464,1.556075671510468,0.2,1.285284537646308,0.25000000000000006,1
121,24,60,264,237,501,self,5.315979890130625,1.556075671510468,0.2,1.285284537646308,0.2840000000000001,1
121,25,60,264,237,501,self,5.926906978292181,1.556075671510468,0.2,1.285284537646308,0.26000000000000006,1
121,26,60,264,237,501,stranger,1.0076714281065642,1.556075671510468,0.2,1.285284537646308,0.9270000000000005,1
121,27,60,264,237,501,self,6.13651473918286,1.556075671510468,0.2,1.285284537646308,0.23000000000000004,1
121,28,60,264,237,501,stranger,0.44335556754804445,1.556075671510468,0.2,1.285284537646308,0.8700000000000006,1
121,29,60,264,237,501,stranger,0.8212668819955824,1.556075671510468,0.2,1.285284537646308,0.4870000000000002,1
121,30,60,264,237,501,stranger,0.8697341024232723,1.556075671510468,0.2,1.285284537646308,0.6490000000000004,1
121,31,60,264,237,501,stranger,0.7993871860814377,1.556075671510468,0.2,1.285284537646308,1.0140000000000007,1
121,32,60,264,237,501,self,5.130767788283231,1.556075671510468,0.2,1.285284537646308,0.24900000000000005,1
121,33,60,264,237,501,self,5.943521564240396,1.556075671510468,0.2,1.285284537646308,0.26100000000000007,1
121,34,60,264,237,501,stranger,0.10572437024423048,1.556075671510468,0.2,1.285284537646308,0.5590000000000003,1
121,35,60,264,237,501,stranger,1.4163880856311994,1.556075671510468,0.2,1.285284537646308,0.5290000000000002,1
121,36,60,264,237,501,stranger,1.038052584651354,1.556075671510468,0.2,1.285284537646308,0.40500000000000014,1
121,37,60,264,237,501,stranger,0.6838717920879214,1.556075671510468,0.2,1.285284537646308,0.24800000000000005,1
121,38,60,264,237,501,stranger,-0.43992648261783157,1.556075671510468,0.2,1.285284537646308,1.5849999999999582,1
121,39,60,264,237,501,self,4.638625603991078,1.556075671510468,0.2,1.285284537646308,0.21900000000000003,1
121,40,60,264,237,501,stranger,1.354774370758613,1.556075671510468,0.2,1.285284537646308,1.449999999999973,0
121,41,60,264,237,501,stranger,0.43872623454303256,1.556075671510468,0.2,1.285284537646308,0.3180000000000001,1
121,42,60,264,237,501,self,6.250523540716192,1.556075671510468,0.2,1.285284537646308,0.22500000000000003,1
121,43,60,264,237,501,stranger,0.8312542830407235,1.556075671510468,0.2,1.285284537646308,0.25500000000000006,1
121,44,60,264,237,501,stranger,1.3335765487166678,1.556075671510468,0.2,1.285284537646308,0.2740000000000001,1
121,45,60,264,237,501,stranger,0.5267465154892714,1.556075671510468,0.2,1.285284537646308,0.2770000000000001,1
121,46,60,264,237,501,self,5.625143399248772,1.556075671510468,0.2,1.285284537646308,0.23100000000000004,1
121,47,60,264,237,501,self,6.4558748505598755,1.556075671510468,0.2,1.285284537646308,0.22900000000000004,1
121,48,60,264,237,501,self,5.672831714514924,1.556075671510468,0.2,1.285284537646308,0.21600000000000003,1
121,49,60,264,237,501,self,5.608085007574131,1.556075671510468,0.2,1.285284537646308,0.24900000000000005,1
121,50,60,264,237,501,self,6.117863357615413,1.556075671510468,0.2,1.285284537646308,0.22200000000000003,1
121,51,60,264,237,501,stranger,2.0276992887246212,1.556075671510468,0.2,1.285284537646308,0.22500000000000003,1
121,52,60,264,237,501,self,5.922937556995177,1.556075671510468,0.2,1.285284537646308,0.3370000000000001,1
121,53,60,264,237,501,stranger,1.1200284471703446,1.556075671510468,0.2,1.285284537646308,0.3240000000000001,1
121,54,60,264,237,501,self,5.917513226971246,1.556075671510468,0.2,1.285284537646308,0.22200000000000003,1
121,55,60,264,237,501,self,5.9258627768248635,1.556075671510468,0.2,1.285284537646308,0.24400000000000005,1
121,56,60,264,237,501,stranger,0.6204286431289157,1.556075671510468,0.2,1.285284537646308,0.22100000000000003,1
121,57,60,264,237,501,self,6.815602176224217,1.556075671510468,0.2,1.285284537646308,0.26200000000000007,1
121,58,60,264,237,501,self,5.253924220451788,1.556075671510468,0.2,1.285284537646308,0.21900000000000003,1
121,59,60,264,237,501,stranger,1.6316201830404558,1.556075671510468,0.2,1.285284537646308,0.24900000000000005,1
121,60,60,264,237,501,self,6.064063259446301,1.556075671510468,0.2,1.285284537646308,0.25700000000000006,1
122,1,73,334,1177,1511,stranger,1.6475398495700346,3.701319027813574,0.2,0.5403479097508195,1.0360000000000007,1
122,2,73,334,1177,1511,stranger,2.119741035207343,3.701319027813574,0.2,0.5403479097508195,1.5829999999999584,1
122,3,73,334,1177,1511,stranger,1.503970246321011,3.701319027813574,0.2,0.5403479097508195,1.5110000000000001,0
122,4,73,334,1177,1511,stranger,1.1807306982996988,3.701319027813574,0.2,0.5403479097508195,0.9120000000000006,1
122,5,73,334,1177,1511,self,6.6332404707091115,3.701319027813574,0.2,0.5403479097508195,0.5230000000000002,1
122,6,73,334,1177,1511,stranger,2.14076854132672,3.701319027813574,0.2,0.5403479097508195,1.7029999999999452,1
122,7,73,334,1177,1511,stranger,0.524092354934683,3.701319027813574,0.2,0.5403479097508195,1.5110000000000001,0
122,8,73,334,1177,1511,stranger,0.6946883388828596,3.701319027813574,0.2,0.5403479097508195,1.5110000000000001,0
122,9,73,334,1177,1511,stranger,1.0848230205857743,3.701319027813574,0.2,0.5403479097508195,1.5110000000000001,0
122,10,73,334,1177,1511,stranger,1.3274602527930266,3.701319027813574,0.2,0.5403479097508195,1.5110000000000001,0
122,11,73,334,1177,1511,self,7.537567263920496,3.701319027813574,0.2,0.5403479097508195,0.7880000000000005,1
122,12,73,334,1177,1511,self,6.5238791866334145,3.701319027813574,0.2,0.5403479097508195,0.6230000000000003,1
122,13,73,334,1177,1511,self,6.64696474340767,3.701319027813574,0.2,0.5403479097508195,0.6110000000000003,1
122,14,73,334,1177,1511,self,7.583952376111749,3.701319027813574,0.2,0.5403479097508195,0.6720000000000004,1
122,15,73,334,1177,1511,stranger,1.7210715895807336,3.701319027813574,0.2,0.5403479097508195,1.5299999999999643,1
122,16,73,334,1177,1511,self,7.092177265379797,3.701319027813574,0.2,0.5403479097508195,0.6960000000000004,1
122,17,73,334,1177,1511,stranger,0.9184123553894099,3.701319027813574,0.2,0.5403479097508195,1.5110000000000001,0
122,18,73,334,1177,1511,self,7.060889488908,3.701319027813574,0.2,0.5403479097508195,0.6960000000000004,1
122,19,73,334,1177,1511,stranger,1.6739957224065478,3.701319027813574,0.2,0.5403479097508195,1.1300000000000008,1
122,20,73,334,1177,1511,self,6.708146661643526,3.701319027813574,0.2,0.5403479097508195,0.6090000000000003,1
122,21,73,334,1177,1511,self,7.033768343838125,3.701319027813574,0.2,0.5403479097508195,0.5930000000000003,1
122,22,73,334,1177,1511,stranger,1.9127882549432964,3.701319027813574,0.2,0.5403479097508195,1.0820000000000007,1
122,23,73,334,1177,1511,stranger,1.6808365465925312,3.701319027813574,0.2,0.5403479097508195,1.8019999999999343,1
122,24,73,334,1177,1511,self,7.008730910895937,3.701319027813574,0.2,0.5403479097508195,0.7610000000000003,1
122,25,73,334,1177,1511,stranger,2.362015525506889,3.701319027813574,0.2,0.5403479097508195,1.6699999999999489,1
122,26,73,334,1177,1511,self,7.140879497547876,3.701319027813574,0.2,0.5403479097508195,0.5990000000000003,1
122,27,73,334,1177,1511,stranger,2.313965745653701,3.701319027813574,0.2,0.5403479097508195,1.5110000000000001,0
122,28,73,334,1177,1511,self,7.150661509431002,3.701319027813574,0.2,0.5403479097508195,0.8290000000000004,1
122,29,73,334,1177,1511,stranger,0.6940715740213318,3.701319027813574,0.2,0.5403479097508195,1.5110000000000001,0
122,30,73,334,1177,1511,self,7.113596098553036,3.701319027813574,0.2,0.5403479097508195,0.6450000000000004,1
122,31,73,334,1177,1511,stranger,2.0405099683874552,3.701319027813574,0.2,0.5403479097508195,1.4159999999999768,1
122,32,73,334,1177,1511,stranger,1.463438283110359,3.701319027813574,0.2,0.5403479097508195,1.5110000000000001,0
122,33,73,334,1177,1511,stranger,1.213894896284393,3.701319027813574,0.2,0.5403479097508195,1.877999999999926,1
122,34,73,334,1177,1511,stranger,1.8388775360129985,3.701319027813574,0.2,0.5403479097508195,0.2970000000000001,0
122,35,73,334,1177,1511,self,6.835941896622065,3.701319027813574,0.2,0.5403479097508195,0.6450000000000004,1
122,36,73,334,1177,1511,self,6.8655348233796225,3.701319027813574,0.2,0.5403479097508195,0.5990000000000003,1
122,37,73,334,1177,1511,self,6.979046434231052,3.701319027813574,0.2,0.5403479097508195,0.7470000000000003,1
122,38,73,334,1177,1511,self,6.564296825751236,3.701319027813574,0.2,0.5403479097508195,0.7010000000000003,1
122,39,73,334,1177,1511,stranger,1.3428430430296754,3.701319027813574,0.2,0.5403479097508195,1.5110000000000001,0
122,40,73,334,1177,1511,stranger,1.5215082370497748,3.701319027813574,0.2,0.5403479097508195,1.0910000000000006,1
122,41,73,334,1177,1511,stranger,1.9578529463572938,3.701319027813574,0.2,0.5403479097508195,1.1960000000000008,1
122,42,73,334,1177,1511,stranger,1.0937266433988098,3.701319027813574,0.2,0.5403479097508195,1.5519999999999619,1
122,43,73,334,1177,1511,self,7.488899844349448,3.701319027813574,0.2,0.5403479097508195,0.5840000000000003,1
122,44,73,334,1177,1511,self,7.081147478487854,3.701319027813574,0.2,0.5403479097508195,0.5440000000000003,1
122,45,73,334,1177,1511,self,6.320835646219096,3.701319027813574,0.2,0.5403479097508195,0.7030000000000003,1
122,46,73,334,1177,1511,stranger,1.5688161306411845,3.701319027813574,0.2,0.5403479097508195,1.4539999999999726,1
122,47,73,334,1177,1511,self,7.062780560864205,3.701319027813574,0.2,0.5403479097508195,0.7150000000000003,1
122,48,73,334,1177,1511,self,6.150090211932683,3.701319027813574,0.2,0.5403479097508195,0.6220000000000003,1
122,49,73,334,1177,1511,self,6.878930768241877,3.701319027813574,0.2,0.5403479097508195,0.5150000000000002,1
122,50,73,334,1177,1511,self,7.054348394803244,3.701319027813574,0.2,0.5403479097508195,0.7960000000000005,1
122,51,73,334,1177,1511,stranger,2.072306202005441,3.701319027813574,0.2,0.5403479097508195,0.7730000000000004,1
122,52,73,334,1177,1511,stranger,0.9977202467080322,3.701319027813574,0.2,0.5403479097508195,1.5110000000000001,0
122,53,73,334,1177,1511,stranger,1.142394399879714,3.701319027813574,0.2,0.5403479097508195,0.2860000000000001,0
122,54,73,334,1177,1511,self,6.301423190238613,3.701319027813574,0.2,0.5403479097508195,0.8460000000000005,1
122,55,73,334,1177,1511,self,6.968978557497497,3.701319027813574,0.2,0.5403479097508195,0.6270000000000003,1
122,56,73,334,1177,1511,self,6.9098532852705015,3.701319027813574,0.2,0.5403479097508195,0.8230000000000004,1
122,57,73,334,1177,1511,self,6.715391395017004,3.701319027813574,0.2,0.5403479097508195,0.6700000000000004,1
122,58,73,334,1177,1511,self,7.2864099455908065,3.701319027813574,0.2,0.5403479097508195,0.6260000000000003,1
122,59,73,334,1177,1511,self,6.6168227684365055,3.701319027813574,0.2,0.5403479097508195,0.8030000000000004,1
122,60,73,334,1177,1511,stranger,1.4540440270637396,3.701319027813574,0.2,0.5403479097508195,1.0560000000000007,1
123,1,16,30,1008,1038,stranger,0.2609467839999484,4.01136635813205,0.2,0.4985832311091447,0.4660000000000002,0
123,2,16,30,1008,1038,self,1.0561095518282027,4.01136635813205,0.2,0.4985832311091447,1.038,0
123,3,16,30,1008,1038,self,1.2656603291522168,4.01136635813205,0.2,0.4985832311091447,0.3320000000000001,0
123,4,16,30,1008,1038,stranger,-0.1973219403541428,4.01136635813205,0.2,0.4985832311091447,1.038,0
123,5,16,30,1008,1038,stranger,-0.4546166973187581,4.01136635813205,0.2,0.4985832311091447,0.2850000000000001,0
123,6,16,30,1008,1038,stranger,-0.8804393551399204,4.01136635813205,0.2,0.4985832311091447,0.24000000000000005,0
123,7,16,30,1008,1038,stranger,0.465965466856906,4.01136635813205,0.2,0.4985832311091447,0.41900000000000015,0
123,8,16,30,1008,1038,stranger,0.6026396478353675,4.01136635813205,0.2,0.4985832311091447,1.038,0
123,9,16,30,1008,1038,stranger,-0.32429899443720445,4.01136635813205,0.2,0.4985832311091447,0.5560000000000003,0
123,10,16,30,1008,1038,self,1.5583895921000235,4.01136635813205,0.2,0.4985832311091447,1.038,0
123,11,16,30,1008,1038,stranger,0.8446974337646547,4.01136635813205,0.2,0.4985832311091447,1.038,0
123,12,16,30,1008,1038,self,1.039180966217537,4.01136635813205,0.2,0.4985832311091447,0.9640000000000006,0
123,13,16,30,1008,1038,stranger,-0.30984016870303366,4.01136635813205,0.2,0.4985832311091447,0.6800000000000004,0
123,14,16,30,1008,1038,self,0.9264046482183137,4.01136635813205,0.2,0.4985832311091447,1.2359999999999967,0
123,15,16,30,1008,1038,stranger,-0.5994558667318115,4.01136635813205,0.2,0.4985832311091447,0.7800000000000005,0
123,16,16,30,1008,1038,self,1.9167639345168304,4.01136635813205,0.2,0.4985832311091447,1.7829999999999364,1
123,17,16,30,1008,1038,stranger,0.04627798855954124,4.01136635813205,0.2,0.4985832311091447,0.3730000000000001,0
123,18,16,30,1008,1038,stranger,0.008977819151789967,4.01136635813205,0.2,0.4985832311091447,1.540999999999963,0
123,19,16,30,1008,1038,stranger,-1.0188060834086556,4.01136635813205,0.2,0.4985832311091447,0.26800000000000007,0
123,20,16,30,1008,1038,self,0.6083254083633247,4.01136635813205,0.2,0.4985832311091447,1.038,0
123,21,16,30,1008,1038,self,0.3418416586028954,4.01136635813205,0.2,0.4985832311091447,1.038,0
123,22,16,30,1008,1038,stranger,-1.0892108255916715,4.01136635813205,0.2,0.4985832311091447,0.5550000000000003,0
123,23,16,30,1008,1038,self,1.53351359904157,4.01136635813205,0.2,0.4985832311091447,2.131999999999898,1
123,24,16,30,1008,1038,stranger,0.5664630231245111,4.01136635813205,0.2,0.4985832311091447,0.2980000000000001,0
123,25,16,30,1008,1038,self,0.739748457544563,4.01136635813205,0.2,0.4985832311091447,1.038,0
123,26,16,30,1008,1038,self,1.2180459829326902,4.01136635813205,0.2,0.4985832311091447,1.038,0
123,27,16,30,1008,1038,stranger,0.06428160793632742,4.01136635813205,0.2,0.4985832311091447,1.038,0
123,28,16,30,1008,1038,self,0.8158469267841766,4.01136635813205,0.2,0.4985832311091447,1.038,0
123,29,16,30,1008,1038,stranger,-0.11578850195116042,4.01136635813205,0.2,0.4985832311091447,0.24600000000000005,0
123,30,16,30,1008,1038,self,1.2281252135483414,4.01136635813205,0.2,0.4985832311091447,1.6629999999999496,1
123,31,16,30,1008,1038,self,0.33934343531071187,4.01136635813205,0.2,0.4985832311091447,0.25200000000000006,0
123,32,16,30,1008,1038,stranger,0.11914585850649595,4.01136635813205,0.2,0.4985832311091447,0.3010000000000001,0
123,33,16,30,1008,1038,self,0.8507997439197637,4.01136635813205,0.2,0.4985832311091447,0.8360000000000005,0
123,34,16,30,1008,1038,stranger,0.021664366019291892,4.01136635813205,0.2,0.4985832311091447,0.3640000000000001,0
123,35,16,30,1008,1038,self,0.8906996251615564,4.01136635813205,0.2,0.4985832311091447,1.038,0
123,36,16,30,1008,1038,stranger,0.5199507006634481,4.01136635813205,0.2,0.4985832311091447,2.0349999999999087,0
123,37,16,30,1008,1038,stranger,0.5927830034507184,4.01136635813205,0.2,0.4985832311091447,0.6610000000000004,0
123,38,16,30,1008,1038,stranger,-0.2731453840918091,4.01136635813205,0.2,0.4985832311091447,0.7220000000000004,0
123,39,16,30,1008,1038,self,1.078821194111843,4.01136635813205,0.2,0.4985832311091447,1.038,0
123,40,16,30,1008,1038,self,0.8413394884458887,4.01136635813205,0.2,0.4985832311091447,1.4129999999999772,0
123,41,16,30,1008,1038,self,0.6055308569006808,4.01136635813205,0.2,0.4985832311091447,1.038,0
123,42,16,30,1008,1038,self,0.8728495927783,4.01136635813205,0.2,0.4985832311091447,0.40000000000000013,0
123,43,16,30,1008,1038,stranger,-0.3016197553810118,4.01136635813205,0.2,0.4985832311091447,0.6590000000000004,0
123,44,16,30,1008,1038,stranger,-0.31391138499277904,4.01136635813205,0.2,0.4985832311091447,1.038,0
123,45,16,30,1008,1038,stranger,-0.3425061261609821,4.01136635813205,0.2,0.4985832311091447,0.8450000000000004,0
123,46,16,30,1008,1038,self,0.9116463883465942,4.01136635813205,0.2,0.4985832311091447,1.038,0
123,47,16,30,1008,1038,stranger,-0.3233581949520768,4.01136635813205,0.2,0.4985832311091447,1.0990000000000006,0
123,48,16,30,1008,1038,stranger,0.02502657368416883,4.01136635813205,0.2,0.4985832311091447,1.038,0
123,49,16,30,1008,1038,stranger,0.10472528630575662,4.01136635813205,0.2,0.4985832311091447,0.3440000000000001,0
123,50,16,30,1008,1038,stranger,-0.4447165134874025,4.01136635813205,0.2,0.4985832311091447,1.8569999999999283,0
123,51,16,30,1008,1038,self,1.1964089869537957,4.01136635813205,0.2,0.4985832311091447,0.6810000000000004,0
123,52,16,30,1008,1038,stranger,-0.4575349191973676,4.01136635813205,0.2,0.4985832311091447,1.5999999999999566,0
123,53,16,30,1008,1038,self,0.770092641612881,4.01136635813205,0.2,0.4985832311091447,0.23500000000000004,0
123,54,16,30,1008,1038,self,1.0105077248306047,4.01136635813205,0.2,0.4985832311091447,1.038,0
123,55,16,30,1008,1038,self,0.24677269719886263,4.01136635813205,0.2,0.4985832311091447,0.9310000000000005,0
123,56,16,30,1008,1038,self,0.3705804205025146,4.01136635813205,0.2,0.4985832311091447,0.26100000000000007,0
123,57,16,30,1008,1038,self,0.7380147757648887,4.01136635813205,0.2,0.4985832311091447,1.038,0
123,58,16,30,1008,1038,self,1.4093020290251104,4.01136635813205,0.2,0.4985832311091447,2.1619999999998947,1
123,59,16,30,1008,1038,self,2.6218832026538648,4.01136635813205,0.2,0.4985832311091447,1.6179999999999546,1
123,60,16,30,1008,1038,self,0.35282183488944563,4.01136635813205,0.2,0.4985832311091447,0.4520000000000002,0
124,1,28,472,1353,1825,stranger,2.188190467802569,3.5533205928732685,0.2,0.5628538004736493,1.3279999999999865,1
124,2,28,472,1353,1825,self,6.557743024884561,3.5533205928732685,0.2,0.5628538004736493,0.8390000000000004,1
124,3,28,472,1353,1825,self,6.657572250222823,3.5533205928732685,0.2,0.5628538004736493,0.6840000000000004,1
124,4,28,472,1353,1825,self,6.7947279446983195,3.5533205928732685,0.2,0.5628538004736493,0.6450000000000004,1
124,5,28,472,1353,1825,self,6.16458794063233,3.5533205928732685,0.2,0.5628538004736493,0.7170000000000003,1
124,6,28,472,1353,1825,stranger,1.8922458392523822,3.5533205928732685,0.2,0.5628538004736493,1.825,0
124,7,28,472,1353,1825,self,6.642736302598411,3.5533205928732685,0.2,0.5628538004736493,0.6230000000000003,1
124,8,28,472,1353,1825,self,5.8916292334254985,3.5533205928732685,0.2,0.5628538004736493,0.7280000000000004,1
124,9,28,472,1353,1825,stranger,2.3635117206863976,3.5533205928732685,0.2,0.5628538004736493,1.4379999999999744,1
124,10,28,472,1353,1825,stranger,1.4915058431367834,3.5533205928732685,0.2,0.5628538004736493,1.825,0
124,11,28,472,1353,1825,stranger,1.744618389988801,3.5533205928732685,0.2,0.5628538004736493,2.0479999999999072,1
124,12,28,472,1353,1825,stranger,1.6897130091641341,3.5533205928732685,0.2,0.5628538004736493,0.5700000000000003,0
124,13,28,472,1353,1825,stranger,1.4127447318836561,3.5533205928732685,0.2,0.5628538004736493,1.922999999999921,1
124,14,28,472,1353,1825,stranger,1.1682675541998608,3.5533205928732685,0.2,0.5628538004736493,1.825,0
124,15,28,472,1353,1825,stranger,2.3034354603381106,3.5533205928732685,0.2,0.5628538004736493,1.1190000000000007,1
124,16,28,472,1353,1825,stranger,1.6326808723707122,3.5533205928732685,0.2,0.5628538004736493,2.2499999999998854,1
124,17,28,472,1353,1825,self,6.369163928730569,3.5533205928732685,0.2,0.5628538004736493,0.6270000000000003,1
124,18,28,472,1353,1825,self,6.653046662390939,3.5533205928732685,0.2,0.5628538004736493,0.5820000000000003,1
124,19,28,472,1353,1825,stranger,1.4435724999562807,3.5533205928732685,0.2,0.5628538004736493,1.4169999999999767,1
124,20,28,472,1353,1825,stranger,0.7692249499162764,3.5533205928732685,0.2,0.5628538004736493,0.2780000000000001,0
124,21,28,472,1353,1825,stranger,2.3492126180847253,3.5533205928732685,0.2,0.5628538004736493,1.0370000000000006,1
124,22,28,472,1353,1825,stranger,1.76583472952922,3.5533205928732685,0.2,0.5628538004736493,2.1619999999998947,1
124,23,28,472,1353,1825,stranger,0.9701471040747445,3.5533205928732685,0.2,0.5628538004736493,1.3449999999999847,0
124,24,28,472,1353,1825,self,7.003348424062279,3.5533205928732685,0.2,0.5628538004736493,0.44000000000000017,1
124,25,28,472,1353,1825,self,6.315180439212399,3.5533205928732685,0.2,0.5628538004736493,0.7040000000000004,1
124,26,28,472,1353,1825,stranger,1.8566271501163605,3.5533205928732685,0.2,0.5628538004736493,1.913999999999922,1
124,27,28,472,1353,1825,stranger,2.293241956686938,3.5533205928732685,0.2,0.5628538004736493,2.185999999999892,1
124,28,28,472,1353,1825,stranger,1.4063952697873574,3.5533205928732685,0.2,0.5628538004736493,0.9710000000000005,1
124,29,28,472,1353,1825,self,6.650298403560348,3.5533205928732685,0.2,0.5628538004736493,0.7370000000000003,1
124,30,28,472,1353,1825,self,6.963061033249225,3.5533205928732685,0.2,0.5628538004736493,0.8110000000000004,1
124,31,28,472,1353,1825,self,7.167739558514401,3.5533205928732685,0.2,0.5628538004736493,0.6620000000000004,1
124,32,28,472,1353,1825,stranger,1.4536566485705633,3.5533205928732685,0.2,0.5628538004736493,1.825,0
124,33,28,472,1353,1825,stranger,1.545579745243785,3.5533205928732685,0.2,0.5628538004736493,1.825,0
124,34,28,472,1353,1825,stranger,1.9536229971671035,3.5533205928732685,0.2,0.5628538004736493,1.6729999999999485,1
124,35,28,472,1353,1825,self,5.419563275317835,3.5533205928732685,0.2,0.5628538004736493,0.5900000000000003,1
124,36,28,472,1353,1825,self,6.725790568854915,3.5533205928732685,0.2,0.5628538004736493,0.6640000000000004,1
124,37,28,472,1353,1825,stranger,2.4381160720721016,3.5533205928732685,0.2,0.5628538004736493,1.3269999999999866,1
124,38,28,472,1353,1825,stranger,2.630661047084192,3.5533205928732685,0.2,0.5628538004736493,1.0790000000000006,1
124,39,28,472,1353,1825,self,6.208569494946305,3.5533205928732685,0.2,0.5628538004736493,0.6990000000000004,1
124,40,28,472,1353,1825,stranger,1.4530047864442397,3.5533205928732685,0.2,0.5628538004736493,2.4109999999998677,1
124,41,28,472,1353,1825,self,6.572436908902026,3.5533205928732685,0.2,0.5628538004736493,0.8640000000000005,1
124,42,28,472,1353,1825,self,5.9035857653392805,3.5533205928732685,0.2,0.5628538004736493,0.7830000000000004,1
124,43,28,472,1353,1825,self,6.48098560127403,3.5533205928732685,0.2,0.5628538004736493,0.7530000000000003,1
124,44,28,472,1353,1825,stranger,2.698384433764979,3.5533205928732685,0.2,0.5628538004736493,0.8020000000000005,1
124,45,28,472,1353,1825,stranger,1.9904832502621306,3.5533205928732685,0.2,0.5628538004736493,0.5390000000000003,0
124,46,28,472,1353,1825,self,7.847493102304717,3.5533205928732685,0.2,0.5628538004736493,0.6670000000000004,1
124,47,28,472,1353,1825,self,6.238944058559232,3.5533205928732685,0.2,0.5628538004736493,0.6580000000000004,1
124,48,28,472,1353,1825,self,6.391336195867772,3.5533205928732685,0.2,0.5628538004736493,0.7120000000000004,1
124,49,28,472,1353,1825,self,7.34719096673787,3.5533205928732685,0.2,0.5628538004736493,0.5840000000000003,1
124,50,28,472,1353,1825,self,5.944815135395252,3.5533205928732685,0.2,0.5628538004736493,0.8060000000000005,1
124,51,28,472,1353,1825,stranger,1.1372812894066386,3.5533205928732685,0.2,0.5628538004736493,1.825,0
124,52,28,472,1353,1825,self,5.966021547802534,3.5533205928732685,0.2,0.5628538004736493,0.7350000000000003,1
124,53,28,472,1353,1825,self,6.409665509117353,3.5533205928732685,0.2,0.5628538004736493,0.7180000000000004,1
124,54,28,472,1353,1825,stranger,0.7367425040604443,3.5533205928732685,0.2,0.5628538004736493,1.825,0
124,55,28,472,1353,1825,stranger,1.3879664993050171,3.5533205928732685,0.2,0.5628538004736493,1.825,0
124,56,28,472,1353,1825,self,6.893719061578791,3.5533205928732685,0.2,0.5628538004736493,0.5650000000000003,1
124,57,28,472,1353,1825,self,6.026915260448791,3.5533205928732685,0.2,0.5628538004736493,0.7380000000000004,1
124,58,28,472,1353,1825,stranger,1.7658473839212494,3.5533205928732685,0.2,0.5628538004736493,2.3659999999998726,1
124,59,28,472,1353,1825,self,5.992780138508492,3.5533205928732685,0.2,0.5628538004736493,0.9340000000000006,1
124,60,28,472,1353,1825,self,6.608549932586133,3.5533205928732685,0.2,0.5628538004736493,0.5070000000000002,1
125,1,80,521,754,1275,self,6.064784050151976,3.267180764663287,0.2,0.6121485598933851,0.6570000000000004,1
125,2,80,521,754,1275,self,6.6067532897023735,3.267180764663287,0.2,0.6121485598933851,0.5460000000000003,1
125,3,80,521,754,1275,stranger,-0.009759789889896564,3.267180764663287,0.2,0.6121485598933851,0.4630000000000002,0
125,4,80,521,754,1275,stranger,1.1162516378674492,3.267180764663287,0.2,0.6121485598933851,1.2750000000000001,0
125,5,80,521,754,1275,stranger,1.2643659909975682,3.267180764663287,0.2,0.6121485598933851,1.2750000000000001,0
125,6,80,521,754,1275,self,6.4021008215971165,3.267180764663287,0.2,0.6121485598933851,0.6410000000000003,1
125,7,80,521,754,1275,stranger,1.5641491281053486,3.267180764663287,0.2,0.6121485598933851,1.2750000000000001,0
125,8,80,521,754,1275,self,6.878035082960495,3.267180764663287,0.2,0.6121485598933851,0.6390000000000003,1
125,9,80,521,754,1275,stranger,0.9699130136508539,3.267180764663287,0.2,0.6121485598933851,0.4860000000000002,0
125,10,80,521,754,1275,self,6.233802590214213,3.267180764663287,0.2,0.6121485598933851,0.6860000000000004,1
125,11,80,521,754,1275,stranger,0.9066456274786777,3.267180764663287,0.2,0.6121485598933851,1.422999999999976,1
125,12,80,521,754,1275,self,6.121139134514755,3.267180764663287,0.2,0.6121485598933851,0.5460000000000003,1
125,13,80,521,754,1275,stranger,0.9438238075780135,3.267180764663287,0.2,0.6121485598933851,1.2750000000000001,0
125,14,80,521,754,1275,self,7.299474815041548,3.267180764663287,0.2,0.6121485598933851,0.6570000000000004,1
125,15,80,521,754,1275,self,6.647324429005544,3.267180764663287,0.2,0.6121485598933851,0.7280000000000004,1
125,16,80,521,754,1275,self,5.986641042541954,3.267180764663287,0.2,0.6121485598933851,0.6430000000000003,1
125,17,80,521,754,1275,stranger,0.541455580352748,3.267180764663287,0.2,0.6121485598933851,1.5729999999999595,0
125,18,80,521,754,1275,self,6.62968470253775,3.267180764663287,0.2,0.6121485598933851,0.5950000000000003,1
125,19,80,521,754,1275,stranger,1.3553787957889716,3.267180764663287,0.2,0.6121485598933851,1.2750000000000001,0
125,20,80,521,754,1275,stranger,0.5667934390989898,3.267180764663287,0.2,0.6121485598933851,1.304999999999989,0
125,21,80,521,754,1275,self,7.234315819630592,3.267180764663287,0.2,0.6121485598933851,0.4960000000000002,1
125,22,80,521,754,1275,self,6.6200704069491385,3.267180764663287,0.2,0.6121485598933851,0.5780000000000003,1
125,23,80,521,754,1275,stranger,1.4221773098825259,3.267180764663287,0.2,0.6121485598933851,0.5860000000000003,0
125,24,80,521,754,1275,stranger,0.07110990398111805,3.267180764663287,0.2,0.6121485598933851,0.42900000000000016,0
125,25,80,521,754,1275,self,7.617465346862075,3.267180764663287,0.2,0.6121485598933851,0.5310000000000002,1
125,26,80,521,754,1275,stranger,0.6022566150492986,3.267180764663287,0.2,0.6121485598933851,1.38799999999998,1
125,27,80,521,754,1275,stranger,1.428484316828548,3.267180764663287,0.2,0.6121485598933851,1.5919999999999574,1
125,28,80,521,754,1275,stranger,0.9391528837104021,3.267180764663287,0.2,0.6121485598933851,0.5650000000000003,0
125,29,80,521,754,1275,stranger,1.506624895738283,3.267180764663287,0.2,0.6121485598933851,0.25300000000000006,0
125,30,80,521,754,1275,self,6.81065923292829,3.267180764663287,0.2,0.6121485598933851,0.4810000000000002,1
125,31,80,521,754,1275,stranger,0.3465317288962074,3.267180764663287,0.2,0.6121485598933851,1.2169999999999987,0
125,32,80,521,754,1275,self,6.622627746927915,3.267180764663287,0.2,0.6121485598933851,0.6310000000000003,1
125,33,80,521,754,1275,self,6.066379777121821,3.267180764663287,0.2,0.6121485598933851,0.6830000000000004,1
125,34,80,521,754,1275,stranger,-0.26513274938053877,3.267180764663287,0.2,0.6121485598933851,1.2750000000000001,0
125,35,80,521,754,1275,self,6.869724316885752,3.267180764663287,0.2,0.6121485598933851,0.5700000000000003,1
125,36,80,521,754,1275,stranger,1.1756104232104487,3.267180764663287,0.2,0.6121485598933851,1.4859999999999691,1
125,37,80,521,754,1275,stranger,0.42827460876037293,3.267180764663287,0.2,0.6121485598933851,0.2900000000000001,0
125,38,80,521,754,1275,stranger,0.6550478114528621,3.267180764663287,0.2,0.6121485598933851,1.0580000000000007,0
125,39,80,521,754,1275,stranger,0.6529952297351488,3.267180764663287,0.2,0.6121485598933851,0.7620000000000005,1
125,40,80,521,754,1275,stranger,0.18393403969925248,3.267180764663287,0.2,0.6121485598933851,1.2750000000000001,0
125,41,80,521,754,1275,self,7.290674615664083,3.267180764663287,0.2,0.6121485598933851,0.5540000000000003,1
125,42,80,521,754,1275,self,7.025495420755254,3.267180764663287,0.2,0.6121485598933851,0.5480000000000003,1
125,43,80,521,754,1275,self,5.754206561707744,3.267180764663287,0.2,0.6121485598933851,0.5760000000000003,1
125,44,80,521,754,1275,stranger,0.47030390807100975,3.267180764663287,0.2,0.6121485598933851,1.2750000000000001,0
125,45,80,521,754,1275,self,6.553326010802824,3.267180764663287,0.2,0.6121485598933851,0.7170000000000003,1
125,46,80,521,754,1275,self,6.547302094404348,3.267180764663287,0.2,0.6121485598933851,0.7150000000000003,1
125,47,80,521,754,1275,self,7.3304934280725265,3.267180764663287,0.2,0.6121485598933851,0.4660000000000002,1
125,48,80,521,754,1275,self,6.560822736979805,3.267180764663287,0.2,0.6121485598933851,0.6620000000000004,1
125,49,80,521,754,1275,stranger,1.6041518382551043,3.267180764663287,0.2,0.6121485598933851,1.5489999999999622,1
125,50,80,521,754,1275,self,6.475556837849655,3.267180764663287,0.2,0.6121485598933851,0.6180000000000003,1
125,51,80,521,754,1275,stranger,0.7852656988177588,3.267180764663287,0.2,0.6121485598933851,1.2750000000000001,0
125,52,80,521,754,1275,stranger,0.9821123860857525,3.267180764663287,0.2,0.6121485598933851,1.1230000000000007,1
125,53,80,521,754,1275,stranger,0.7549963710496662,3.267180764663287,0.2,0.6121485598933851,1.2750000000000001,0
125,54,80,521,754,1275,self,6.123776489985477,3.267180764663287,0.2,0.6121485598933851,0.5490000000000003,1
125,55,80,521,754,1275,self,6.494152147246193,3.267180764663287,0.2,0.6121485598933851,0.5620000000000003,1
125,56,80,521,754,1275,self,6.5203574264448205,3.267180764663287,0.2,0.6121485598933851,0.6400000000000003,1
125,57,80,521,754,1275,self,5.923932058957178,3.267180764663287,0.2,0.6121485598933851,0.6520000000000004,1
125,58,80,521,754,1275,self,5.55897032551982,3.267180764663287,0.2,0.6121485598933851,0.5240000000000002,1
125,59,80,521,754,1275,stranger,1.81498003379457,3.267180764663287,0.2,0.6121485598933851,1.5919999999999574,1
125,60,80,521,754,1275,stranger,0.03252780849608605,3.267180764663287,0.2,0.6121485598933851,0.3630000000000001,0
126,1,23,215,817,1032,stranger,-0.016815776941753402,4.032245021411135,0.2,0.4960016044114489,1.032,0
126,2,23,215,817,1032,self,2.6945252018632404,4.032245021411135,0.2,0.4960016044114489,1.4729999999999706,1
126,3,23,215,817,1032,stranger,0.04920306567401256,4.032245021411135,0.2,0.4960016044114489,0.7540000000000004,0
126,4,23,215,817,1032,stranger,-0.24939565449592926,4.032245021411135,0.2,0.4960016044114489,0.8480000000000005,0
126,5,23,215,817,1032,self,2.6738113380051463,4.032245021411135,0.2,0.4960016044114489,1.9669999999999161,1
126,6,23,215,817,1032,self,3.2675825088171795,4.032245021411135,0.2,0.4960016044114489,1.0470000000000006,1
126,7,23,215,817,1032,stranger,-0.49697391255962864,4.032245021411135,0.2,0.4960016044114489,1.2299999999999973,0
126,8,23,215,817,1032,self,2.7559430279895585,4.032245021411135,0.2,0.4960016044114489,1.6219999999999541,1
126,9,23,215,817,1032,stranger,-0.4305166781044072,4.032245021411135,0.2,0.4960016044114489,0.4540000000000002,0
126,10,23,215,817,1032,self,3.539316417030121,4.032245021411135,0.2,0.4960016044114489,1.0470000000000006,1
126,11,23,215,817,1032,self,2.692939325620814,4.032245021411135,0.2,0.4960016044114489,1.8289999999999313,1
126,12,23,215,817,1032,self,3.0686514234869264,4.032245021411135,0.2,0.4960016044114489,1.4619999999999718,1
126,13,23,215,817,1032,stranger,-0.03361860420871987,4.032245021411135,0.2,0.4960016044114489,0.2830000000000001,0
126,14,23,215,817,1032,stranger,-0.41428367432761815,4.032245021411135,0.2,0.4960016044114489,0.33000000000000007,0
126,15,23,215,817,1032,stranger,0.9419361395695172,4.032245021411135,0.2,0.4960016044114489,1.7109999999999443,1
126,16,23,215,817,1032,self,3.147725440350867,4.032245021411135,0.2,0.4960016044114489,1.0770000000000006,1
126,17,23,215,817,1032,stranger,-0.22632741591252048,4.032245021411135,0.2,0.4960016044114489,1.032,0
126,18,23,215,817,1032,self,3.1522602171435556,4.032245021411135,0.2,0.4960016044114489,0.9630000000000005,1
126,19,23,215,817,1032,stranger,-0.3838404443897595,4.032245021411135,0.2,0.4960016044114489,0.5860000000000003,0
126,20,23,215,817,1032,self,3.950491288874564,4.032245021411135,0.2,0.4960016044114489,1.4949999999999681,1
126,21,23,215,817,1032,stranger,-0.6403359639249692,4.032245021411135,0.2,0.4960016044114489,0.4920000000000002,0
126,22,23,215,817,1032,self,3.8307700839463807,4.032245021411135,0.2,0.4960016044114489,1.2349999999999968,1
126,23,23,215,817,1032,self,3.442122997465172,4.032245021411135,0.2,0.4960016044114489,1.0010000000000006,1
126,24,23,215,817,1032,self,3.46014180732307,4.032245021411135,0.2,0.4960016044114489,1.0270000000000006,1
126,25,23,215,817,1032,self,3.9009893090919787,4.032245021411135,0.2,0.4960016044114489,1.2189999999999985,1
126,26,23,215,817,1032,self,3.1337048169609876,4.032245021411135,0.2,0.4960016044114489,1.213999999999999,1
126,27,23,215,817,1032,self,2.73835053735172,4.032245021411135,0.2,0.4960016044114489,1.5459999999999625,1
126,28,23,215,817,1032,self,3.3267296853485124,4.032245021411135,0.2,0.4960016044114489,1.2769999999999921,1
126,29,23,215,817,1032,self,3.383403695884052,4.032245021411135,0.2,0.4960016044114489,1.1770000000000007,1
126,30,23,215,817,1032,stranger,0.46833039102300567,4.032245021411135,0.2,0.4960016044114489,1.032,0
126,31,23,215,817,1032,stranger,0.5271649334504087,4.032245021411135,0.2,0.4960016044114489,1.7729999999999375,1
126,32,23,215,817,1032,self,3.688811024161404,4.032245021411135,0.2,0.4960016044114489,0.9160000000000006,1
126,33,23,215,817,1032,stranger,0.051471127633236025,4.032245021411135,0.2,0.4960016044114489,0.6460000000000004,0
126,34,23,215,817,1032,self,2.3811767243530753,4.032245021411135,0.2,0.4960016044114489,1.0110000000000006,1
126,35,23,215,817,1032,self,3.644704167651839,4.032245021411135,0.2,0.4960016044114489,0.6050000000000003,1
126,36,23,215,817,1032,stranger,-0.7300857805399342,4.032245021411135,0.2,0.4960016044114489,0.26800000000000007,0
126,37,23,215,817,1032,self,2.954755361458619,4.032245021411135,0.2,0.4960016044114489,0.9620000000000006,1
126,38,23,215,817,1032,stranger,0.051127551364585466,4.032245021411135,0.2,0.4960016044114489,1.032,0
126,39,23,215,817,1032,stranger,0.49887406515702293,4.032245021411135,0.2,0.4960016044114489,0.6480000000000004,0
126,40,23,215,817,1032,stranger,-0.3359060913745745,4.032245021411135,0.2,0.4960016044114489,0.7890000000000004,0
126,41,23,215,817,1032,self,2.9118322839215827,4.032245021411135,0.2,0.4960016044114489,1.0180000000000007,1
126,42,23,215,817,1032,stranger,0.9977731418012452,4.032245021411135,0.2,0.4960016044114489,1.032,0
126,43,23,215,817,1032,self,3.3695009216701335,4.032245021411135,0.2,0.4960016044114489,1.47799999999997,1
126,44,23,215,817,1032,stranger,-0.1429556003621848,4.032245021411135,0.2,0.4960016044114489,0.40500000000000014,0
126,45,23,215,817,1032,stranger,0.42142648152765116,4.032245021411135,0.2,0.4960016044114489,1.0910000000000006,0
126,46,23,215,817,1032,self,3.9311007179404935,4.032245021411135,0.2,0.4960016044114489,0.9720000000000006,1
126,47,23,215,817,1032,stranger,-0.29019867015008227,4.032245021411135,0.2,0.4960016044114489,0.3810000000000001,0
126,48,23,215,817,1032,stranger,-0.23796094831580838,4.032245021411135,0.2,0.4960016044114489,0.3560000000000001,0
126,49,23,215,817,1032,self,3.547444027897213,4.032245021411135,0.2,0.4960016044114489,1.0620000000000007,1
126,50,23,215,817,1032,stranger,-0.19839723723720004,4.032245021411135,0.2,0.4960016044114489,0.3020000000000001,0
126,51,23,215,817,1032,stranger,1.0157362391844738,4.032245021411135,0.2,0.4960016044114489,1.9899999999999136,0
126,52,23,215,817,1032,stranger,0.021237752770999263,4.032245021411135,0.2,0.4960016044114489,0.26000000000000006,0
126,53,23,215,817,1032,self,3.3630689721073788,4.032245021411135,0.2,0.4960016044114489,1.2799999999999918,1
126,54,23,215,817,1032,stranger,-0.2059403149383754,4.032245021411135,0.2,0.4960016044114489,0.3360000000000001,0
126,55,23,215,817,1032,self,3.6037489503463878,4.032245021411135,0.2,0.4960016044114489,1.0030000000000006,1
126,56,23,215,817,1032,self,3.4763198344044888,4.032245021411135,0.2,0.4960016044114489,1.3949999999999791,1
126,57,23,215,817,1032,self,3.6291579159790732,4.032245021411135,0.2,0.4960016044114489,1.3559999999999834,1
126,58,23,215,817,1032,stranger,-0.08367730377699756,4.032245021411135,0.2,0.4960016044114489,0.26500000000000007,0
126,59,23,215,817,1032,stranger,-0.1792154295099102,4.032245021411135,0.2,0.4960016044114489,1.032,0
126,60,23,215,817,1032,stranger,-0.1517247064073166,4.032245021411135,0.2,0.4960016044114489,0.43500000000000016,0
127,1,38,412,318,730,self,6.617706134975129,2.5314429347298057,0.2,0.7900632372791254,0.5410000000000003,1
127,2,38,412,318,730,self,5.818842283334901,2.5314429347298057,0.2,0.7900632372791254,0.43200000000000016,1
127,3,38,412,318,730,stranger,2.1090257500172793,2.5314429347298057,0.2,0.7900632372791254,0.6120000000000003,1
127,4,38,412,318,730,self,7.028530933254755,2.5314429347298057,0.2,0.7900632372791254,0.44200000000000017,1
127,5,38,412,318,730,stranger,1.3817458105665368,2.5314429347298057,0.2,0.7900632372791254,1.1870000000000007,1
127,6,38,412,318,730,stranger,1.8424558220464944,2.5314429347298057,0.2,0.7900632372791254,0.7280000000000004,1
127,7,38,412,318,730,stranger,2.0856919434004055,2.5314429347298057,0.2,0.7900632372791254,1.0980000000000008,1
127,8,38,412,318,730,stranger,2.2949919092071664,2.5314429347298057,0.2,0.7900632372791254,1.2979999999999898,1
127,9,38,412,318,730,self,6.747152189739053,2.5314429347298057,0.2,0.7900632372791254,0.41700000000000015,1
127,10,38,412,318,730,stranger,2.2091621407821904,2.5314429347298057,0.2,0.7900632372791254,0.6810000000000004,1
127,11,38,412,318,730,stranger,1.2101616774612565,2.5314429347298057,0.2,0.7900632372791254,0.5610000000000003,1
127,12,38,412,318,730,stranger,1.159398159366516,2.5314429347298057,0.2,0.7900632372791254,1.0150000000000006,1
127,13,38,412,318,730,stranger,2.336800399672611,2.5314429347298057,0.2,0.7900632372791254,0.5370000000000003,1
127,14,38,412,318,730,stranger,2.567438177264662,2.5314429347298057,0.2,0.7900632372791254,1.1150000000000007,1
127,15,38,412,318,730,stranger,1.5020856790578434,2.5314429347298057,0.2,0.7900632372791254,1.968999999999916,1
127,16,38,412,318,730,self,8.266815695976895,2.5314429347298057,0.2,0.7900632372791254,0.3820000000000001,1
127,17,38,412,318,730,self,7.304378409436288,2.5314429347298057,0.2,0.7900632372791254,0.3690000000000001,1
127,18,38,412,318,730,self,7.129510003309739,2.5314429347298057,0.2,0.7900632372791254,0.3470000000000001,1
127,19,38,412,318,730,stranger,1.7476946069058534,2.5314429347298057,0.2,0.7900632372791254,0.7620000000000005,1
127,20,38,412,318,730,stranger,0.7044140719534503,2.5314429347298057,0.2,0.7900632372791254,0.3580000000000001,0
127,21,38,412,318,730,stranger,1.4937113439739176,2.5314429347298057,0.2,0.7900632372791254,1.1680000000000008,1
127,22,38,412,318,730,self,6.838552519696987,2.5314429347298057,0.2,0.7900632372791254,0.3500000000000001,1
127,23,38,412,318,730,self,7.2235065211586145,2.5314429347298057,0.2,0.7900632372791254,0.6320000000000003,1
127,24,38,412,318,730,self,8.096096842116172,2.5314429347298057,0.2,0.7900632372791254,0.3360000000000001,1
127,25,38,412,318,730,stranger,1.3155939155245966,2.5314429347298057,0.2,0.7900632372791254,1.2189999999999985,1
127,26,38,412,318,730,stranger,1.8201842295144768,2.5314429347298057,0.2,0.7900632372791254,1.6619999999999497,1
127,27,38,412,318,730,stranger,2.111963155256738,2.5314429347298057,0.2,0.7900632372791254,0.8110000000000004,1
127,28,38,412,318,730,self,7.251474580771321,2.5314429347298057,0.2,0.7900632372791254,0.42900000000000016,1
127,29,38,412,318,730,stranger,0.5259054311231788,2.5314429347298057,0.2,0.7900632372791254,2.02099999999991,1
127,30,38,412,318,730,stranger,1.8989140719142512,2.5314429347298057,0.2,0.7900632372791254,0.7240000000000004,1
127,31,38,412,318,730,stranger,0.9159351326432756,2.5314429347298057,0.2,0.7900632372791254,1.2000000000000006,1
127,32,38,412,318,730,self,6.44026025348308,2.5314429347298057,0.2,0.7900632372791254,0.4710000000000002,1
127,33,38,412,318,730,stranger,1.779591486545765,2.5314429347298057,0.2,0.7900632372791254,1.2359999999999967,1
127,34,38,412,318,730,stranger,1.5827534320834395,2.5314429347298057,0.2,0.7900632372791254,0.6210000000000003,1
127,35,38,412,318,730,self,7.090284278233136,2.5314429347298057,0.2,0.7900632372791254,0.4620000000000002,1
127,36,38,412,318,730,self,6.981716123506005,2.5314429347298057,0.2,0.7900632372791254,0.40200000000000014,1
127,37,38,412,318,730,self,7.202665189869301,2.5314429347298057,0.2,0.7900632372791254,0.42600000000000016,1
127,38,38,412,318,730,self,7.584079276983734,2.5314429347298057,0.2,0.7900632372791254,0.41400000000000015,1
127,39,38,412,318,730,self,6.860179863931768,2.5314429347298057,0.2,0.7900632372791254,0.42900000000000016,1
127,40,38,412,318,730,self,7.561670150952362,2.5314429347298057,0.2,0.7900632372791254,0.5090000000000002,1
127,41,38,412,318,730,stranger,2.3259062640072012,2.5314429347298057,0.2,0.7900632372791254,1.2349999999999968,1
127,42,38,412,318,730,stranger,1.4144754348405129,2.5314429347298057,0.2,0.7900632372791254,1.4709999999999708,1
127,43,38,412,318,730,self,7.354572294200414,2.5314429347298057,0.2,0.7900632372791254,0.40200000000000014,1
127,44,38,412,318,730,self,7.076534364763602,2.5314429347298057,0.2,0.7900632372791254,0.4450000000000002,1
127,45,38,412,318,730,self,7.202628394388474,2.5314429347298057,0.2,0.7900632372791254,0.4770000000000002,1
127,46,38,412,318,730,stranger,2.5835760805544785,2.5314429347298057,0.2,0.7900632372791254,0.41400000000000015,1
127,47,38,412,318,730,stranger,1.7201771094369154,2.5314429347298057,0.2,0.7900632372791254,0.4560000000000002,0
127,48,38,412,318,730,stranger,1.8768773516179056,2.5314429347298057,0.2,0.7900632372791254,0.9090000000000005,1
127,49,38,412,318,730,self,7.865379929175174,2.5314429347298057,0.2,0.7900632372791254,0.3640000000000001,1
127,50,38,412,318,730,stranger,2.0637790724270406,2.5314429347298057,0.2,0.7900632372791254,0.7090000000000003,1
127,51,38,412,318,730,self,7.023278923010443,2.5314429347298057,0.2,0.7900632372791254,0.4500000000000002,1
127,52,38,412,318,730,self,8.620586480026256,2.5314429347298057,0.2,0.7900632372791254,0.40800000000000014,1
127,53,38,412,318,730,self,7.274633262611045,2.5314429347298057,0.2,0.7900632372791254,0.4780000000000002,1
127,54,38,412,318,730,stranger,1.3868849680813664,2.5314429347298057,0.2,0.7900632372791254,1.9359999999999196,1
127,55,38,412,318,730,self,7.541197561971489,2.5314429347298057,0.2,0.7900632372791254,0.5030000000000002,1
127,56,38,412,318,730,self,6.902264157007519,2.5314429347298057,0.2,0.7900632372791254,0.4690000000000002,1
127,57,38,412,318,730,stranger,1.5078496373253343,2.5314429347298057,0.2,0.7900632372791254,2.075999999999904,1
127,58,38,412,318,730,self,7.316120822653925,2.5314429347298057,0.2,0.7900632372791254,0.42200000000000015,1
127,59,38,412,318,730,self,7.030860285800007,2.5314429347298057,0.2,0.7900632372791254,0.4960000000000002,1
127,60,38,412,318,730,self,6.667002575101933,2.5314429347298057,0.2,0.7900632372791254,0.3790000000000001,1
128,1,86,385,1422,1807,stranger,2.188089242718836,3.6483923220933376,0.2,0.5481866596113382,1.807,0
128,2,86,385,1422,1807,stranger,2.6836734493698,3.6483923220933376,0.2,0.5481866596113382,0.5140000000000002,0
128,3,86,385,1422,1807,self,8.390403894860885,3.6483923220933376,0.2,0.5481866596113382,0.6020000000000003,1
128,4,86,385,1422,1807,self,7.66067426480243,3.6483923220933376,0.2,0.5481866596113382,0.6610000000000004,1
128,5,86,385,1422,1807,stranger,1.7920356925135086,3.6483923220933376,0.2,0.5481866596113382,1.886999999999925,1
128,6,86,385,1422,1807,self,7.734197451050773,3.6483923220933376,0.2,0.5481866596113382,0.7010000000000003,1
128,7,86,385,1422,1807,stranger,2.8344906899482263,3.6483923220933376,0.2,0.5481866596113382,1.0200000000000007,1
128,8,86,385,1422,1807,stranger,1.458713130205903,3.6483923220933376,0.2,0.5481866596113382,1.3159999999999878,0
128,9,86,385,1422,1807,self,7.944959651683731,3.6483923220933376,0.2,0.5481866596113382,0.4840000000000002,1
128,10,86,385,1422,1807,self,7.788564631414951,3.6483923220933376,0.2,0.5481866596113382,0.6200000000000003,1
128,11,86,385,1422,1807,stranger,1.6509600779606974,3.6483923220933376,0.2,0.5481866596113382,1.513999999999966,0
128,12,86,385,1422,1807,stranger,1.7894136379057968,3.6483923220933376,0.2,0.5481866596113382,1.6199999999999544,1
128,13,86,385,1422,1807,stranger,2.7490216565954118,3.6483923220933376,0.2,0.5481866596113382,1.1990000000000007,1
128,14,86,385,1422,1807,stranger,1.6697688252970138,3.6483923220933376,0.2,0.5481866596113382,1.807,0
128,15,86,385,1422,1807,self,7.934005815041882,3.6483923220933376,0.2,0.5481866596113382,0.5800000000000003,1
128,16,86,385,1422,1807,stranger,2.8186854550987235,3.6483923220933376,0.2,0.5481866596113382,1.4519999999999729,1
128,17,86,385,1422,1807,self,8.020652271104632,3.6483923220933376,0.2,0.5481866596113382,0.5660000000000003,1
128,18,86,385,1422,1807,stranger,2.0399001057974697,3.6483923220933376,0.2,0.5481866596113382,1.6069999999999558,1
128,19,86,385,1422,1807,self,7.93278907643075,3.6483923220933376,0.2,0.5481866596113382,0.5600000000000003,1
128,20,86,385,1422,1807,stranger,2.909045768500841,3.6483923220933376,0.2,0.5481866596113382,1.2379999999999964,1
128,21,86,385,1422,1807,self,7.774238677060411,3.6483923220933376,0.2,0.5481866596113382,0.6070000000000003,1
128,22,86,385,1422,1807,self,8.187615696854328,3.6483923220933376,0.2,0.5481866596113382,0.5770000000000003,1
128,23,86,385,1422,1807,self,7.431116330595703,3.6483923220933376,0.2,0.5481866596113382,0.5380000000000003,1
128,24,86,385,1422,1807,self,8.056880742763468,3.6483923220933376,0.2,0.5481866596113382,0.5290000000000002,1
128,25,86,385,1422,1807,self,8.577791686775042,3.6483923220933376,0.2,0.5481866596113382,0.5270000000000002,1
128,26,86,385,1422,1807,self,7.94944016391236,3.6483923220933376,0.2,0.5481866596113382,0.5660000000000003,1
128,27,86,385,1422,1807,self,8.230867343610088,3.6483923220933376,0.2,0.5481866596113382,0.5200000000000002,1
128,28,86,385,1422,1807,stranger,2.434126165207982,3.6483923220933376,0.2,0.5481866596113382,1.0180000000000007,1
128,29,86,385,1422,1807,stranger,2.516298095807539,3.6483923220933376,0.2,0.5481866596113382,0.9740000000000006,1
128,30,86,385,1422,1807,self,7.5251177991607205,3.6483923220933376,0.2,0.5481866596113382,0.7390000000000003,1
128,31,86,385,1422,1807,self,7.83263558696729,3.6483923220933376,0.2,0.5481866596113382,0.5490000000000003,1
128,32,86,385,1422,1807,self,8.283692546029592,3.6483923220933376,0.2,0.5481866596113382,0.5590000000000003,1
128,33,86,385,1422,1807,self,8.335893281359612,3.6483923220933376,0.2,0.5481866596113382,0.5780000000000003,1
128,34,86,385,1422,1807,stranger,1.4192058872302353,3.6483923220933376,0.2,0.5481866596113382,1.9669999999999161,1
128,35,86,385,1422,1807,self,7.834434943484855,3.6483923220933376,0.2,0.5481866596113382,0.5560000000000003,1
128,36,86,385,1422,1807,stranger,2.2447231897105464,3.6483923220933376,0.2,0.5481866596113382,1.9029999999999232,1
128,37,86,385,1422,1807,stranger,1.4945512238320635,3.6483923220933376,0.2,0.5481866596113382,2.309999999999879,1
128,38,86,385,1422,1807,stranger,2.307414425074616,3.6483923220933376,0.2,0.5481866596113382,1.807,0
128,39,86,385,1422,1807,self,7.909995006270328,3.6483923220933376,0.2,0.5481866596113382,0.6100000000000003,1
128,40,86,385,1422,1807,self,7.651554284788252,3.6483923220933376,0.2,0.5481866596113382,0.6400000000000003,1
128,41,86,385,1422,1807,stranger,1.8430763908794443,3.6483923220933376,0.2,0.5481866596113382,1.807,0
128,42,86,385,1422,1807,stranger,2.92786158470657,3.6483923220933376,0.2,0.5481866596113382,1.0360000000000007,1
128,43,86,385,1422,1807,stranger,1.380132377199394,3.6483923220933376,0.2,0.5481866596113382,1.807,0
128,44,86,385,1422,1807,stranger,1.8763080796490947,3.6483923220933376,0.2,0.5481866596113382,1.4219999999999762,1
128,45,86,385,1422,1807,stranger,2.2450652953019943,3.6483923220933376,0.2,0.5481866596113382,1.1520000000000008,1
128,46,86,385,1422,1807,stranger,2.5092416999490825,3.6483923220933376,0.2,0.5481866596113382,1.5169999999999657,1
128,47,86,385,1422,1807,self,8.389522270360898,3.6483923220933376,0.2,0.5481866596113382,0.6770000000000004,1
128,48,86,385,1422,1807,self,8.0270060262643,3.6483923220933376,0.2,0.5481866596113382,0.5650000000000003,1
128,49,86,385,1422,1807,self,7.362337889149421,3.6483923220933376,0.2,0.5481866596113382,0.7650000000000003,1
128,50,86,385,1422,1807,stranger,2.2737482162440803,3.6483923220933376,0.2,0.5481866596113382,1.807,0
128,51,86,385,1422,1807,stranger,2.3758307844933544,3.6483923220933376,0.2,0.5481866596113382,1.0220000000000007,1
128,52,86,385,1422,1807,self,8.668605171367533,3.6483923220933376,0.2,0.5481866596113382,0.4770000000000002,1
128,53,86,385,1422,1807,stranger,1.5631610617385407,3.6483923220933376,0.2,0.5481866596113382,1.9459999999999185,1
128,54,86,385,1422,1807,self,8.007422485324184,3.6483923220933376,0.2,0.5481866596113382,0.5510000000000003,1
128,55,86,385,1422,1807,self,7.267191346351586,3.6483923220933376,0.2,0.5481866596113382,0.6530000000000004,1
128,56,86,385,1422,1807,stranger,2.139340511537062,3.6483923220933376,0.2,0.5481866596113382,1.205,1
128,57,86,385,1422,1807,self,8.762717704797803,3.6483923220933376,0.2,0.5481866596113382,0.4760000000000002,1
128,58,86,385,1422,1807,stranger,2.168761577315195,3.6483923220933376,0.2,0.5481866596113382,0.9220000000000006,1
128,59,86,385,1422,1807,stranger,1.7453844240050764,3.6483923220933376,0.2,0.5481866596113382,2.4399999999998645,1
128,60,86,385,1422,1807,self,8.321386744762423,3.6483923220933376,0.2,0.5481866596113382,0.5560000000000003,1
129,1,52,560,417,977,stranger,-0.19055830806332452,2.8896187668892677,0.2,0.6921328248961506,1.0110000000000006,0
129,2,52,560,417,977,self,6.309066696854315,2.8896187668892677,0.2,0.6921328248961506,0.5270000000000002,1
129,3,52,560,417,977,self,6.233774410634712,2.8896187668892677,0.2,0.6921328248961506,0.5510000000000003,1
129,4,52,560,417,977,self,6.8179944261568375,2.8896187668892677,0.2,0.6921328248961506,0.4920000000000002,1
129,5,52,560,417,977,stranger,1.283885715500992,2.8896187668892677,0.2,0.6921328248961506,1.4299999999999753,1
129,6,52,560,417,977,self,6.799651487931139,2.8896187668892677,0.2,0.6921328248961506,0.5200000000000002,1
129,7,52,560,417,977,stranger,0.6724209460300914,2.8896187668892677,0.2,0.6921328248961506,0.3750000000000001,0
129,8,52,560,417,977,stranger,1.0044347740646904,2.8896187668892677,0.2,0.6921328248961506,1.3309999999999862,1
129,9,52,560,417,977,stranger,1.6123145069730258,2.8896187668892677,0.2,0.6921328248961506,1.1760000000000008,1
129,10,52,560,417,977,stranger,1.186350263809694,2.8896187668892677,0.2,0.6921328248961506,1.0070000000000006,1
129,11,52,560,417,977,self,6.412303557275215,2.8896187668892677,0.2,0.6921328248961506,0.4680000000000002,1
129,12,52,560,417,977,stranger,0.04899235148932091,2.8896187668892677,0.2,0.6921328248961506,1.9979999999999127,0
129,13,52,560,417,977,self,6.0933812893465165,2.8896187668892677,0.2,0.6921328248961506,0.6040000000000003,1
129,14,52,560,417,977,stranger,0.7607152503926058,2.8896187668892677,0.2,0.6921328248961506,1.5119999999999663,1
129,15,52,560,417,977,stranger,1.673981436653805,2.8896187668892677,0.2,0.6921328248961506,0.7860000000000005,1
129,16,52,560,417,977,self,6.550585440004427,2.8896187668892677,0.2,0.6921328248961506,0.6950000000000004,1
129,17,52,560,417,977,self,6.511888687803589,2.8896187668892677,0.2,0.6921328248961506,0.6050000000000003,1
129,18,52,560,417,977,self,6.0651728167589285,2.8896187668892677,0.2,0.6921328248961506,0.5600000000000003,1
129,19,52,560,417,977,stranger,0.6219701947243925,2.8896187668892677,0.2,0.6921328248961506,0.40200000000000014,0
129,20,52,560,417,977,stranger,2.047025645991832,2.8896187668892677,0.2,0.6921328248961506,1.5449999999999626,1
129,21,52,560,417,977,self,6.106572569154805,2.8896187668892677,0.2,0.6921328248961506,0.4510000000000002,1
129,22,52,560,417,977,self,6.211999623847965,2.8896187668892677,0.2,0.6921328248961506,0.5820000000000003,1
129,23,52,560,417,977,self,6.422465859921732,2.8896187668892677,0.2,0.6921328248961506,0.5710000000000003,1
129,24,52,560,417,977,stranger,0.024283070592758804,2.8896187668892677,0.2,0.6921328248961506,1.205,1
129,25,52,560,417,977,self,6.034968697976679,2.8896187668892677,0.2,0.6921328248961506,0.4940000000000002,1
129,26,52,560,417,977,self,7.093031700244103,2.8896187668892677,0.2,0.6921328248961506,0.41000000000000014,1
129,27,52,560,417,977,stranger,0.37414892806797995,2.8896187668892677,0.2,0.6921328248961506,1.4259999999999757,1
129,28,52,560,417,977,self,6.0905264543746656,2.8896187668892677,0.2,0.6921328248961506,0.6430000000000003,1
129,29,52,560,417,977,self,6.315175707126405,2.8896187668892677,0.2,0.6921328248961506,0.4750000000000002,1
129,30,52,560,417,977,stranger,0.48715444537584696,2.8896187668892677,0.2,0.6921328248961506,1.7359999999999416,0
129,31,52,560,417,977,stranger,1.6061740588971372,2.8896187668892677,0.2,0.6921328248961506,0.4490000000000002,0
129,32,52,560,417,977,stranger,0.39336552710411743,2.8896187668892677,0.2,0.6921328248961506,2.148999999999896,0
129,33,52,560,417,977,stranger,-0.15334011747157528,2.8896187668892677,0.2,0.6921328248961506,0.9650000000000005,0
129,34,52,560,417,977,self,6.519571123146942,2.8896187668892677,0.2,0.6921328248961506,0.5120000000000002,1
129,35,52,560,417,977,self,6.668157985930255,2.8896187668892677,0.2,0.6921328248961506,0.5280000000000002,1
129,36,52,560,417,977,stranger,1.0061999752018354,2.8896187668892677,0.2,0.6921328248961506,0.6900000000000004,0
129,37,52,560,417,977,stranger,1.4462771345255807,2.8896187668892677,0.2,0.6921328248961506,1.1130000000000007,1
129,38,52,560,417,977,stranger,0.5212706987734508,2.8896187668892677,0.2,0.6921328248961506,2.049999999999907,1
129,39,52,560,417,977,stranger,0.2992695074062408,2.8896187668892677,0.2,0.6921328248961506,0.8110000000000004,1
129,40,52,560,417,977,self,6.27697005546875,2.8896187668892677,0.2,0.6921328248961506,0.6860000000000004,1
129,41,52,560,417,977,self,6.569143630221254,2.8896187668892677,0.2,0.6921328248961506,0.5050000000000002,1
129,42,52,560,417,977,self,6.277772332429634,2.8896187668892677,0.2,0.6921328248961506,0.5390000000000003,1
129,43,52,560,417,977,self,6.207671151450983,2.8896187668892677,0.2,0.6921328248961506,0.5880000000000003,1
129,44,52,560,417,977,self,5.50521423779245,2.8896187668892677,0.2,0.6921328248961506,0.5960000000000003,1
129,45,52,560,417,977,stranger,0.8410093656998483,2.8896187668892677,0.2,0.6921328248961506,1.605999999999956,1
129,46,52,560,417,977,self,7.384914057758319,2.8896187668892677,0.2,0.6921328248961506,0.4750000000000002,1
129,47,52,560,417,977,stranger,1.084129373674779,2.8896187668892677,0.2,0.6921328248961506,1.0740000000000007,1
129,48,52,560,417,977,stranger,0.6919326131103982,2.8896187668892677,0.2,0.6921328248961506,1.369999999999982,0
129,49,52,560,417,977,stranger,-0.186198275352643,2.8896187668892677,0.2,0.6921328248961506,0.4620000000000002,0
129,50,52,560,417,977,self,6.284466603128362,2.8896187668892677,0.2,0.6921328248961506,0.44100000000000017,1
129,51,52,560,417,977,stranger,0.4467816439084549,2.8896187668892677,0.2,0.6921328248961506,0.5120000000000002,0
129,52,52,560,417,977,self,6.187179762486927,2.8896187668892677,0.2,0.6921328248961506,0.6440000000000003,1
129,53,52,560,417,977,self,7.212760378568584,2.8896187668892677,0.2,0.6921328248961506,0.4890000000000002,1
129,54,52,560,417,977,self,7.152849885197929,2.8896187668892677,0.2,0.6921328248961506,0.6040000000000003,1
129,55,52,560,417,977,stranger,0.35080097140869393,2.8896187668892677,0.2,0.6921328248961506,0.4500000000000002,0
129,56,52,560,417,977,self,6.651795371510186,2.8896187668892677,0.2,0.6921328248961506,0.4680000000000002,1
129,57,52,560,417,977,stranger,0.5536213391160629,2.8896187668892677,0.2,0.6921328248961506,0.977,0
129,58,52,560,417,977,stranger,0.9998551296588944,2.8896187668892677,0.2,0.6921328248961506,0.977,0
129,59,52,560,417,977,stranger,1.2299263989059837,2.8896187668892677,0.2,0.6921328248961506,1.1890000000000007,1
129,60,52,560,417,977,self,6.608843579267195,2.8896187668892677,0.2,0.6921328248961506,0.4640000000000002,1
130,1,88,308,298,606,self,5.532286626344426,2.5811059644118446,0.2,0.7748616397683382,0.4460000000000002,1
130,2,88,308,298,606,self,5.9301413876947375,2.5811059644118446,0.2,0.7748616397683382,0.5260000000000002,1
130,3,88,308,298,606,self,6.674811648723917,2.5811059644118446,0.2,0.7748616397683382,0.5570000000000003,1
130,4,88,308,298,606,stranger,1.1270224089990786,2.5811059644118446,0.2,0.7748616397683382,1.1230000000000007,1
130,5,88,308,298,606,self,5.823967499960933,2.5811059644118446,0.2,0.7748616397683382,0.4840000000000002,1
130,6,88,308,298,606,self,7.1254272668489484,2.5811059644118446,0.2,0.7748616397683382,0.4690000000000002,1
130,7,88,308,298,606,stranger,1.2110109818977848,2.5811059644118446,0.2,0.7748616397683382,0.9500000000000006,1
130,8,88,308,298,606,self,6.301633360119272,2.5811059644118446,0.2,0.7748616397683382,0.5320000000000003,1
130,9,88,308,298,606,stranger,2.022360559260785,2.5811059644118446,0.2,0.7748616397683382,1.3749999999999813,1
130,10,88,308,298,606,stranger,1.4341596462817148,2.5811059644118446,0.2,0.7748616397683382,0.7320000000000004,1
130,11,88,308,298,606,self,6.4383821582302865,2.5811059644118446,0.2,0.7748616397683382,0.4850000000000002,1
130,12,88,308,298,606,stranger,1.3229163835121631,2.5811059644118446,0.2,0.7748616397683382,0.606,0
130,13,88,308,298,606,self,6.795280652734324,2.5811059644118446,0.2,0.7748616397683382,0.4880000000000002,1
130,14,88,308,298,606,stranger,0.7845551749968163,2.5811059644118446,0.2,0.7748616397683382,0.7280000000000004,0
130,15,88,308,298,606,stranger,0.9190079552911297,2.5811059644118446,0.2,0.7748616397683382,1.8199999999999323,1
130,16,88,308,298,606,self,6.168292234800264,2.5811059644118446,0.2,0.7748616397683382,0.5520000000000003,1
130,17,88,308,298,606,stranger,2.3308450997672407,2.5811059644118446,0.2,0.7748616397683382,1.0470000000000006,1
130,18,88,308,298,606,self,7.411384549972431,2.5811059644118446,0.2,0.7748616397683382,0.42000000000000015,1
130,19,88,308,298,606,stranger,0.8400573303905077,2.5811059644118446,0.2,0.7748616397683382,0.3580000000000001,0
130,20,88,308,298,606,self,6.63114072950501,2.5811059644118446,0.2,0.7748616397683382,0.5540000000000003,1
130,21,88,308,298,606,self,8.259455346044627,2.5811059644118446,0.2,0.7748616397683382,0.41900000000000015,1
130,22,88,308,298,606,stranger,1.5505382148641504,2.5811059644118446,0.2,0.7748616397683382,1.5999999999999566,1
130,23,88,308,298,606,stranger,0.9389937983578498,2.5811059644118446,0.2,0.7748616397683382,1.8119999999999332,1
130,24,88,308,298,606,self,6.246551692336974,2.5811059644118446,0.2,0.7748616397683382,0.5260000000000002,1
130,25,88,308,298,606,stranger,0.5449192170806698,2.5811059644118446,0.2,0.7748616397683382,1.3359999999999856,1
130,26,88,308,298,606,self,6.787607794520698,2.5811059644118446,0.2,0.7748616397683382,0.41300000000000014,1
130,27,88,308,298,606,self,6.990145442408698,2.5811059644118446,0.2,0.7748616397683382,0.3900000000000001,1
130,28,88,308,298,606,self,6.941289781859513,2.5811059644118446,0.2,0.7748616397683382,0.5590000000000003,1
130,29,88,308,298,606,stranger,1.154619917781755,2.5811059644118446,0.2,0.7748616397683382,0.9860000000000007,1
130,30,88,308,298,606,self,6.012996673581999,2.5811059644118446,0.2,0.7748616397683382,0.44200000000000017,1
130,31,88,308,298,606,stranger,1.3471540166905591,2.5811059644118446,0.2,0.7748616397683382,1.3539999999999837,1
130,32,88,308,298,606,self,6.59222890127271,2.5811059644118446,0.2,0.7748616397683382,0.42100000000000015,1
130,33,88,308,298,606,stranger,1.523750655508875,2.5811059644118446,0.2,0.7748616397683382,0.5750000000000003,1
130,34,88,308,298,606,self,5.372783605695621,2.5811059644118446,0.2,0.7748616397683382,0.44100000000000017,1
130,35,88,308,298,606,stranger,1.2491867750183971,2.5811059644118446,0.2,0.7748616397683382,1.4349999999999747,1
130,36,88,308,298,606,stranger,2.1285014182910578,2.5811059644118446,0.2,0.7748616397683382,0.7620000000000005,1
130,37,88,308,298,606,self,6.186547886701314,2.5811059644118446,0.2,0.7748616397683382,0.4820000000000002,1
130,38,88,308,298,606,self,6.141757384382793,2.5811059644118446,0.2,0.7748616397683382,0.4570000000000002,1
130,39,88,308,298,606,self,6.340339360267801,2.5811059644118446,0.2,0.7748616397683382,0.3920000000000001,1
130,40,88,308,298,606,self,6.75918709912659,2.5811059644118446,0.2,0.7748616397683382,0.40600000000000014,1
130,41,88,308,298,606,stranger,0.41831433415268987,2.5811059644118446,0.2,0.7748616397683382,1.5009999999999675,0
130,42,88,308,298,606,stranger,1.4424049176692864,2.5811059644118446,0.2,0.7748616397683382,0.8920000000000006,1
130,43,88,308,298,606,self,7.484844644510707,2.5811059644118446,0.2,0.7748616397683382,0.3860000000000001,1
130,44,88,308,298,606,stranger,0.686182490800074,2.5811059644118446,0.2,0.7748616397683382,0.606,0
130,45,88,308,298,606,stranger,1.8864530433638467,2.5811059644118446,0.2,0.7748616397683382,0.8210000000000004,1
130,46,88,308,298,606,stranger,1.8174024507350066,2.5811059644118446,0.2,0.7748616397683382,1.5459999999999625,1
130,47,88,308,298,606,self,6.604420998803826,2.5811059644118446,0.2,0.7748616397683382,0.5130000000000002,1
130,48,88,308,298,606,self,7.007924074813982,2.5811059644118446,0.2,0.7748616397683382,0.43800000000000017,1
130,49,88,308,298,606,self,6.441869926412864,2.5811059644118446,0.2,0.7748616397683382,0.4630000000000002,1
130,50,88,308,298,606,self,6.780133526894654,2.5811059644118446,0.2,0.7748616397683382,0.6050000000000003,1
130,51,88,308,298,606,stranger,2.9040619930226326,2.5811059644118446,0.2,0.7748616397683382,1.0110000000000006,1
130,52,88,308,298,606,stranger,1.3837908992870407,2.5811059644118446,0.2,0.7748616397683382,0.9200000000000006,1
130,53,88,308,298,606,stranger,2.178794653806966,2.5811059644118446,0.2,0.7748616397683382,1.240999999999996,1
130,54,88,308,298,606,stranger,1.7299537358372001,2.5811059644118446,0.2,0.7748616397683382,0.6010000000000003,1
130,55,88,308,298,606,self,6.3857590614922435,2.5811059644118446,0.2,0.7748616397683382,0.5660000000000003,1
130,56,88,308,298,606,stranger,1.299570321056992,2.5811059644118446,0.2,0.7748616397683382,1.8019999999999343,1
130,57,88,308,298,606,stranger,1.1233431018798679,2.5811059644118446,0.2,0.7748616397683382,0.9970000000000006,0
130,58,88,308,298,606,self,5.959498252266941,2.5811059644118446,0.2,0.7748616397683382,0.4730000000000002,1
130,59,88,308,298,606,stranger,0.695640202867958,2.5811059644118446,0.2,0.7748616397683382,0.606,0
130,60,88,308,298,606,stranger,1.1438967950152839,2.5811059644118446,0.2,0.7748616397683382,1.6849999999999472,1
131,1,88,401,295,696,stranger,1.6926806628752427,3.304461528274568,0.2,0.6052423315832351,0.3920000000000001,0
131,2,88,401,295,696,self,6.278202245531853,3.304461528274568,0.2,0.6052423315832351,0.6830000000000004,1
131,3,88,401,295,696,stranger,1.344446339907968,3.304461528274568,0.2,0.6052423315832351,0.6730000000000004,1
131,4,88,401,295,696,stranger,1.837039890449451,3.304461528274568,0.2,0.6052423315832351,0.9590000000000005,1
131,5,88,401,295,696,stranger,1.0279163230941528,3.304461528274568,0.2,0.6052423315832351,1.1400000000000008,1
131,6,88,401,295,696,self,6.413821654797544,3.304461528274568,0.2,0.6052423315832351,0.7440000000000004,1
131,7,88,401,295,696,stranger,1.358999205860911,3.304461528274568,0.2,0.6052423315832351,1.2129999999999992,1
131,8,88,401,295,696,stranger,1.5528536508719184,3.304461528274568,0.2,0.6052423315832351,1.9199999999999213,1
131,9,88,401,295,696,self,7.704360784494063,3.304461528274568,0.2,0.6052423315832351,0.7390000000000003,1
131,10,88,401,295,696,self,7.108207153974579,3.304461528274568,0.2,0.6052423315832351,0.4850000000000002,1
131,11,88,401,295,696,stranger,1.3767189246785656,3.304461528274568,0.2,0.6052423315832351,2.187999999999892,1
131,12,88,401,295,696,self,5.907374450923446,3.304461528274568,0.2,0.6052423315832351,0.7700000000000005,1
131,13,88,401,295,696,self,6.667429828748695,3.304461528274568,0.2,0.6052423315832351,0.7110000000000003,1
131,14,88,401,295,696,self,7.221862968740185,3.304461528274568,0.2,0.6052423315832351,0.5900000000000003,1
131,15,88,401,295,696,stranger,2.4734400468611883,3.304461528274568,0.2,0.6052423315832351,1.332999999999986,1
131,16,88,401,295,696,stranger,1.3690937805197982,3.304461528274568,0.2,0.6052423315832351,1.3719999999999817,1
131,17,88,401,295,696,self,6.860772261251077,3.304461528274568,0.2,0.6052423315832351,0.6070000000000003,1
131,18,88,401,295,696,self,7.903322279060004,3.304461528274568,0.2,0.6052423315832351,0.4860000000000002,1
131,19,88,401,295,696,stranger,1.068806699629113,3.304461528274568,0.2,0.6052423315832351,1.0830000000000006,0
131,20,88,401,295,696,stranger,1.7813872333947116,3.304461528274568,0.2,0.6052423315832351,1.9029999999999232,1
131,21,88,401,295,696,self,6.470516306162447,3.304461528274568,0.2,0.6052423315832351,0.5610000000000003,1
131,22,88,401,295,696,stranger,1.488193708620936,3.304461528274568,0.2,0.6052423315832351,1.5569999999999613,1
131,23,88,401,295,696,stranger,2.8357316639280077,3.304461528274568,0.2,0.6052423315832351,0.8000000000000005,1
131,24,88,401,295,696,self,8.029837140719346,3.304461528274568,0.2,0.6052423315832351,0.5210000000000002,1
131,25,88,401,295,696,self,6.860361220867872,3.304461528274568,0.2,0.6052423315832351,0.6320000000000003,1
131,26,88,401,295,696,stranger,1.3482491457299017,3.304461528274568,0.2,0.6052423315832351,1.5759999999999592,1
131,27,88,401,295,696,self,6.780702344595109,3.304461528274568,0.2,0.6052423315832351,0.6500000000000004,1
131,28,88,401,295,696,stranger,2.0368257821118525,3.304461528274568,0.2,0.6052423315832351,1.9809999999999146,1
131,29,88,401,295,696,stranger,1.0928761365038773,3.304461528274568,0.2,0.6052423315832351,2.0729999999999045,0
131,30,88,401,295,696,stranger,1.3524160203310178,3.304461528274568,0.2,0.6052423315832351,1.6899999999999467,1
131,31,88,401,295,696,self,6.473254046780621,3.304461528274568,0.2,0.6052423315832351,0.5990000000000003,1
131,32,88,401,295,696,stranger,1.5795545780327007,3.304461528274568,0.2,0.6052423315832351,0.3340000000000001,0
131,33,88,401,295,696,self,7.133413819044405,3.304461528274568,0.2,0.6052423315832351,0.4720000000000002,1
131,34,88,401,295,696,stranger,0.7068054187774788,3.304461528274568,0.2,0.6052423315832351,2.0909999999999025,0
131,35,88,401,295,696,stranger,1.0148931310308316,3.304461528274568,0.2,0.6052423315832351,1.6169999999999547,1
131,36,88,401,295,696,stranger,2.097539065104108,3.304461528274568,0.2,0.6052423315832351,0.7080000000000004,1
131,37,88,401,295,696,self,6.9372912348659,3.304461528274568,0.2,0.6052423315832351,0.5520000000000003,1
131,38,88,401,295,696,stranger,0.8386540106803285,3.304461528274568,0.2,0.6052423315832351,1.8929999999999243,1
131,39,88,401,295,696,stranger,1.256453392315531,3.304461528274568,0.2,0.6052423315832351,1.441999999999974,1
131,40,88,401,295,696,stranger,2.287278251436283,3.304461528274568,0.2,0.6052423315832351,1.0410000000000006,1
131,41,88,401,295,696,self,6.399852996229343,3.304461528274568,0.2,0.6052423315832351,0.6650000000000004,1
131,42,88,401,295,696,stranger,1.6608179088434818,3.304461528274568,0.2,0.6052423315832351,1.213999999999999,1
131,43,88,401,295,696,self,7.909781937855604,3.304461528274568,0.2,0.6052423315832351,0.5190000000000002,1
131,44,88,401,295,696,stranger,1.788817781167192,3.304461528274568,0.2,0.6052423315832351,1.903999999999923,1
131,45,88,401,295,696,self,7.162492078954407,3.304461528274568,0.2,0.6052423315832351,0.6530000000000004,1
131,46,88,401,295,696,self,6.939468348744079,3.304461528274568,0.2,0.6052423315832351,0.42800000000000016,1
131,47,88,401,295,696,self,6.597073616015174,3.304461528274568,0.2,0.6052423315832351,0.7560000000000004,1
131,48,88,401,295,696,self,6.25135099013463,3.304461528274568,0.2,0.6052423315832351,0.7590000000000003,1
131,49,88,401,295,696,self,6.852722921357204,3.304461528274568,0.2,0.6052423315832351,0.5600000000000003,1
131,50,88,401,295,696,self,5.90512638583114,3.304461528274568,0.2,0.6052423315832351,0.5340000000000003,1
131,51,88,401,295,696,self,7.044470299199882,3.304461528274568,0.2,0.6052423315832351,0.6280000000000003,1
131,52,88,401,295,696,self,6.479302005166935,3.304461528274568,0.2,0.6052423315832351,0.6220000000000003,1
131,53,88,401,295,696,stranger,0.4435677241984272,3.304461528274568,0.2,0.6052423315832351,1.1030000000000006,1
131,54,88,401,295,696,self,6.609036786709051,3.304461528274568,0.2,0.6052423315832351,0.7830000000000004,1
131,55,88,401,295,696,self,7.500163561112076,3.304461528274568,0.2,0.6052423315832351,0.4930000000000002,1
131,56,88,401,295,696,stranger,0.8883515185300195,3.304461528274568,0.2,0.6052423315832351,0.6960000000000001,0
131,57,88,401,295,696,stranger,2.272901743980892,3.304461528274568,0.2,0.6052423315832351,0.6960000000000001,0
131,58,88,401,295,696,self,6.106676455298703,3.304461528274568,0.2,0.6052423315832351,0.5840000000000003,1
131,59,88,401,295,696,stranger,2.2864866148613565,3.304461528274568,0.2,0.6052423315832351,1.2030000000000003,1
131,60,88,401,295,696,self,7.123260010216792,3.304461528274568,0.2,0.6052423315832351,0.5380000000000003,1
132,1,33,498,1195,1693,stranger,2.103556360968545,3.5616599460222895,0.2,0.5615359215395135,1.7529999999999397,1
132,2,33,498,1195,1693,stranger,1.9164201397946345,3.5616599460222895,0.2,0.5615359215395135,0.5010000000000002,0
132,3,33,498,1195,1693,stranger,1.6156938100451115,3.5616599460222895,0.2,0.5615359215395135,1.8069999999999338,1
132,4,33,498,1195,1693,self,7.877479331952348,3.5616599460222895,0.2,0.5615359215395135,0.5020000000000002,1
132,5,33,498,1195,1693,stranger,2.032615160027994,3.5616599460222895,0.2,0.5615359215395135,1.1170000000000007,1
132,6,33,498,1195,1693,stranger,1.1289087626954133,3.5616599460222895,0.2,0.5615359215395135,2.195999999999891,1
132,7,33,498,1195,1693,self,7.150355904405981,3.5616599460222895,0.2,0.5615359215395135,0.5740000000000003,1
132,8,33,498,1195,1693,self,6.8156476277051,3.5616599460222895,0.2,0.5615359215395135,0.6000000000000003,1
132,9,33,498,1195,1693,stranger,1.9250746020655647,3.5616599460222895,0.2,0.5615359215395135,0.5100000000000002,0
132,10,33,498,1195,1693,self,7.656376436336326,3.5616599460222895,0.2,0.5615359215395135,0.5800000000000003,1
132,11,33,498,1195,1693,self,6.613702673570527,3.5616599460222895,0.2,0.5615359215395135,0.8250000000000004,1
132,12,33,498,1195,1693,self,6.833412886707217,3.5616599460222895,0.2,0.5615359215395135,0.6260000000000003,1
132,13,33,498,1195,1693,self,6.799833968865148,3.5616599460222895,0.2,0.5615359215395135,0.5800000000000003,1
132,14,33,498,1195,1693,stranger,1.7041071756538806,3.5616599460222895,0.2,0.5615359215395135,1.4029999999999783,1
132,15,33,498,1195,1693,self,7.233439623511995,3.5616599460222895,0.2,0.5615359215395135,0.5870000000000003,1
132,16,33,498,1195,1693,self,6.380478816132707,3.5616599460222895,0.2,0.5615359215395135,0.7480000000000004,1
132,17,33,498,1195,1693,stranger,2.146643032956003,3.5616599460222895,0.2,0.5615359215395135,1.9929999999999133,1
132,18,33,498,1195,1693,self,7.852594358874004,3.5616599460222895,0.2,0.5615359215395135,0.4970000000000002,1
132,19,33,498,1195,1693,self,7.070710964224957,3.5616599460222895,0.2,0.5615359215395135,0.6960000000000004,1
132,20,33,498,1195,1693,self,7.42219063391862,3.5616599460222895,0.2,0.5615359215395135,0.6930000000000004,1
132,21,33,498,1195,1693,stranger,2.055086209927676,3.5616599460222895,0.2,0.5615359215395135,2.2489999999998855,1
132,22,33,498,1195,1693,stranger,2.1351377696404885,3.5616599460222895,0.2,0.5615359215395135,2.1439999999998967,1
132,23,33,498,1195,1693,self,6.650298047800283,3.5616599460222895,0.2,0.5615359215395135,0.5320000000000003,1
132,24,33,498,1195,1693,self,7.13075957398247,3.5616599460222895,0.2,0.5615359215395135,0.5960000000000003,1
132,25,33,498,1195,1693,stranger,1.792835143760874,3.5616599460222895,0.2,0.5615359215395135,0.6590000000000004,0
132,26,33,498,1195,1693,self,6.418198935283717,3.5616599460222895,0.2,0.5615359215395135,1.0050000000000006,1
132,27,33,498,1195,1693,stranger,2.12431388841827,3.5616599460222895,0.2,0.5615359215395135,1.5039999999999671,1
132,28,33,498,1195,1693,stranger,2.9281378472691064,3.5616599460222895,0.2,0.5615359215395135,1.3259999999999867,1
132,29,33,498,1195,1693,self,6.4845130828085376,3.5616599460222895,0.2,0.5615359215395135,0.6170000000000003,1
132,30,33,498,1195,1693,stranger,1.5786158516300282,3.5616599460222895,0.2,0.5615359215395135,1.6109999999999554,1
132,31,33,498,1195,1693,stranger,1.7966499074638715,3.5616599460222895,0.2,0.5615359215395135,1.5549999999999615,1
132,32,33,498,1195,1693,stranger,1.5945693318568306,3.5616599460222895,0.2,0.5615359215395135,0.9160000000000006,1
132,33,33,498,1195,1693,stranger,1.6172661372745616,3.5616599460222895,0.2,0.5615359215395135,1.6179999999999546,1
132,34,33,498,1195,1693,self,7.3048351395013835,3.5616599460222895,0.2,0.5615359215395135,0.5960000000000003,1
132,35,33,498,1195,1693,self,6.9529448430075185,3.5616599460222895,0.2,0.5615359215395135,0.6360000000000003,1
132,36,33,498,1195,1693,stranger,1.8761453595208515,3.5616599460222895,0.2,0.5615359215395135,1.513999999999966,1
132,37,33,498,1195,1693,stranger,1.3909872909157082,3.5616599460222895,0.2,0.5615359215395135,0.8860000000000006,0
132,38,33,498,1195,1693,self,7.370538253617012,3.5616599460222895,0.2,0.5615359215395135,0.5490000000000003,1
132,39,33,498,1195,1693,self,7.862201628264009,3.5616599460222895,0.2,0.5615359215395135,0.5410000000000003,1
132,40,33,498,1195,1693,self,6.89502301406685,3.5616599460222895,0.2,0.5615359215395135,0.7460000000000004,1
132,41,33,498,1195,1693,stranger,1.0579917254511908,3.5616599460222895,0.2,0.5615359215395135,0.5970000000000003,0
132,42,33,498,1195,1693,stranger,1.6551621460116632,3.5616599460222895,0.2,0.5615359215395135,1.441999999999974,1
132,43,33,498,1195,1693,stranger,2.242462133425496,3.5616599460222895,0.2,0.5615359215395135,1.8619999999999277,1
132,44,33,498,1195,1693,stranger,1.6643187908776371,3.5616599460222895,0.2,0.5615359215395135,1.693,0
132,45,33,498,1195,1693,self,7.277636460960649,3.5616599460222895,0.2,0.5615359215395135,0.5420000000000003,1
132,46,33,498,1195,1693,self,6.542652274191792,3.5616599460222895,0.2,0.5615359215395135,0.8630000000000004,1
132,47,33,498,1195,1693,self,7.870080834604603,3.5616599460222895,0.2,0.5615359215395135,0.6550000000000004,1
132,48,33,498,1195,1693,stranger,1.2827937405534082,3.5616599460222895,0.2,0.5615359215395135,1.323999999999987,0
132,49,33,498,1195,1693,stranger,1.907287907013741,3.5616599460222895,0.2,0.5615359215395135,1.3729999999999816,1
132,50,33,498,1195,1693,self,7.974139129025793,3.5616599460222895,0.2,0.5615359215395135,0.4740000000000002,1
132,51,33,498,1195,1693,self,6.669457368743241,3.5616599460222895,0.2,0.5615359215395135,0.5130000000000002,1
132,52,33,498,1195,1693,self,7.5421171687592095,3.5616599460222895,0.2,0.5615359215395135,0.6150000000000003,1
132,53,33,498,1195,1693,stranger,1.0976809601339574,3.5616599460222895,0.2,0.5615359215395135,2.057999999999906,1
132,54,33,498,1195,1693,self,6.620740968767669,3.5616599460222895,0.2,0.5615359215395135,0.8780000000000006,1
132,55,33,498,1195,1693,self,7.762318671723326,3.5616599460222895,0.2,0.5615359215395135,0.4660000000000002,1
132,56,33,498,1195,1693,stranger,1.2493480642700177,3.5616599460222895,0.2,0.5615359215395135,0.5330000000000003,0
132,57,33,498,1195,1693,stranger,0.8675301972066662,3.5616599460222895,0.2,0.5615359215395135,2.013999999999911,1
132,58,33,498,1195,1693,stranger,1.3923067337376587,3.5616599460222895,0.2,0.5615359215395135,1.693,0
132,59,33,498,1195,1693,self,6.942627893666043,3.5616599460222895,0.2,0.5615359215395135,0.6940000000000004,1
132,60,33,498,1195,1693,stranger,1.7762095198994927,3.5616599460222895,0.2,0.5615359215395135,1.5199999999999654,1
133,1,15,38,1004,1042,self,0.5865554898474616,3.588793759862889,0.2,0.5572903136335176,0.4500000000000002,0
133,2,15,38,1004,1042,self,1.686804309294182,3.588793759862889,0.2,0.5572903136335176,1.4949999999999681,1
133,3,15,38,1004,1042,stranger,-0.8313989283886836,3.588793759862889,0.2,0.5572903136335176,1.0700000000000007,0
133,4,15,38,1004,1042,stranger,0.1764016112442729,3.588793759862889,0.2,0.5572903136335176,2.087999999999903,1
133,5,15,38,1004,1042,stranger,0.1336887014195054,3.588793759862889,0.2,0.5572903136335176,0.3410000000000001,0
133,6,15,38,1004,1042,stranger,-0.5874955782395874,3.588793759862889,0.2,0.5572903136335176,0.3890000000000001,0
133,7,15,38,1004,1042,self,1.6428675293217394,3.588793759862889,0.2,0.5572903136335176,0.3720000000000001,0
133,8,15,38,1004,1042,stranger,-0.6551760094837163,3.588793759862889,0.2,0.5572903136335176,0.4860000000000002,0
133,9,15,38,1004,1042,stranger,-0.2956115077490742,3.588793759862889,0.2,0.5572903136335176,1.042,0
133,10,15,38,1004,1042,self,1.9578969198060625,3.588793759862889,0.2,0.5572903136335176,1.6249999999999538,1
133,11,15,38,1004,1042,stranger,0.11746807985122243,3.588793759862889,0.2,0.5572903136335176,0.7790000000000004,0
133,12,15,38,1004,1042,stranger,0.319111350617171,3.588793759862889,0.2,0.5572903136335176,1.042,0
133,13,15,38,1004,1042,stranger,-0.08248334033231908,3.588793759862889,0.2,0.5572903136335176,1.042,0
133,14,15,38,1004,1042,stranger,0.8112954899340183,3.588793759862889,0.2,0.5572903136335176,1.042,0
133,15,15,38,1004,1042,self,1.1386549165008204,3.588793759862889,0.2,0.5572903136335176,1.042,0
133,16,15,38,1004,1042,self,1.549793830142607,3.588793759862889,0.2,0.5572903136335176,1.9079999999999226,1
133,17,15,38,1004,1042,stranger,0.6971754425878587,3.588793759862889,0.2,0.5572903136335176,1.7999999999999345,1
133,18,15,38,1004,1042,self,1.8754455044106717,3.588793759862889,0.2,0.5572903136335176,0.8130000000000004,1
133,19,15,38,1004,1042,self,0.931400017752281,3.588793759862889,0.2,0.5572903136335176,1.042,0
133,20,15,38,1004,1042,self,1.2353259115675836,3.588793759862889,0.2,0.5572903136335176,0.24000000000000005,0
133,21,15,38,1004,1042,stranger,-1.1031452160229245,3.588793759862889,0.2,0.5572903136335176,0.3660000000000001,0
133,22,15,38,1004,1042,self,0.9854462041955858,3.588793759862889,0.2,0.5572903136335176,1.940999999999919,1
133,23,15,38,1004,1042,stranger,-1.4184393883010282,3.588793759862889,0.2,0.5572903136335176,0.3000000000000001,0
133,24,15,38,1004,1042,stranger,-0.737344002575046,3.588793759862889,0.2,0.5572903136335176,0.3060000000000001,0
133,25,15,38,1004,1042,self,1.271707635588702,3.588793759862889,0.2,0.5572903136335176,0.7100000000000004,0
133,26,15,38,1004,1042,self,0.41498217295767015,3.588793759862889,0.2,0.5572903136335176,1.3949999999999791,1
133,27,15,38,1004,1042,stranger,-0.23161243339362375,3.588793759862889,0.2,0.5572903136335176,2.1379999999998973,0
133,28,15,38,1004,1042,stranger,0.13334637346222866,3.588793759862889,0.2,0.5572903136335176,1.532999999999964,1
133,29,15,38,1004,1042,stranger,-0.12625056069047347,3.588793759862889,0.2,0.5572903136335176,0.25000000000000006,0
133,30,15,38,1004,1042,self,-0.04626893146867683,3.588793759862889,0.2,0.5572903136335176,1.042,0
133,31,15,38,1004,1042,self,0.5730506497417307,3.588793759862889,0.2,0.5572903136335176,0.4550000000000002,0
133,32,15,38,1004,1042,self,1.0598196017492285,3.588793759862889,0.2,0.5572903136335176,0.8150000000000004,0
133,33,15,38,1004,1042,stranger,-0.7760189600117806,3.588793759862889,0.2,0.5572903136335176,0.2710000000000001,0
133,34,15,38,1004,1042,self,0.06629061615927001,3.588793759862889,0.2,0.5572903136335176,0.5470000000000003,0
133,35,15,38,1004,1042,self,0.7749992008279205,3.588793759862889,0.2,0.5572903136335176,1.042,0
133,36,15,38,1004,1042,stranger,-0.11651796935022496,3.588793759862889,0.2,0.5572903136335176,0.43800000000000017,0
133,37,15,38,1004,1042,self,0.6635230938422618,3.588793759862889,0.2,0.5572903136335176,1.042,0
133,38,15,38,1004,1042,stranger,-0.09227799791020375,3.588793759862889,0.2,0.5572903136335176,0.6100000000000003,0
133,39,15,38,1004,1042,stranger,-0.6267421825521011,3.588793759862889,0.2,0.5572903136335176,0.5670000000000003,0
133,40,15,38,1004,1042,stranger,-0.7868565988463211,3.588793759862889,0.2,0.5572903136335176,0.6700000000000004,0
133,41,15,38,1004,1042,self,0.9999172663412319,3.588793759862889,0.2,0.5572903136335176,0.41300000000000014,0
133,42,15,38,1004,1042,stranger,-0.012235218691574623,3.588793759862889,0.2,0.5572903136335176,0.5870000000000003,0
133,43,15,38,1004,1042,stranger,-0.10837034160664505,3.588793759862889,0.2,0.5572903136335176,0.5800000000000003,0
133,44,15,38,1004,1042,stranger,-1.5446704887426304,3.588793759862889,0.2,0.5572903136335176,0.7230000000000003,0
133,45,15,38,1004,1042,stranger,-0.6613059475640293,3.588793759862889,0.2,0.5572903136335176,0.3120000000000001,0
133,46,15,38,1004,1042,self,-0.7860118222010772,3.588793759862889,0.2,0.5572903136335176,0.40200000000000014,0
133,47,15,38,1004,1042,self,0.7754634093677915,3.588793759862889,0.2,0.5572903136335176,1.042,0
133,48,15,38,1004,1042,self,1.631231219493494,3.588793759862889,0.2,0.5572903136335176,0.2980000000000001,0
133,49,15,38,1004,1042,self,0.573563629959071,3.588793759862889,0.2,0.5572903136335176,1.042,0
133,50,15,38,1004,1042,stranger,0.5213746114545854,3.588793759862889,0.2,0.5572903136335176,0.5370000000000003,0
133,51,15,38,1004,1042,self,0.9243130730736371,3.588793759862889,0.2,0.5572903136335176,1.042,0
133,52,15,38,1004,1042,stranger,-0.09336866817367018,3.588793759862889,0.2,0.5572903136335176,0.3370000000000001,0
133,53,15,38,1004,1042,self,1.3566857872052058,3.588793759862889,0.2,0.5572903136335176,1.1820000000000008,1
133,54,15,38,1004,1042,self,0.6763364838585291,3.588793759862889,0.2,0.5572903136335176,1.7899999999999356,1
133,55,15,38,1004,1042,stranger,-0.7673350983219154,3.588793759862889,0.2,0.5572903136335176,0.6840000000000004,0
133,56,15,38,1004,1042,self,2.268555667618629,3.588793759862889,0.2,0.5572903136335176,1.5799999999999588,1
133,57,15,38,1004,1042,self,1.1899701085863894,3.588793759862889,0.2,0.5572903136335176,1.4809999999999697,1
133,58,15,38,1004,1042,stranger,0.050744969315358546,3.588793759862889,0.2,0.5572903136335176,1.5299999999999643,0
133,59,15,38,1004,1042,self,1.1792320540682368,3.588793759862889,0.2,0.5572903136335176,1.042,0
133,60,15,38,1004,1042,self,0.4955212627462644,3.588793759862889,0.2,0.5572903136335176,1.042,0
134,1,148,15,916,931,stranger,1.0426373202727373,3.1744335352810285,0.2,0.6300336667225079,0.931,0
134,2,148,15,916,931,self,1.8746530289971761,3.1744335352810285,0.2,0.6300336667225079,0.931,0
134,3,148,15,916,931,self,1.95904401742575,3.1744335352810285,0.2,0.6300336667225079,1.831999999999931,1
134,4,148,15,916,931,self,2.2354604416200505,3.1744335352810285,0.2,0.6300336667225079,0.6570000000000004,1
134,5,148,15,916,931,self,3.0763869550054626,3.1744335352810285,0.2,0.6300336667225079,0.9600000000000006,1
134,6,148,15,916,931,self,2.3673164260959965,3.1744335352810285,0.2,0.6300336667225079,2.0889999999999027,1
134,7,148,15,916,931,stranger,0.295470300920554,3.1744335352810285,0.2,0.6300336667225079,0.7440000000000004,0
134,8,148,15,916,931,stranger,0.54530902608205,3.1744335352810285,0.2,0.6300336667225079,1.2459999999999956,0
134,9,148,15,916,931,stranger,1.1567458937706574,3.1744335352810285,0.2,0.6300336667225079,1.2539999999999947,1
134,10,148,15,916,931,stranger,0.37536623187945056,3.1744335352810285,0.2,0.6300336667225079,0.931,0
134,11,148,15,916,931,self,2.6322332522704346,3.1744335352810285,0.2,0.6300336667225079,1.3159999999999878,1
134,12,148,15,916,931,self,2.569381978884978,3.1744335352810285,0.2,0.6300336667225079,0.9300000000000006,1
134,13,148,15,916,931,self,3.043653944441113,3.1744335352810285,0.2,0.6300336667225079,1.0760000000000007,1
134,14,148,15,916,931,stranger,0.7290093625386092,3.1744335352810285,0.2,0.6300336667225079,0.3010000000000001,0
134,15,148,15,916,931,stranger,0.29549655536682295,3.1744335352810285,0.2,0.6300336667225079,0.931,0
134,16,148,15,916,931,stranger,0.7205895926414083,3.1744335352810285,0.2,0.6300336667225079,1.6299999999999533,1
134,17,148,15,916,931,stranger,-0.5647397422062655,3.1744335352810285,0.2,0.6300336667225079,0.3000000000000001,0
134,18,148,15,916,931,self,1.647795384239156,3.1744335352810285,0.2,0.6300336667225079,1.0410000000000006,1
134,19,148,15,916,931,stranger,0.5768763952165451,3.1744335352810285,0.2,0.6300336667225079,0.2930000000000001,0
134,20,148,15,916,931,stranger,-0.3277567335696193,3.1744335352810285,0.2,0.6300336667225079,0.931,0
134,21,148,15,916,931,stranger,0.11524013798899041,3.1744335352810285,0.2,0.6300336667225079,0.5070000000000002,0
134,22,148,15,916,931,stranger,1.187206384768124,3.1744335352810285,0.2,0.6300336667225079,0.931,0
134,23,148,15,916,931,stranger,0.1401321052071527,3.1744335352810285,0.2,0.6300336667225079,0.41100000000000014,0
134,24,148,15,916,931,self,2.0422978945039905,3.1744335352810285,0.2,0.6300336667225079,1.1000000000000008,1
134,25,148,15,916,931,self,2.87548585097797,3.1744335352810285,0.2,0.6300336667225079,1.1600000000000008,1
134,26,148,15,916,931,self,1.4712923983714208,3.1744335352810285,0.2,0.6300336667225079,1.6099999999999555,1
134,27,148,15,916,931,stranger,0.7818326562043977,3.1744335352810285,0.2,0.6300336667225079,0.7750000000000004,0
134,28,148,15,916,931,stranger,0.5131955189335415,3.1744335352810285,0.2,0.6300336667225079,0.4680000000000002,0
134,29,148,15,916,931,stranger,1.0820156406400558,3.1744335352810285,0.2,0.6300336667225079,0.931,0
134,30,148,15,916,931,self,1.6325385707009534,3.1744335352810285,0.2,0.6300336667225079,0.25100000000000006,0
134,31,148,15,916,931,self,2.063167441743256,3.1744335352810285,0.2,0.6300336667225079,1.677999999999948,1
134,32,148,15,916,931,stranger,0.0938587925830725,3.1744335352810285,0.2,0.6300336667225079,0.931,0
134,33,148,15,916,931,self,2.698365100281608,3.1744335352810285,0.2,0.6300336667225079,0.9590000000000005,1
134,34,148,15,916,931,self,1.4768528240319747,3.1744335352810285,0.2,0.6300336667225079,1.5289999999999644,1
134,35,148,15,916,931,self,2.792640664387287,3.1744335352810285,0.2,0.6300336667225079,0.7390000000000003,1
134,36,148,15,916,931,stranger,0.17733219860121785,3.1744335352810285,0.2,0.6300336667225079,0.7890000000000004,0
134,37,148,15,916,931,self,2.3547610669470336,3.1744335352810285,0.2,0.6300336667225079,0.9090000000000005,1
134,38,148,15,916,931,stranger,0.3662725608678594,3.1744335352810285,0.2,0.6300336667225079,0.5810000000000003,0
134,39,148,15,916,931,self,2.3561816283988533,3.1744335352810285,0.2,0.6300336667225079,1.3769999999999811,1
134,40,148,15,916,931,self,2.4692479387679964,3.1744335352810285,0.2,0.6300336667225079,1.0360000000000007,1
134,41,148,15,916,931,self,2.75325576273688,3.1744335352810285,0.2,0.6300336667225079,0.7640000000000005,1
134,42,148,15,916,931,self,1.6552570141100444,3.1744335352810285,0.2,0.6300336667225079,1.6129999999999551,1
134,43,148,15,916,931,self,2.042073615015405,3.1744335352810285,0.2,0.6300336667225079,1.314999999999988,1
134,44,148,15,916,931,stranger,0.08307219164142299,3.1744335352810285,0.2,0.6300336667225079,1.5129999999999661,1
134,45,148,15,916,931,stranger,0.4912187741539839,3.1744335352810285,0.2,0.6300336667225079,0.6050000000000003,0
134,46,148,15,916,931,self,2.172671425543894,3.1744335352810285,0.2,0.6300336667225079,1.1940000000000008,1
134,47,148,15,916,931,stranger,0.9149801912817375,3.1744335352810285,0.2,0.6300336667225079,0.3030000000000001,0
134,48,148,15,916,931,self,1.7672288797297817,3.1744335352810285,0.2,0.6300336667225079,0.40600000000000014,0
134,49,148,15,916,931,self,2.2127587789565264,3.1744335352810285,0.2,0.6300336667225079,1.1100000000000008,1
134,50,148,15,916,931,stranger,0.583875673375697,3.1744335352810285,0.2,0.6300336667225079,0.5380000000000003,0
134,51,148,15,916,931,self,2.5116083871318744,3.1744335352810285,0.2,0.6300336667225079,0.7130000000000003,1
134,52,148,15,916,931,stranger,0.5389830468707537,3.1744335352810285,0.2,0.6300336667225079,0.931,0
134,53,148,15,916,931,self,2.6384050598942204,3.1744335352810285,0.2,0.6300336667225079,1.1530000000000007,1
134,54,148,15,916,931,stranger,0.1767135709961244,3.1744335352810285,0.2,0.6300336667225079,0.3660000000000001,0
134,55,148,15,916,931,stranger,1.0191125913323438,3.1744335352810285,0.2,0.6300336667225079,0.931,0
134,56,148,15,916,931,self,2.350955601570984,3.1744335352810285,0.2,0.6300336667225079,1.1070000000000007,1
134,57,148,15,916,931,self,3.0380392095095923,3.1744335352810285,0.2,0.6300336667225079,0.9020000000000006,1
134,58,148,15,916,931,stranger,0.31881305949572947,3.1744335352810285,0.2,0.6300336667225079,0.2780000000000001,0
134,59,148,15,916,931,stranger,1.194338983277346,3.1744335352810285,0.2,0.6300336667225079,0.931,0
134,60,148,15,916,931,stranger,1.2482366584415912,3.1744335352810285,0.2,0.6300336667225079,0.931,0
135,1,73,211,562,773,self,5.784284970530008,3.308837869069321,0.2,0.6044418249367236,0.8150000000000004,1
135,2,73,211,562,773,self,5.131987879402451,3.308837869069321,0.2,0.6044418249367236,0.7800000000000005,1
135,3,73,211,562,773,self,5.334994490421806,3.308837869069321,0.2,0.6044418249367236,0.8810000000000004,1
135,4,73,211,562,773,stranger,2.2457354754343166,3.308837869069321,0.2,0.6044418249367236,1.6849999999999472,1
135,5,73,211,562,773,stranger,1.7785255911774966,3.308837869069321,0.2,0.6044418249367236,2.132999999999898,1
135,6,73,211,562,773,stranger,1.115762640674745,3.308837869069321,0.2,0.6044418249367236,1.9669999999999161,1
135,7,73,211,562,773,stranger,0.8390831239543128,3.308837869069321,0.2,0.6044418249367236,0.42000000000000015,0
135,8,73,211,562,773,self,5.301124893896256,3.308837869069321,0.2,0.6044418249367236,0.8740000000000006,1
135,9,73,211,562,773,stranger,1.7141462718650362,3.308837869069321,0.2,0.6044418249367236,1.7299999999999423,1
135,10,73,211,562,773,stranger,1.093875697204307,3.308837869069321,0.2,0.6044418249367236,1.7699999999999378,1
135,11,73,211,562,773,stranger,1.8408176032422163,3.308837869069321,0.2,0.6044418249367236,0.6400000000000003,0
135,12,73,211,562,773,self,5.699042808680586,3.308837869069321,0.2,0.6044418249367236,0.6480000000000004,1
135,13,73,211,562,773,self,6.122079258610591,3.308837869069321,0.2,0.6044418249367236,0.8800000000000006,1
135,14,73,211,562,773,self,5.329557126206819,3.308837869069321,0.2,0.6044418249367236,0.7180000000000004,1
135,15,73,211,562,773,self,5.145703173382316,3.308837869069321,0.2,0.6044418249367236,0.6810000000000004,1
135,16,73,211,562,773,stranger,1.6088645748160826,3.308837869069321,0.2,0.6044418249367236,1.8989999999999236,1
135,17,73,211,562,773,stranger,1.2178019777405231,3.308837869069321,0.2,0.6044418249367236,0.2910000000000001,0
135,18,73,211,562,773,self,5.484824973552155,3.308837869069321,0.2,0.6044418249367236,0.5270000000000002,1
135,19,73,211,562,773,stranger,1.8266809402052349,3.308837869069321,0.2,0.6044418249367236,1.894999999999924,1
135,20,73,211,562,773,self,6.63008301430241,3.308837869069321,0.2,0.6044418249367236,0.5100000000000002,1
135,21,73,211,562,773,stranger,2.3359884702159794,3.308837869069321,0.2,0.6044418249367236,2.1359999999998975,1
135,22,73,211,562,773,self,5.811853478479174,3.308837869069321,0.2,0.6044418249367236,0.7880000000000005,1
135,23,73,211,562,773,stranger,2.11487766016874,3.308837869069321,0.2,0.6044418249367236,0.8930000000000005,1
135,24,73,211,562,773,self,6.050491761891143,3.308837869069321,0.2,0.6044418249367236,0.5690000000000003,1
135,25,73,211,562,773,stranger,1.3139242225456231,3.308837869069321,0.2,0.6044418249367236,1.1380000000000008,1
135,26,73,211,562,773,self,5.220983499536595,3.308837869069321,0.2,0.6044418249367236,0.9340000000000006,1
135,27,73,211,562,773,self,5.600205478718848,3.308837869069321,0.2,0.6044418249367236,0.6210000000000003,1
135,28,73,211,562,773,stranger,1.0059185677810594,3.308837869069321,0.2,0.6044418249367236,1.8539999999999286,1
135,29,73,211,562,773,self,4.842333484963571,3.308837869069321,0.2,0.6044418249367236,0.8890000000000005,1
135,30,73,211,562,773,self,6.121394658934532,3.308837869069321,0.2,0.6044418249367236,0.6300000000000003,1
135,31,73,211,562,773,self,6.120201154324773,3.308837869069321,0.2,0.6044418249367236,0.8240000000000005,1
135,32,73,211,562,773,self,4.905053559964278,3.308837869069321,0.2,0.6044418249367236,0.7770000000000004,1
135,33,73,211,562,773,stranger,1.710572360798507,3.308837869069321,0.2,0.6044418249367236,0.2950000000000001,0
135,34,73,211,562,773,self,5.784797058035213,3.308837869069321,0.2,0.6044418249367236,0.6730000000000004,1
135,35,73,211,562,773,stranger,1.62223088206719,3.308837869069321,0.2,0.6044418249367236,1.2659999999999934,1
135,36,73,211,562,773,stranger,1.4627295973745165,3.308837869069321,0.2,0.6044418249367236,1.2549999999999946,1
135,37,73,211,562,773,stranger,1.5470264513861074,3.308837869069321,0.2,0.6044418249367236,1.2849999999999913,1
135,38,73,211,562,773,stranger,0.8026453567716687,3.308837869069321,0.2,0.6044418249367236,0.773,0
135,39,73,211,562,773,stranger,2.3510354667379882,3.308837869069321,0.2,0.6044418249367236,1.2000000000000006,1
135,40,73,211,562,773,stranger,0.8235141467072451,3.308837869069321,0.2,0.6044418249367236,0.773,0
135,41,73,211,562,773,self,6.207127889864036,3.308837869069321,0.2,0.6044418249367236,0.6980000000000004,1
135,42,73,211,562,773,self,5.148800923523031,3.308837869069321,0.2,0.6044418249367236,0.5960000000000003,1
135,43,73,211,562,773,self,5.782982934479215,3.308837869069321,0.2,0.6044418249367236,0.5740000000000003,1
135,44,73,211,562,773,self,5.512980786389218,3.308837869069321,0.2,0.6044418249367236,0.6770000000000004,1
135,45,73,211,562,773,stranger,1.0769137075794952,3.308837869069321,0.2,0.6044418249367236,0.3860000000000001,0
135,46,73,211,562,773,stranger,1.3205287471226168,3.308837869069321,0.2,0.6044418249367236,1.5169999999999657,1
135,47,73,211,562,773,self,5.9083157953813705,3.308837869069321,0.2,0.6044418249367236,0.6100000000000003,1
135,48,73,211,562,773,stranger,1.4304910058030171,3.308837869069321,0.2,0.6044418249367236,1.7939999999999352,1
135,49,73,211,562,773,self,5.900727424664885,3.308837869069321,0.2,0.6044418249367236,0.6130000000000003,1
135,50,73,211,562,773,stranger,1.4687920893370656,3.308837869069321,0.2,0.6044418249367236,2.1469999999998963,1
135,51,73,211,562,773,stranger,1.5184075258777898,3.308837869069321,0.2,0.6044418249367236,0.41800000000000015,0
135,52,73,211,562,773,stranger,1.8845994204573064,3.308837869069321,0.2,0.6044418249367236,1.4839999999999693,1
135,53,73,211,562,773,self,5.095714954706098,3.308837869069321,0.2,0.6044418249367236,0.4910000000000002,1
135,54,73,211,562,773,self,6.165098852310699,3.308837869069321,0.2,0.6044418249367236,0.6350000000000003,1
135,55,73,211,562,773,stranger,2.405735168608574,3.308837869069321,0.2,0.6044418249367236,1.1510000000000007,1
135,56,73,211,562,773,self,6.089165653339982,3.308837869069321,0.2,0.6044418249367236,0.6480000000000004,1
135,57,73,211,562,773,self,4.5411443820033615,3.308837869069321,0.2,0.6044418249367236,0.9590000000000005,1
135,58,73,211,562,773,stranger,2.0003013036531474,3.308837869069321,0.2,0.6044418249367236,0.8530000000000004,1
135,59,73,211,562,773,self,6.103693196608233,3.308837869069321,0.2,0.6044418249367236,0.8080000000000005,1
135,60,73,211,562,773,stranger,2.083022114721274,3.308837869069321,0.2,0.6044418249367236,0.8490000000000004,1
136,1,104,381,799,1180,stranger,1.480505983331644,3.1458933179073405,0.2,0.6357494669687042,1.9909999999999135,1
136,2,104,381,799,1180,self,8.15285913720157,3.1458933179073405,0.2,0.6357494669687042,0.6780000000000004,1
136,3,104,381,799,1180,stranger,1.3860611564908158,3.1458933179073405,0.2,0.6357494669687042,1.8279999999999315,1
136,4,104,381,799,1180,self,6.584228707669112,3.1458933179073405,0.2,0.6357494669687042,0.5190000000000002,1
136,5,104,381,799,1180,self,6.7465755135786925,3.1458933179073405,0.2,0.6357494669687042,0.5230000000000002,1
136,6,104,381,799,1180,self,6.165259849118339,3.1458933179073405,0.2,0.6357494669687042,0.44000000000000017,1
136,7,104,381,799,1180,self,6.871340597525911,3.1458933179073405,0.2,0.6357494669687042,0.6150000000000003,1
136,8,104,381,799,1180,stranger,1.3789972838679083,3.1458933179073405,0.2,0.6357494669687042,1.586999999999958,1
136,9,104,381,799,1180,stranger,1.4532457332752873,3.1458933179073405,0.2,0.6357494669687042,0.9770000000000005,0
136,10,104,381,799,1180,stranger,2.055185962888175,3.1458933179073405,0.2,0.6357494669687042,0.5920000000000003,1
136,11,104,381,799,1180,stranger,1.3774016368117332,3.1458933179073405,0.2,0.6357494669687042,0.41000000000000014,0
136,12,104,381,799,1180,self,7.092312918052888,3.1458933179073405,0.2,0.6357494669687042,0.5590000000000003,1
136,13,104,381,799,1180,self,6.844996021489455,3.1458933179073405,0.2,0.6357494669687042,0.41600000000000015,1
136,14,104,381,799,1180,self,7.244104112306092,3.1458933179073405,0.2,0.6357494669687042,0.5450000000000003,1
136,15,104,381,799,1180,stranger,1.8417320332256177,3.1458933179073405,0.2,0.6357494669687042,0.8340000000000005,1
136,16,104,381,799,1180,self,7.272520729563719,3.1458933179073405,0.2,0.6357494669687042,0.5860000000000003,1
136,17,104,381,799,1180,self,6.52652099672339,3.1458933179073405,0.2,0.6357494669687042,0.6050000000000003,1
136,18,104,381,799,1180,stranger,2.118315059139663,3.1458933179073405,0.2,0.6357494669687042,1.7299999999999423,1
136,19,104,381,799,1180,stranger,2.642789683533513,3.1458933179073405,0.2,0.6357494669687042,1.4909999999999686,1
136,20,104,381,799,1180,stranger,0.8916570194164206,3.1458933179073405,0.2,0.6357494669687042,1.18,0
136,21,104,381,799,1180,self,7.4740284490415965,3.1458933179073405,0.2,0.6357494669687042,0.7640000000000005,1
136,22,104,381,799,1180,self,7.590275232127498,3.1458933179073405,0.2,0.6357494669687042,0.40700000000000014,1
136,23,104,381,799,1180,stranger,1.450148980235612,3.1458933179073405,0.2,0.6357494669687042,0.8720000000000006,1
136,24,104,381,799,1180,self,6.956875316811429,3.1458933179073405,0.2,0.6357494669687042,0.4810000000000002,1
136,25,104,381,799,1180,stranger,2.0483106965878735,3.1458933179073405,0.2,0.6357494669687042,1.4079999999999777,1
136,26,104,381,799,1180,stranger,1.621957583860658,3.1458933179073405,0.2,0.6357494669687042,1.2539999999999947,1
136,27,104,381,799,1180,stranger,1.8962794543412607,3.1458933179073405,0.2,0.6357494669687042,1.423999999999976,1
136,28,104,381,799,1180,self,7.0867113439339455,3.1458933179073405,0.2,0.6357494669687042,0.44300000000000017,1
136,29,104,381,799,1180,stranger,1.8311578499630636,3.1458933179073405,0.2,0.6357494669687042,1.8339999999999308,1
136,30,104,381,799,1180,stranger,1.5722661399804883,3.1458933179073405,0.2,0.6357494669687042,1.7999999999999345,1
136,31,104,381,799,1180,stranger,1.6443692556532914,3.1458933179073405,0.2,0.6357494669687042,0.6390000000000003,1
136,32,104,381,799,1180,stranger,1.717679349554054,3.1458933179073405,0.2,0.6357494669687042,0.3340000000000001,0
136,33,104,381,799,1180,stranger,1.6741834374577533,3.1458933179073405,0.2,0.6357494669687042,1.38799999999998,0
136,34,104,381,799,1180,self,6.7502918335893325,3.1458933179073405,0.2,0.6357494669687042,0.5480000000000003,1
136,35,104,381,799,1180,stranger,1.4432144811089849,3.1458933179073405,0.2,0.6357494669687042,1.3559999999999834,1
136,36,104,381,799,1180,self,7.756222772585943,3.1458933179073405,0.2,0.6357494669687042,0.5230000000000002,1
136,37,104,381,799,1180,self,7.400111192035348,3.1458933179073405,0.2,0.6357494669687042,0.6100000000000003,1
136,38,104,381,799,1180,self,7.341367414248375,3.1458933179073405,0.2,0.6357494669687042,0.5060000000000002,1
136,39,104,381,799,1180,self,7.843618256479525,3.1458933179073405,0.2,0.6357494669687042,0.5550000000000003,1
136,40,104,381,799,1180,stranger,2.135087115403495,3.1458933179073405,0.2,0.6357494669687042,1.2339999999999969,1
136,41,104,381,799,1180,self,7.291875654115118,3.1458933179073405,0.2,0.6357494669687042,0.5830000000000003,1
136,42,104,381,799,1180,stranger,2.249616511891721,3.1458933179073405,0.2,0.6357494669687042,1.8429999999999298,1
136,43,104,381,799,1180,self,7.468218279312177,3.1458933179073405,0.2,0.6357494669687042,0.5680000000000003,1
136,44,104,381,799,1180,stranger,0.9984727134714665,3.1458933179073405,0.2,0.6357494669687042,1.18,0
136,45,104,381,799,1180,self,6.846300857669236,3.1458933179073405,0.2,0.6357494669687042,0.6460000000000004,1
136,46,104,381,799,1180,stranger,1.7141206222437704,3.1458933179073405,0.2,0.6357494669687042,1.47899999999997,1
136,47,104,381,799,1180,stranger,2.496567825116138,3.1458933179073405,0.2,0.6357494669687042,0.9260000000000006,1
136,48,104,381,799,1180,self,7.435717068682692,3.1458933179073405,0.2,0.6357494669687042,0.5790000000000003,1
136,49,104,381,799,1180,self,6.798893340223345,3.1458933179073405,0.2,0.6357494669687042,0.5880000000000003,1
136,50,104,381,799,1180,self,6.9030621140890265,3.1458933179073405,0.2,0.6357494669687042,0.5940000000000003,1
136,51,104,381,799,1180,stranger,2.151346383224403,3.1458933179073405,0.2,0.6357494669687042,1.3859999999999801,1
136,52,104,381,799,1180,self,7.707238772196792,3.1458933179073405,0.2,0.6357494669687042,0.4830000000000002,1
136,53,104,381,799,1180,stranger,1.3860523082076015,3.1458933179073405,0.2,0.6357494669687042,1.3169999999999877,1
136,54,104,381,799,1180,self,7.1801142128503574,3.1458933179073405,0.2,0.6357494669687042,0.5350000000000003,1
136,55,104,381,799,1180,self,6.841417573475961,3.1458933179073405,0.2,0.6357494669687042,0.4910000000000002,1
136,56,104,381,799,1180,stranger,1.5003363542759194,3.1458933179073405,0.2,0.6357494669687042,1.18,0
136,57,104,381,799,1180,stranger,2.220913724922604,3.1458933179073405,0.2,0.6357494669687042,1.613999999999955,1
136,58,104,381,799,1180,self,6.67614718404059,3.1458933179073405,0.2,0.6357494669687042,0.43700000000000017,1
136,59,104,381,799,1180,stranger,2.650817335216841,3.1458933179073405,0.2,0.6357494669687042,0.7820000000000005,1
136,60,104,381,799,1180,self,7.006965738338641,3.1458933179073405,0.2,0.6357494669687042,0.5930000000000003,1
137,1,141,147,915,1062,self,6.12712694680567,2.5003834956831206,0.2,0.7998773002033384,0.7010000000000003,1
137,2,141,147,915,1062,stranger,2.3699726876584224,2.5003834956831206,0.2,0.7998773002033384,1.4269999999999756,1
137,3,141,147,915,1062,self,6.9582396690258435,2.5003834956831206,0.2,0.7998773002033384,0.4580000000000002,1
137,4,141,147,915,1062,self,6.118437532462519,2.5003834956831206,0.2,0.7998773002033384,0.42000000000000015,1
137,5,141,147,915,1062,stranger,2.0542074655626292,2.5003834956831206,0.2,0.7998773002033384,0.7870000000000004,1
137,6,141,147,915,1062,stranger,2.164965051733721,2.5003834956831206,0.2,0.7998773002033384,0.8200000000000005,1
137,7,141,147,915,1062,stranger,2.37333607584522,2.5003834956831206,0.2,0.7998773002033384,0.5850000000000003,1
137,8,141,147,915,1062,self,5.68710251544775,2.5003834956831206,0.2,0.7998773002033384,0.44100000000000017,1
137,9,141,147,915,1062,self,6.190709390738311,2.5003834956831206,0.2,0.7998773002033384,0.40600000000000014,1
137,10,141,147,915,1062,self,5.559754903203273,2.5003834956831206,0.2,0.7998773002033384,0.4900000000000002,1
137,11,141,147,915,1062,stranger,1.9108340936485633,2.5003834956831206,0.2,0.7998773002033384,1.1760000000000008,1
137,12,141,147,915,1062,stranger,2.524984481128727,2.5003834956831206,0.2,0.7998773002033384,0.6500000000000004,1
137,13,141,147,915,1062,stranger,2.98835601126272,2.5003834956831206,0.2,0.7998773002033384,0.5580000000000003,1
137,14,141,147,915,1062,stranger,2.5867396421213176,2.5003834956831206,0.2,0.7998773002033384,0.9180000000000006,1
137,15,141,147,915,1062,self,6.231507085546092,2.5003834956831206,0.2,0.7998773002033384,0.5330000000000003,1
137,16,141,147,915,1062,stranger,2.7123152705944826,2.5003834956831206,0.2,0.7998773002033384,0.8370000000000004,1
137,17,141,147,915,1062,stranger,2.334056866950305,2.5003834956831206,0.2,0.7998773002033384,0.8040000000000005,1
137,18,141,147,915,1062,stranger,3.3138032911940885,2.5003834956831206,0.2,0.7998773002033384,0.9750000000000005,1
137,19,141,147,915,1062,self,5.527839817529812,2.5003834956831206,0.2,0.7998773002033384,0.5210000000000002,1
137,20,141,147,915,1062,self,6.437838860740144,2.5003834956831206,0.2,0.7998773002033384,0.4730000000000002,1
137,21,141,147,915,1062,self,5.778803778189324,2.5003834956831206,0.2,0.7998773002033384,0.7250000000000003,1
137,22,141,147,915,1062,self,5.260236173797278,2.5003834956831206,0.2,0.7998773002033384,0.5140000000000002,1
137,23,141,147,915,1062,self,5.723552359260331,2.5003834956831206,0.2,0.7998773002033384,0.4580000000000002,1
137,24,141,147,915,1062,self,6.295649105483576,2.5003834956831206,0.2,0.7998773002033384,0.5300000000000002,1
137,25,141,147,915,1062,stranger,1.4774424555583825,2.5003834956831206,0.2,0.7998773002033384,0.4490000000000002,0
137,26,141,147,915,1062,self,5.292388568238975,2.5003834956831206,0.2,0.7998773002033384,0.5190000000000002,1
137,27,141,147,915,1062,stranger,1.5601418413260546,2.5003834956831206,0.2,0.7998773002033384,1.8729999999999265,1
137,28,141,147,915,1062,stranger,2.706047812086318,2.5003834956831206,0.2,0.7998773002033384,1.062,0
137,29,141,147,915,1062,self,5.533698047499773,2.5003834956831206,0.2,0.7998773002033384,0.4650000000000002,1
137,30,141,147,915,1062,self,6.165521308069596,2.5003834956831206,0.2,0.7998773002033384,0.4610000000000002,1
137,31,141,147,915,1062,self,6.2485681022069945,2.5003834956831206,0.2,0.7998773002033384,0.4570000000000002,1
137,32,141,147,915,1062,self,5.865585576010137,2.5003834956831206,0.2,0.7998773002033384,0.3750000000000001,1
137,33,141,147,915,1062,stranger,2.6226356603707783,2.5003834956831206,0.2,0.7998773002033384,0.7990000000000004,1
137,34,141,147,915,1062,stranger,2.324914299751045,2.5003834956831206,0.2,0.7998773002033384,0.9180000000000006,1
137,35,141,147,915,1062,self,5.540992339834589,2.5003834956831206,0.2,0.7998773002033384,0.41000000000000014,1
137,36,141,147,915,1062,stranger,2.2633014668645304,2.5003834956831206,0.2,0.7998773002033384,0.7900000000000005,1
137,37,141,147,915,1062,self,5.51982623716328,2.5003834956831206,0.2,0.7998773002033384,0.7100000000000004,1
137,38,141,147,915,1062,self,5.558118968144587,2.5003834956831206,0.2,0.7998773002033384,0.3580000000000001,1
137,39,141,147,915,1062,stranger,2.045367421908,2.5003834956831206,0.2,0.7998773002033384,1.8819999999999255,1
137,40,141,147,915,1062,stranger,2.7501843216511688,2.5003834956831206,0.2,0.7998773002033384,0.5110000000000002,1
137,41,141,147,915,1062,stranger,2.8352271177231687,2.5003834956831206,0.2,0.7998773002033384,0.9510000000000005,1
137,42,141,147,915,1062,self,5.818964859965779,2.5003834956831206,0.2,0.7998773002033384,0.4560000000000002,1
137,43,141,147,915,1062,self,5.230472868808684,2.5003834956831206,0.2,0.7998773002033384,0.4870000000000002,1
137,44,141,147,915,1062,self,5.840176873293179,2.5003834956831206,0.2,0.7998773002033384,0.5190000000000002,1
137,45,141,147,915,1062,self,5.576453232652394,2.5003834956831206,0.2,0.7998773002033384,0.4940000000000002,1
137,46,141,147,915,1062,stranger,2.041050534321326,2.5003834956831206,0.2,0.7998773002033384,1.9669999999999161,1
137,47,141,147,915,1062,stranger,1.8523823803071138,2.5003834956831206,0.2,0.7998773002033384,1.432999999999975,1
137,48,141,147,915,1062,self,5.933865055005663,2.5003834956831206,0.2,0.7998773002033384,0.4890000000000002,1
137,49,141,147,915,1062,self,5.883432518554923,2.5003834956831206,0.2,0.7998773002033384,0.5340000000000003,1
137,50,141,147,915,1062,stranger,2.484369382604581,2.5003834956831206,0.2,0.7998773002033384,0.9560000000000006,1
137,51,141,147,915,1062,self,5.569383127514569,2.5003834956831206,0.2,0.7998773002033384,0.3580000000000001,1
137,52,141,147,915,1062,stranger,2.685195592721896,2.5003834956831206,0.2,0.7998773002033384,1.1160000000000008,1
137,53,141,147,915,1062,self,6.592842525090948,2.5003834956831206,0.2,0.7998773002033384,0.42300000000000015,1
137,54,141,147,915,1062,stranger,2.640607048921728,2.5003834956831206,0.2,0.7998773002033384,0.8640000000000005,1
137,55,141,147,915,1062,stranger,2.2754903496511787,2.5003834956831206,0.2,0.7998773002033384,0.9920000000000007,1
137,56,141,147,915,1062,stranger,1.9543832569501938,2.5003834956831206,0.2,0.7998773002033384,1.5649999999999604,0
137,57,141,147,915,1062,stranger,2.104904204362968,2.5003834956831206,0.2,0.7998773002033384,0.8650000000000004,1
137,58,141,147,915,1062,self,5.621950687387616,2.5003834956831206,0.2,0.7998773002033384,0.43100000000000016,1
137,59,141,147,915,1062,stranger,3.1128584668699366,2.5003834956831206,0.2,0.7998773002033384,0.6660000000000004,1
137,60,141,147,915,1062,stranger,2.559278558282635,2.5003834956831206,0.2,0.7998773002033384,1.7649999999999384,1
138,1,106,91,704,795,self,5.0856034598058075,2.814476339531082,0.2,0.7106117652896022,0.43000000000000016,1
138,2,106,91,704,795,self,3.908898595330516,2.814476339531082,0.2,0.7106117652896022,0.6730000000000004,1
138,3,106,91,704,795,self,4.628785210755495,2.814476339531082,0.2,0.7106117652896022,0.6440000000000003,1
138,4,106,91,704,795,stranger,1.1474333412927094,2.814476339531082,0.2,0.7106117652896022,0.7690000000000003,1
138,5,106,91,704,795,self,4.2757800793698815,2.814476339531082,0.2,0.7106117652896022,0.5440000000000003,1
138,6,106,91,704,795,self,4.3314989554712175,2.814476339531082,0.2,0.7106117652896022,0.6300000000000003,1
138,7,106,91,704,795,self,3.70059486405765,2.814476339531082,0.2,0.7106117652896022,0.9230000000000005,1
138,8,106,91,704,795,stranger,2.779084424449623,2.814476339531082,0.2,0.7106117652896022,0.9980000000000007,1
138,9,106,91,704,795,stranger,1.3687290336555764,2.814476339531082,0.2,0.7106117652896022,1.1200000000000008,1
138,10,106,91,704,795,self,3.582776301179778,2.814476339531082,0.2,0.7106117652896022,0.6030000000000003,1
138,11,106,91,704,795,stranger,2.040024413086332,2.814476339531082,0.2,0.7106117652896022,0.795,0
138,12,106,91,704,795,stranger,2.1384025808783917,2.814476339531082,0.2,0.7106117652896022,1.4399999999999742,1
138,13,106,91,704,795,stranger,2.463283178819397,2.814476339531082,0.2,0.7106117652896022,0.6910000000000004,1
138,14,106,91,704,795,stranger,1.8727413663977455,2.814476339531082,0.2,0.7106117652896022,0.795,0
138,15,106,91,704,795,stranger,2.3024422053413076,2.814476339531082,0.2,0.7106117652896022,1.8099999999999334,1
138,16,106,91,704,795,stranger,2.31841785665563,2.814476339531082,0.2,0.7106117652896022,0.7120000000000004,1
138,17,106,91,704,795,stranger,1.5036379868801628,2.814476339531082,0.2,0.7106117652896022,0.8750000000000004,1
138,18,106,91,704,795,stranger,1.8185783198733814,2.814476339531082,0.2,0.7106117652896022,1.487999999999969,1
138,19,106,91,704,795,stranger,2.2234322088820617,2.814476339531082,0.2,0.7106117652896022,1.4849999999999692,1
138,20,106,91,704,795,stranger,1.457194745014744,2.814476339531082,0.2,0.7106117652896022,0.8540000000000005,1
138,21,106,91,704,795,self,4.102148288416892,2.814476339531082,0.2,0.7106117652896022,1.1730000000000007,1
138,22,106,91,704,795,self,4.727286528273137,2.814476339531082,0.2,0.7106117652896022,0.5190000000000002,1
138,23,106,91,704,795,stranger,1.8654221355320162,2.814476339531082,0.2,0.7106117652896022,1.0950000000000006,1
138,24,106,91,704,795,self,4.7234177239928306,2.814476339531082,0.2,0.7106117652896022,0.6560000000000004,1
138,25,106,91,704,795,self,4.545151549540445,2.814476339531082,0.2,0.7106117652896022,0.6210000000000003,1
138,26,106,91,704,795,stranger,1.5621550475696295,2.814476339531082,0.2,0.7106117652896022,1.1100000000000008,1
138,27,106,91,704,795,self,4.299513311618538,2.814476339531082,0.2,0.7106117652896022,0.5340000000000003,1
138,28,106,91,704,795,stranger,2.39175091300294,2.814476339531082,0.2,0.7106117652896022,0.795,0
138,29,106,91,704,795,self,4.1595171997287705,2.814476339531082,0.2,0.7106117652896022,0.5770000000000003,1
138,30,106,91,704,795,stranger,2.1813186953866497,2.814476339531082,0.2,0.7106117652896022,0.6950000000000004,1
138,31,106,91,704,795,stranger,0.6820941273642745,2.814476339531082,0.2,0.7106117652896022,0.795,0
138,32,106,91,704,795,self,3.9314544271176253,2.814476339531082,0.2,0.7106117652896022,0.4780000000000002,1
138,33,106,91,704,795,self,4.33932375943848,2.814476339531082,0.2,0.7106117652896022,0.5180000000000002,1
138,34,106,91,704,795,self,4.697026685023013,2.814476339531082,0.2,0.7106117652896022,0.5410000000000003,1
138,35,106,91,704,795,self,4.202369822719608,2.814476339531082,0.2,0.7106117652896022,0.5250000000000002,1
138,36,106,91,704,795,stranger,1.7314737790565258,2.814476339531082,0.2,0.7106117652896022,0.8410000000000004,1
138,37,106,91,704,795,self,4.136060097951864,2.814476339531082,0.2,0.7106117652896022,0.9390000000000005,1
138,38,106,91,704,795,stranger,1.3494813278296103,2.814476339531082,0.2,0.7106117652896022,1.2659999999999934,1
138,39,106,91,704,795,self,4.099712033774827,2.814476339531082,0.2,0.7106117652896022,0.6410000000000003,1
138,40,106,91,704,795,self,3.8890061649593815,2.814476339531082,0.2,0.7106117652896022,0.5460000000000003,1
138,41,106,91,704,795,stranger,1.5272390086443357,2.814476339531082,0.2,0.7106117652896022,0.7180000000000004,1
138,42,106,91,704,795,stranger,1.6024693365342833,2.814476339531082,0.2,0.7106117652896022,1.7659999999999383,1
138,43,106,91,704,795,stranger,1.4930870646511298,2.814476339531082,0.2,0.7106117652896022,2.1919999999998914,1
138,44,106,91,704,795,self,3.9189807638085075,2.814476339531082,0.2,0.7106117652896022,0.8980000000000006,1
138,45,106,91,704,795,self,4.6427075884304285,2.814476339531082,0.2,0.7106117652896022,0.7400000000000004,1
138,46,106,91,704,795,self,3.8924941084510403,2.814476339531082,0.2,0.7106117652896022,0.9280000000000006,1
138,47,106,91,704,795,stranger,1.0008589386515387,2.814476339531082,0.2,0.7106117652896022,1.0700000000000007,0
138,48,106,91,704,795,stranger,0.9245073626160614,2.814476339531082,0.2,0.7106117652896022,2.0749999999999043,1
138,49,106,91,704,795,self,3.816783544450785,2.814476339531082,0.2,0.7106117652896022,0.9140000000000006,1
138,50,106,91,704,795,stranger,1.1966578964001495,2.814476339531082,0.2,0.7106117652896022,0.3440000000000001,0
138,51,106,91,704,795,self,4.297854120218746,2.814476339531082,0.2,0.7106117652896022,1.3249999999999869,1
138,52,106,91,704,795,stranger,1.2548582928581258,2.814476339531082,0.2,0.7106117652896022,0.795,0
138,53,106,91,704,795,self,3.2175192122403278,2.814476339531082,0.2,0.7106117652896022,0.7000000000000004,1
138,54,106,91,704,795,self,4.728905482986332,2.814476339531082,0.2,0.7106117652896022,0.6170000000000003,1
138,55,106,91,704,795,stranger,1.1698839718487344,2.814476339531082,0.2,0.7106117652896022,0.795,0
138,56,106,91,704,795,stranger,0.8043468371565501,2.814476339531082,0.2,0.7106117652896022,1.8099999999999334,0
138,57,106,91,704,795,self,4.196134333424701,2.814476339531082,0.2,0.7106117652896022,0.6730000000000004,1
138,58,106,91,704,795,stranger,1.5354437343878324,2.814476339531082,0.2,0.7106117652896022,1.1160000000000008,1
138,59,106,91,704,795,self,5.055044264089893,2.814476339531082,0.2,0.7106117652896022,0.8510000000000004,1
138,60,106,91,704,795,self,4.077146963988311,2.814476339531082,0.2,0.7106117652896022,1.0240000000000007,1
139,1,50,479,303,782,stranger,1.8354872016632822,2.8254364079766185,0.2,0.7078552517953364,1.4249999999999758,1
139,2,50,479,303,782,self,6.058614510321612,2.8254364079766185,0.2,0.7078552517953364,0.8350000000000004,1
139,3,50,479,303,782,stranger,0.986673607242196,2.8254364079766185,0.2,0.7078552517953364,0.782,0
139,4,50,479,303,782,stranger,2.201479182404078,2.8254364079766185,0.2,0.7078552517953364,1.6819999999999475,1
139,5,50,479,303,782,stranger,2.2577275203169442,2.8254364079766185,0.2,0.7078552517953364,0.6020000000000003,1
139,6,50,479,303,782,self,6.8281289535319205,2.8254364079766185,0.2,0.7078552517953364,0.5420000000000003,1
139,7,50,479,303,782,self,6.575116430828346,2.8254364079766185,0.2,0.7078552517953364,0.4580000000000002,1
139,8,50,479,303,782,self,7.58561807264451,2.8254364079766185,0.2,0.7078552517953364,0.5100000000000002,1
139,9,50,479,303,782,self,6.84969900042585,2.8254364079766185,0.2,0.7078552517953364,0.5630000000000003,1
139,10,50,479,303,782,stranger,1.5734479785731772,2.8254364079766185,0.2,0.7078552517953364,0.9440000000000006,1
139,11,50,479,303,782,self,6.393861412913597,2.8254364079766185,0.2,0.7078552517953364,0.4510000000000002,1
139,12,50,479,303,782,stranger,1.4906967315373851,2.8254364079766185,0.2,0.7078552517953364,1.6899999999999467,1
139,13,50,479,303,782,self,6.969004257345681,2.8254364079766185,0.2,0.7078552517953364,0.6050000000000003,1
139,14,50,479,303,782,stranger,1.6487535964743039,2.8254364079766185,0.2,0.7078552517953364,1.1260000000000008,1
139,15,50,479,303,782,self,7.267739338191485,2.8254364079766185,0.2,0.7078552517953364,0.39500000000000013,1
139,16,50,479,303,782,stranger,1.612348673992654,2.8254364079766185,0.2,0.7078552517953364,0.8680000000000005,1
139,17,50,479,303,782,self,7.442761840017087,2.8254364079766185,0.2,0.7078552517953364,0.4830000000000002,1
139,18,50,479,303,782,stranger,1.3146978287384428,2.8254364079766185,0.2,0.7078552517953364,0.9760000000000006,1
139,19,50,479,303,782,self,6.2803795317579,2.8254364079766185,0.2,0.7078552517953364,0.43600000000000017,1
139,20,50,479,303,782,self,7.167219415255559,2.8254364079766185,0.2,0.7078552517953364,0.4870000000000002,1
139,21,50,479,303,782,self,6.315745019923811,2.8254364079766185,0.2,0.7078552517953364,0.4480000000000002,1
139,22,50,479,303,782,self,7.091199327466352,2.8254364079766185,0.2,0.7078552517953364,0.40400000000000014,1
139,23,50,479,303,782,self,6.996374035556536,2.8254364079766185,0.2,0.7078552517953364,0.4960000000000002,1
139,24,50,479,303,782,self,6.820171596895197,2.8254364079766185,0.2,0.7078552517953364,0.6750000000000004,1
139,25,50,479,303,782,self,6.5819232465939015,2.8254364079766185,0.2,0.7078552517953364,0.4600000000000002,1
139,26,50,479,303,782,stranger,1.2286518990210782,2.8254364079766185,0.2,0.7078552517953364,1.4699999999999709,1
139,27,50,479,303,782,stranger,0.8621338511994248,2.8254364079766185,0.2,0.7078552517953364,1.1490000000000007,1
139,28,50,479,303,782,stranger,1.6608425758637937,2.8254364079766185,0.2,0.7078552517953364,1.8259999999999317,1
139,29,50,479,303,782,self,7.040281877042025,2.8254364079766185,0.2,0.7078552517953364,0.41900000000000015,1
139,30,50,479,303,782,self,7.6896904634705745,2.8254364079766185,0.2,0.7078552517953364,0.5670000000000003,1
139,31,50,479,303,782,stranger,1.370545009801737,2.8254364079766185,0.2,0.7078552517953364,1.722999999999943,1
139,32,50,479,303,782,self,7.033301880563177,2.8254364079766185,0.2,0.7078552517953364,0.42900000000000016,1
139,33,50,479,303,782,self,5.957119389439029,2.8254364079766185,0.2,0.7078552517953364,0.5720000000000003,1
139,34,50,479,303,782,stranger,1.6006206527381095,2.8254364079766185,0.2,0.7078552517953364,1.6459999999999515,1
139,35,50,479,303,782,self,6.826831634825027,2.8254364079766185,0.2,0.7078552517953364,0.4450000000000002,1
139,36,50,479,303,782,stranger,0.9815789924503093,2.8254364079766185,0.2,0.7078552517953364,2.0249999999999098,1
139,37,50,479,303,782,stranger,1.6288015923844914,2.8254364079766185,0.2,0.7078552517953364,0.7450000000000003,1
139,38,50,479,303,782,stranger,1.3448688199404821,2.8254364079766185,0.2,0.7078552517953364,2.0619999999999057,1
139,39,50,479,303,782,stranger,1.1254934936720498,2.8254364079766185,0.2,0.7078552517953364,1.1310000000000007,1
139,40,50,479,303,782,stranger,1.0924508631976475,2.8254364079766185,0.2,0.7078552517953364,1.6579999999999502,1
139,41,50,479,303,782,stranger,0.8756463083198003,2.8254364079766185,0.2,0.7078552517953364,0.5880000000000003,0
139,42,50,479,303,782,stranger,1.6068224867990164,2.8254364079766185,0.2,0.7078552517953364,0.7310000000000003,1
139,43,50,479,303,782,self,6.095045216487038,2.8254364079766185,0.2,0.7078552517953364,0.5940000000000003,1
139,44,50,479,303,782,stranger,0.8726259273965353,2.8254364079766185,0.2,0.7078552517953364,1.1530000000000007,1
139,45,50,479,303,782,self,5.953300917996561,2.8254364079766185,0.2,0.7078552517953364,0.4590000000000002,1
139,46,50,479,303,782,self,6.683176097055213,2.8254364079766185,0.2,0.7078552517953364,0.5410000000000003,1
139,47,50,479,303,782,self,7.124171068266897,2.8254364079766185,0.2,0.7078552517953364,0.5040000000000002,1
139,48,50,479,303,782,stranger,1.0660412591414936,2.8254364079766185,0.2,0.7078552517953364,1.1460000000000008,1
139,49,50,479,303,782,self,8.32133137190992,2.8254364079766185,0.2,0.7078552517953364,0.4530000000000002,1
139,50,50,479,303,782,stranger,2.507136986364131,2.8254364079766185,0.2,0.7078552517953364,0.7540000000000004,1
139,51,50,479,303,782,self,7.634510042687823,2.8254364079766185,0.2,0.7078552517953364,0.5570000000000003,1
139,52,50,479,303,782,stranger,1.0144829447754744,2.8254364079766185,0.2,0.7078552517953364,0.41000000000000014,0
139,53,50,479,303,782,stranger,1.2509418759695512,2.8254364079766185,0.2,0.7078552517953364,0.9800000000000006,1
139,54,50,479,303,782,stranger,1.1420292067834976,2.8254364079766185,0.2,0.7078552517953364,0.6960000000000004,1
139,55,50,479,303,782,self,6.767771557589642,2.8254364079766185,0.2,0.7078552517953364,0.4920000000000002,1
139,56,50,479,303,782,self,6.774736399198099,2.8254364079766185,0.2,0.7078552517953364,0.4870000000000002,1
139,57,50,479,303,782,self,6.703717301854251,2.8254364079766185,0.2,0.7078552517953364,0.5590000000000003,1
139,58,50,479,303,782,stranger,0.9012051461185382,2.8254364079766185,0.2,0.7078552517953364,0.782,0
139,59,50,479,303,782,stranger,1.6167231169247078,2.8254364079766185,0.2,0.7078552517953364,0.9750000000000005,1
139,60,50,479,303,782,stranger,1.1761234973430943,2.8254364079766185,0.2,0.7078552517953364,0.782,0
140,1,128,302,1355,1657,stranger,2.423994240251965,3.001230692533742,0.2,0.6663932915838373,0.8750000000000004,1
140,2,128,302,1355,1657,self,6.67699516824708,3.001230692533742,0.2,0.6663932915838373,0.40900000000000014,1
140,3,128,302,1355,1657,stranger,1.664839477921662,3.001230692533742,0.2,0.6663932915838373,1.0350000000000006,1
140,4,128,302,1355,1657,stranger,2.2589911733145955,3.001230692533742,0.2,0.6663932915838373,2.02199999999991,1
140,5,128,302,1355,1657,stranger,2.0672424907560183,3.001230692533742,0.2,0.6663932915838373,0.9030000000000005,1
140,6,128,302,1355,1657,self,7.441685179413504,3.001230692533742,0.2,0.6663932915838373,0.5750000000000003,1
140,7,128,302,1355,1657,stranger,1.7645098149464242,3.001230692533742,0.2,0.6663932915838373,0.9960000000000007,1
140,8,128,302,1355,1657,self,5.7940286322904715,3.001230692533742,0.2,0.6663932915838373,0.6680000000000004,1
140,9,128,302,1355,1657,self,7.561746543022094,3.001230692533742,0.2,0.6663932915838373,0.4750000000000002,1
140,10,128,302,1355,1657,self,6.734344264392974,3.001230692533742,0.2,0.6663932915838373,0.6770000000000004,1
140,11,128,302,1355,1657,self,7.066588507108446,3.001230692533742,0.2,0.6663932915838373,0.43600000000000017,1
140,12,128,302,1355,1657,stranger,0.6080682074942891,3.001230692533742,0.2,0.6663932915838373,0.7770000000000004,1
140,13,128,302,1355,1657,stranger,2.0939174040177306,3.001230692533742,0.2,0.6663932915838373,1.1480000000000008,1
140,14,128,302,1355,1657,stranger,2.0226323662081085,3.001230692533742,0.2,0.6663932915838373,0.9030000000000005,1
140,15,128,302,1355,1657,stranger,2.4747142694391044,3.001230692533742,0.2,0.6663932915838373,0.8980000000000006,1
140,16,128,302,1355,1657,self,8.054454590565207,3.001230692533742,0.2,0.6663932915838373,0.4450000000000002,1
140,17,128,302,1355,1657,stranger,2.1852872147401796,3.001230692533742,0.2,0.6663932915838373,1.1910000000000007,1
140,18,128,302,1355,1657,stranger,1.9796833712539326,3.001230692533742,0.2,0.6663932915838373,1.5269999999999646,1
140,19,128,302,1355,1657,stranger,1.9369077586606327,3.001230692533742,0.2,0.6663932915838373,0.6580000000000004,1
140,20,128,302,1355,1657,stranger,2.2004851022368332,3.001230692533742,0.2,0.6663932915838373,1.414999999999977,1
140,21,128,302,1355,1657,stranger,2.0380417047725796,3.001230692533742,0.2,0.6663932915838373,1.2539999999999947,1
140,22,128,302,1355,1657,stranger,1.7140950530438939,3.001230692533742,0.2,0.6663932915838373,1.0130000000000006,1
140,23,128,302,1355,1657,self,7.216417472161509,3.001230692533742,0.2,0.6663932915838373,0.4610000000000002,1
140,24,128,302,1355,1657,self,7.0028918543857825,3.001230692533742,0.2,0.6663932915838373,0.4660000000000002,1
140,25,128,302,1355,1657,self,6.276679173084691,3.001230692533742,0.2,0.6663932915838373,0.5850000000000003,1
140,26,128,302,1355,1657,self,6.761739372166843,3.001230692533742,0.2,0.6663932915838373,0.4880000000000002,1
140,27,128,302,1355,1657,stranger,2.4203173180352175,3.001230692533742,0.2,0.6663932915838373,0.9040000000000006,1
140,28,128,302,1355,1657,stranger,2.2365996872801337,3.001230692533742,0.2,0.6663932915838373,1.1030000000000006,1
140,29,128,302,1355,1657,self,6.770476004267722,3.001230692533742,0.2,0.6663932915838373,0.5020000000000002,1
140,30,128,302,1355,1657,self,6.96705823452172,3.001230692533742,0.2,0.6663932915838373,0.6640000000000004,1
140,31,128,302,1355,1657,self,6.475540623775787,3.001230692533742,0.2,0.6663932915838373,0.4560000000000002,1
140,32,128,302,1355,1657,self,6.238447176146394,3.001230692533742,0.2,0.6663932915838373,0.6410000000000003,1
140,33,128,302,1355,1657,stranger,2.5971408801092526,3.001230692533742,0.2,0.6663932915838373,0.9980000000000007,1
140,34,128,302,1355,1657,stranger,1.518479587027798,3.001230692533742,0.2,0.6663932915838373,1.657,0
140,35,128,302,1355,1657,self,7.346739041689402,3.001230692533742,0.2,0.6663932915838373,0.5960000000000003,1
140,36,128,302,1355,1657,self,7.012026893820831,3.001230692533742,0.2,0.6663932915838373,0.39500000000000013,1
140,37,128,302,1355,1657,self,6.999482482511303,3.001230692533742,0.2,0.6663932915838373,0.5130000000000002,1
140,38,128,302,1355,1657,self,6.62696619761273,3.001230692533742,0.2,0.6663932915838373,0.7730000000000004,1
140,39,128,302,1355,1657,stranger,2.9132364243535442,3.001230692533742,0.2,0.6663932915838373,0.5410000000000003,1
140,40,128,302,1355,1657,self,6.701582225657517,3.001230692533742,0.2,0.6663932915838373,0.4700000000000002,1
140,41,128,302,1355,1657,stranger,1.9212626363062244,3.001230692533742,0.2,0.6663932915838373,1.1750000000000007,1
140,42,128,302,1355,1657,stranger,1.3817900929203044,3.001230692533742,0.2,0.6663932915838373,0.39500000000000013,0
140,43,128,302,1355,1657,stranger,2.2092738106995835,3.001230692533742,0.2,0.6663932915838373,1.4459999999999735,1
140,44,128,302,1355,1657,self,6.060293348343221,3.001230692533742,0.2,0.6663932915838373,0.7750000000000004,1
140,45,128,302,1355,1657,self,7.260791345536963,3.001230692533742,0.2,0.6663932915838373,0.4860000000000002,1
140,46,128,302,1355,1657,stranger,2.1701788640145248,3.001230692533742,0.2,0.6663932915838373,0.8380000000000005,1
140,47,128,302,1355,1657,self,7.188529242453427,3.001230692533742,0.2,0.6663932915838373,0.44100000000000017,1
140,48,128,302,1355,1657,stranger,1.5449271659454948,3.001230692533742,0.2,0.6663932915838373,1.1250000000000007,1
140,49,128,302,1355,1657,stranger,1.5775164207172692,3.001230692533742,0.2,0.6663932915838373,1.422999999999976,1
140,50,128,302,1355,1657,stranger,2.4698450781840475,3.001230692533742,0.2,0.6663932915838373,1.0660000000000007,1
140,51,128,302,1355,1657,self,7.070233976179538,3.001230692533742,0.2,0.6663932915838373,0.6820000000000004,1
140,52,128,302,1355,1657,self,7.174752096182638,3.001230692533742,0.2,0.6663932915838373,0.5520000000000003,1
140,53,128,302,1355,1657,self,6.435554190401248,3.001230692533742,0.2,0.6663932915838373,0.6390000000000003,1
140,54,128,302,1355,1657,self,7.178211190796527,3.001230692533742,0.2,0.6663932915838373,0.4640000000000002,1
140,55,128,302,1355,1657,self,7.466473132224937,3.001230692533742,0.2,0.6663932915838373,0.4560000000000002,1
140,56,128,302,1355,1657,self,6.040962658964368,3.001230692533742,0.2,0.6663932915838373,0.4530000000000002,1
140,57,128,302,1355,1657,self,6.7807757873014705,3.001230692533742,0.2,0.6663932915838373,0.4870000000000002,1
140,58,128,302,1355,1657,stranger,1.724186043221103,3.001230692533742,0.2,0.6663932915838373,1.56799999999996,1
140,59,128,302,1355,1657,stranger,2.2050282616882626,3.001230692533742,0.2,0.6663932915838373,0.7240000000000004,1
140,60,128,302,1355,1657,stranger,2.4099432738521527,3.001230692533742,0.2,0.6663932915838373,1.2299999999999973,1
141,1,74,486,1376,1862,stranger,2.4380657436950863,3.908045278356926,0.2,0.5117647973722729,1.4219999999999762,1
141,2,74,486,1376,1862,stranger,2.7187272170931287,3.908045278356926,0.2,0.5117647973722729,1.541999999999963,1
141,3,74,486,1376,1862,self,7.942795457915049,3.908045278356926,0.2,0.5117647973722729,0.6210000000000003,1
141,4,74,486,1376,1862,stranger,2.363581224099845,3.908045278356926,0.2,0.5117647973722729,2.4829999999998598,1
141,5,74,486,1376,1862,self,7.085370504966168,3.908045278356926,0.2,0.5117647973722729,0.5530000000000003,1
141,6,74,486,1376,1862,self,9.781731303358791,3.908045278356926,0.2,0.5117647973722729,0.5720000000000003,1
141,7,74,486,1376,1862,stranger,2.052962319898675,3.908045278356926,0.2,0.5117647973722729,1.9469999999999184,1
141,8,74,486,1376,1862,self,7.679217237320835,3.908045278356926,0.2,0.5117647973722729,0.6820000000000004,1
141,9,74,486,1376,1862,stranger,2.744395838681183,3.908045278356926,0.2,0.5117647973722729,1.8339999999999308,1
141,10,74,486,1376,1862,self,8.569503609060266,3.908045278356926,0.2,0.5117647973722729,0.6500000000000004,1
141,11,74,486,1376,1862,stranger,2.956316944456122,3.908045278356926,0.2,0.5117647973722729,1.8389999999999302,1
141,12,74,486,1376,1862,stranger,2.2156343210265774,3.908045278356926,0.2,0.5117647973722729,0.5340000000000003,0
141,13,74,486,1376,1862,self,7.759625797424587,3.908045278356926,0.2,0.5117647973722729,0.6410000000000003,1
141,14,74,486,1376,1862,stranger,2.131929572986147,3.908045278356926,0.2,0.5117647973722729,1.0700000000000007,1
141,15,74,486,1376,1862,self,7.939128881355399,3.908045278356926,0.2,0.5117647973722729,0.5490000000000003,1
141,16,74,486,1376,1862,stranger,2.2787878293792967,3.908045278356926,0.2,0.5117647973722729,1.7699999999999378,1
141,17,74,486,1376,1862,self,7.801836351131918,3.908045278356926,0.2,0.5117647973722729,0.5680000000000003,1
141,18,74,486,1376,1862,stranger,2.1363494477879352,3.908045278356926,0.2,0.5117647973722729,2.2399999999998865,1
141,19,74,486,1376,1862,self,7.263986673714105,3.908045278356926,0.2,0.5117647973722729,0.5090000000000002,1
141,20,74,486,1376,1862,self,7.754989669339125,3.908045278356926,0.2,0.5117647973722729,0.5760000000000003,1
141,21,74,486,1376,1862,self,7.726911927270045,3.908045278356926,0.2,0.5117647973722729,0.5110000000000002,1
141,22,74,486,1376,1862,self,7.8137692375801375,3.908045278356926,0.2,0.5117647973722729,0.6020000000000003,1
141,23,74,486,1376,1862,self,7.137956893686096,3.908045278356926,0.2,0.5117647973722729,0.7160000000000004,1
141,24,74,486,1376,1862,stranger,2.5717981147924163,3.908045278356926,0.2,0.5117647973722729,1.8819999999999255,1
141,25,74,486,1376,1862,self,9.037999051632042,3.908045278356926,0.2,0.5117647973722729,0.5440000000000003,1
141,26,74,486,1376,1862,stranger,2.7464744076620695,3.908045278356926,0.2,0.5117647973722729,1.2919999999999905,1
141,27,74,486,1376,1862,stranger,2.639613334238243,3.908045278356926,0.2,0.5117647973722729,1.4579999999999722,1
141,28,74,486,1376,1862,self,7.607552299273697,3.908045278356926,0.2,0.5117647973722729,0.7090000000000003,1
141,29,74,486,1376,1862,stranger,2.5552356421794062,3.908045278356926,0.2,0.5117647973722729,1.3449999999999847,1
141,30,74,486,1376,1862,stranger,2.909491263715859,3.908045278356926,0.2,0.5117647973722729,1.378999999999981,1
141,31,74,486,1376,1862,stranger,2.901452687549864,3.908045278356926,0.2,0.5117647973722729,1.5929999999999573,1
141,32,74,486,1376,1862,self,8.213710372166057,3.908045278356926,0.2,0.5117647973722729,0.6670000000000004,1
141,33,74,486,1376,1862,self,7.706678873899889,3.908045278356926,0.2,0.5117647973722729,0.6170000000000003,1
141,34,74,486,1376,1862,stranger,3.8441314805548004,3.908045278356926,0.2,0.5117647973722729,1.3459999999999845,1
141,35,74,486,1376,1862,self,8.40419233979379,3.908045278356926,0.2,0.5117647973722729,0.6610000000000004,1
141,36,74,486,1376,1862,stranger,1.8131946639040324,3.908045278356926,0.2,0.5117647973722729,0.6860000000000004,0
141,37,74,486,1376,1862,stranger,1.981542055581957,3.908045278356926,0.2,0.5117647973722729,2.2399999999998865,1
141,38,74,486,1376,1862,stranger,2.1088267624726393,3.908045278356926,0.2,0.5117647973722729,1.468999999999971,1
141,39,74,486,1376,1862,stranger,2.2861307510716724,3.908045278356926,0.2,0.5117647973722729,2.318999999999878,1
141,40,74,486,1376,1862,self,7.798404323742528,3.908045278356926,0.2,0.5117647973722729,0.4970000000000002,1
141,41,74,486,1376,1862,self,7.550339348467187,3.908045278356926,0.2,0.5117647973722729,0.7330000000000003,1
141,42,74,486,1376,1862,self,7.533592317685515,3.908045278356926,0.2,0.5117647973722729,0.6290000000000003,1
141,43,74,486,1376,1862,stranger,0.9433956635632147,3.908045278356926,0.2,0.5117647973722729,1.862,0
141,44,74,486,1376,1862,self,8.348225749021013,3.908045278356926,0.2,0.5117647973722729,0.6910000000000004,1
141,45,74,486,1376,1862,stranger,3.054853517306217,3.908045278356926,0.2,0.5117647973722729,1.1520000000000008,1
141,46,74,486,1376,1862,self,7.975121855441737,3.908045278356926,0.2,0.5117647973722729,0.6180000000000003,1
141,47,74,486,1376,1862,self,7.704994581343364,3.908045278356926,0.2,0.5117647973722729,0.7570000000000003,1
141,48,74,486,1376,1862,stranger,2.682711221602102,3.908045278356926,0.2,0.5117647973722729,1.4569999999999723,1
141,49,74,486,1376,1862,stranger,1.1384184682289744,3.908045278356926,0.2,0.5117647973722729,1.7159999999999438,1
141,50,74,486,1376,1862,stranger,1.816486644297076,3.908045278356926,0.2,0.5117647973722729,0.3630000000000001,0
141,51,74,486,1376,1862,stranger,2.341491524094762,3.908045278356926,0.2,0.5117647973722729,1.4529999999999728,1
141,52,74,486,1376,1862,stranger,1.8741659394988468,3.908045278356926,0.2,0.5117647973722729,2.354999999999874,1
141,53,74,486,1376,1862,self,7.920564614894079,3.908045278356926,0.2,0.5117647973722729,0.6670000000000004,1
141,54,74,486,1376,1862,self,8.760099499449801,3.908045278356926,0.2,0.5117647973722729,0.4690000000000002,1
141,55,74,486,1376,1862,self,8.952349027376297,3.908045278356926,0.2,0.5117647973722729,0.5960000000000003,1
141,56,74,486,1376,1862,stranger,2.510878653055474,3.908045278356926,0.2,0.5117647973722729,1.2559999999999945,1
141,57,74,486,1376,1862,self,8.091779764236398,3.908045278356926,0.2,0.5117647973722729,0.5830000000000003,1
141,58,74,486,1376,1862,self,7.781290145017297,3.908045278356926,0.2,0.5117647973722729,0.6640000000000004,1
141,59,74,486,1376,1862,self,8.510501857062922,3.908045278356926,0.2,0.5117647973722729,0.5610000000000003,1
141,60,74,486,1376,1862,stranger,1.5627155308952907,3.908045278356926,0.2,0.5117647973722729,1.862,0
142,1,30,319,1327,1646,stranger,0.86156089884499,3.629874819651334,0.2,0.5509831879525006,1.6460000000000001,0
142,2,30,319,1327,1646,self,6.359478487591972,3.629874819651334,0.2,0.5509831879525006,0.6850000000000004,1
142,3,30,319,1327,1646,self,5.1014507423218305,3.629874819651334,0.2,0.5509831879525006,0.7140000000000004,1
142,4,30,319,1327,1646,self,4.933540234747369,3.629874819651334,0.2,0.5509831879525006,0.6040000000000003,1
142,5,30,319,1327,1646,stranger,1.0050202631689849,3.629874819651334,0.2,0.5509831879525006,1.794999999999935,1
142,6,30,319,1327,1646,stranger,1.3843751726501123,3.629874819651334,0.2,0.5509831879525006,2.014999999999911,1
142,7,30,319,1327,1646,self,5.671561446606246,3.629874819651334,0.2,0.5509831879525006,0.6250000000000003,1
142,8,30,319,1327,1646,self,6.729675345100832,3.629874819651334,0.2,0.5509831879525006,0.4950000000000002,1
142,9,30,319,1327,1646,self,5.987295268593221,3.629874819651334,0.2,0.5509831879525006,0.5580000000000003,1
142,10,30,319,1327,1646,stranger,0.9771720560188552,3.629874819651334,0.2,0.5509831879525006,1.8559999999999284,0
142,11,30,319,1327,1646,stranger,1.6474333348247425,3.629874819651334,0.2,0.5509831879525006,0.5300000000000002,0
142,12,30,319,1327,1646,self,6.27958953291007,3.629874819651334,0.2,0.5509831879525006,0.7410000000000003,1
142,13,30,319,1327,1646,stranger,0.665117029369368,3.629874819651334,0.2,0.5509831879525006,0.2980000000000001,0
142,14,30,319,1327,1646,stranger,0.17904138232144706,3.629874819651334,0.2,0.5509831879525006,0.3220000000000001,0
142,15,30,319,1327,1646,self,6.409131951873403,3.629874819651334,0.2,0.5509831879525006,0.6170000000000003,1
142,16,30,319,1327,1646,self,5.916179583020774,3.629874819651334,0.2,0.5509831879525006,0.7730000000000004,1
142,17,30,319,1327,1646,stranger,1.4124951289851717,3.629874819651334,0.2,0.5509831879525006,1.4739999999999704,1
142,18,30,319,1327,1646,self,5.471157140169738,3.629874819651334,0.2,0.5509831879525006,0.9920000000000007,1
142,19,30,319,1327,1646,stranger,0.6615426112200945,3.629874819651334,0.2,0.5509831879525006,1.6460000000000001,0
142,20,30,319,1327,1646,stranger,0.7388318807723238,3.629874819651334,0.2,0.5509831879525006,1.6460000000000001,0
142,21,30,319,1327,1646,stranger,0.8552991254452257,3.629874819651334,0.2,0.5509831879525006,1.6460000000000001,0
142,22,30,319,1327,1646,stranger,1.3940830412166538,3.629874819651334,0.2,0.5509831879525006,1.4449999999999736,1
142,23,30,319,1327,1646,stranger,0.6305494863939876,3.629874819651334,0.2,0.5509831879525006,1.278999999999992,0
142,24,30,319,1327,1646,stranger,1.6516388598659981,3.629874819651334,0.2,0.5509831879525006,0.8900000000000006,1
142,25,30,319,1327,1646,self,5.308852730338112,3.629874819651334,0.2,0.5509831879525006,0.7570000000000003,1
142,26,30,319,1327,1646,stranger,2.1988796873333416,3.629874819651334,0.2,0.5509831879525006,0.9550000000000005,1
142,27,30,319,1327,1646,self,4.806359277854256,3.629874819651334,0.2,0.5509831879525006,0.7210000000000003,1
142,28,30,319,1327,1646,self,6.688451514476041,3.629874819651334,0.2,0.5509831879525006,0.7040000000000004,1
142,29,30,319,1327,1646,stranger,1.8176784862266566,3.629874819651334,0.2,0.5509831879525006,0.3350000000000001,0
142,30,30,319,1327,1646,stranger,1.4720128019678245,3.629874819651334,0.2,0.5509831879525006,1.3749999999999813,1
142,31,30,319,1327,1646,self,5.655789705635674,3.629874819651334,0.2,0.5509831879525006,0.7670000000000003,1
142,32,30,319,1327,1646,self,6.646147880960287,3.629874819651334,0.2,0.5509831879525006,0.6370000000000003,1
142,33,30,319,1327,1646,stranger,1.5223677856408369,3.629874819651334,0.2,0.5509831879525006,2.130999999999898,1
142,34,30,319,1327,1646,stranger,1.1724090686660316,3.629874819651334,0.2,0.5509831879525006,1.6460000000000001,0
142,35,30,319,1327,1646,self,5.8538335233880785,3.629874819651334,0.2,0.5509831879525006,0.5800000000000003,1
142,36,30,319,1327,1646,self,6.732528598878302,3.629874819651334,0.2,0.5509831879525006,0.5290000000000002,1
142,37,30,319,1327,1646,stranger,1.3463993780824062,3.629874819651334,0.2,0.5509831879525006,2.039999999999908,1
142,38,30,319,1327,1646,stranger,1.1943125906363274,3.629874819651334,0.2,0.5509831879525006,1.6460000000000001,0
142,39,30,319,1327,1646,self,5.858555754374431,3.629874819651334,0.2,0.5509831879525006,0.7050000000000003,1
142,40,30,319,1327,1646,self,5.955140968825241,3.629874819651334,0.2,0.5509831879525006,0.7360000000000004,1
142,41,30,319,1327,1646,stranger,2.026839576837371,3.629874819651334,0.2,0.5509831879525006,1.6460000000000001,0
142,42,30,319,1327,1646,self,5.880958817898962,3.629874819651334,0.2,0.5509831879525006,0.8780000000000006,1
142,43,30,319,1327,1646,self,5.138038891151805,3.629874819651334,0.2,0.5509831879525006,0.7720000000000005,1
142,44,30,319,1327,1646,stranger,0.9990805286245216,3.629874819651334,0.2,0.5509831879525006,1.6460000000000001,0
142,45,30,319,1327,1646,stranger,0.9540032314932031,3.629874819651334,0.2,0.5509831879525006,1.0540000000000007,1
142,46,30,319,1327,1646,self,5.747033567391588,3.629874819651334,0.2,0.5509831879525006,0.6810000000000004,1
142,47,30,319,1327,1646,self,5.3686155023010365,3.629874819651334,0.2,0.5509831879525006,0.6930000000000004,1
142,48,30,319,1327,1646,stranger,1.2388679463663164,3.629874819651334,0.2,0.5509831879525006,1.6460000000000001,0
142,49,30,319,1327,1646,stranger,1.9874268917556615,3.629874819651334,0.2,0.5509831879525006,1.6699999999999489,1
142,50,30,319,1327,1646,self,5.906114350237462,3.629874819651334,0.2,0.5509831879525006,0.8090000000000004,1
142,51,30,319,1327,1646,stranger,1.761999577885113,3.629874819651334,0.2,0.5509831879525006,1.6460000000000001,0
142,52,30,319,1327,1646,stranger,1.463787570490894,3.629874819651334,0.2,0.5509831879525006,1.3749999999999813,1
142,53,30,319,1327,1646,self,4.957494440631079,3.629874819651334,0.2,0.5509831879525006,0.8560000000000005,1
142,54,30,319,1327,1646,self,6.197660604174633,3.629874819651334,0.2,0.5509831879525006,0.7040000000000004,1
142,55,30,319,1327,1646,self,6.513118420650236,3.629874819651334,0.2,0.5509831879525006,0.6270000000000003,1
142,56,30,319,1327,1646,self,5.961418445097688,3.629874819651334,0.2,0.5509831879525006,0.8670000000000004,1
142,57,30,319,1327,1646,self,5.744558223171568,3.629874819651334,0.2,0.5509831879525006,0.6660000000000004,1
142,58,30,319,1327,1646,self,6.700153522899413,3.629874819651334,0.2,0.5509831879525006,0.5560000000000003,1
142,59,30,319,1327,1646,stranger,0.9218152068438624,3.629874819651334,0.2,0.5509831879525006,2.3299999999998766,1
142,60,30,319,1327,1646,stranger,1.043609435031812,3.629874819651334,0.2,0.5509831879525006,0.6690000000000004,0
143,1,27,451,444,895,self,6.535803812458764,3.3556018838780775,0.2,0.5960182611676791,0.6110000000000003,1
143,2,27,451,444,895,self,5.683080872198654,3.3556018838780775,0.2,0.5960182611676791,0.5350000000000003,1
143,3,27,451,444,895,stranger,1.6083561183943167,3.3556018838780775,0.2,0.5960182611676791,1.0970000000000006,1
143,4,27,451,444,895,self,6.108981287560649,3.3556018838780775,0.2,0.5960182611676791,0.6280000000000003,1
143,5,27,451,444,895,stranger,1.815997668752146,3.3556018838780775,0.2,0.5960182611676791,2.129999999999898,1
143,6,27,451,444,895,stranger,0.8429194151135813,3.3556018838780775,0.2,0.5960182611676791,2.1119999999999,1
143,7,27,451,444,895,self,5.520735414068866,3.3556018838780775,0.2,0.5960182611676791,0.7680000000000005,1
143,8,27,451,444,895,stranger,1.280297755079323,3.3556018838780775,0.2,0.5960182611676791,2.150999999999896,1
143,9,27,451,444,895,self,5.777831805792969,3.3556018838780775,0.2,0.5960182611676791,0.5080000000000002,1
143,10,27,451,444,895,stranger,0.83899480642902,3.3556018838780775,0.2,0.5960182611676791,0.895,0
143,11,27,451,444,895,self,6.223798349011285,3.3556018838780775,0.2,0.5960182611676791,0.6090000000000003,1
143,12,27,451,444,895,stranger,0.6935882386232259,3.3556018838780775,0.2,0.5960182611676791,1.404999999999978,1
143,13,27,451,444,895,stranger,0.06770173790420375,3.3556018838780775,0.2,0.5960182611676791,0.895,0
143,14,27,451,444,895,stranger,0.6705798463518728,3.3556018838780775,0.2,0.5960182611676791,0.895,0
143,15,27,451,444,895,stranger,1.0168099493654608,3.3556018838780775,0.2,0.5960182611676791,0.5780000000000003,0
143,16,27,451,444,895,self,5.728673984606653,3.3556018838780775,0.2,0.5960182611676791,0.5030000000000002,1
143,17,27,451,444,895,self,5.6351158349149015,3.3556018838780775,0.2,0.5960182611676791,0.6130000000000003,1
143,18,27,451,444,895,self,6.2200803710211385,3.3556018838780775,0.2,0.5960182611676791,0.6220000000000003,1
143,19,27,451,444,895,stranger,0.5671212157731805,3.3556018838780775,0.2,0.5960182611676791,2.085999999999903,1
143,20,27,451,444,895,stranger,1.7138259090050645,3.3556018838780775,0.2,0.5960182611676791,0.895,0
143,21,27,451,444,895,stranger,1.350693603009295,3.3556018838780775,0.2,0.5960182611676791,1.667999999999949,1
143,22,27,451,444,895,self,6.113489969951263,3.3556018838780775,0.2,0.5960182611676791,0.5880000000000003,1
143,23,27,451,444,895,self,5.359819219138518,3.3556018838780775,0.2,0.5960182611676791,0.5110000000000002,1
143,24,27,451,444,895,stranger,1.4311468185532559,3.3556018838780775,0.2,0.5960182611676791,0.895,0
143,25,27,451,444,895,self,6.354964109587069,3.3556018838780775,0.2,0.5960182611676791,0.5970000000000003,1
143,26,27,451,444,895,stranger,2.157593081233707,3.3556018838780775,0.2,0.5960182611676791,1.1560000000000008,1
143,27,27,451,444,895,self,6.0938629768090795,3.3556018838780775,0.2,0.5960182611676791,0.6720000000000004,1
143,28,27,451,444,895,self,6.512839631612683,3.3556018838780775,0.2,0.5960182611676791,0.5560000000000003,1
143,29,27,451,444,895,stranger,1.4009502702945533,3.3556018838780775,0.2,0.5960182611676791,0.32900000000000007,0
143,30,27,451,444,895,stranger,1.7400953964900507,3.3556018838780775,0.2,0.5960182611676791,2.141999999999897,1
143,31,27,451,444,895,self,5.770060179089383,3.3556018838780775,0.2,0.5960182611676791,0.6890000000000004,1
143,32,27,451,444,895,stranger,0.7338969450941044,3.3556018838780775,0.2,0.5960182611676791,0.895,0
143,33,27,451,444,895,stranger,1.3695818323764035,3.3556018838780775,0.2,0.5960182611676791,0.895,0
143,34,27,451,444,895,stranger,1.0699053868072663,3.3556018838780775,0.2,0.5960182611676791,0.895,0
143,35,27,451,444,895,stranger,0.684158158149714,3.3556018838780775,0.2,0.5960182611676791,0.4900000000000002,0
143,36,27,451,444,895,stranger,0.41365136947147974,3.3556018838780775,0.2,0.5960182611676791,0.895,0
143,37,27,451,444,895,stranger,0.9615497448065864,3.3556018838780775,0.2,0.5960182611676791,0.895,0
143,38,27,451,444,895,self,6.404149359178432,3.3556018838780775,0.2,0.5960182611676791,0.7830000000000004,1
143,39,27,451,444,895,self,6.132891912444186,3.3556018838780775,0.2,0.5960182611676791,0.6480000000000004,1
143,40,27,451,444,895,self,5.607173663761289,3.3556018838780775,0.2,0.5960182611676791,0.6390000000000003,1
143,41,27,451,444,895,stranger,1.6601671389617283,3.3556018838780775,0.2,0.5960182611676791,0.895,0
143,42,27,451,444,895,stranger,0.41532872084630246,3.3556018838780775,0.2,0.5960182611676791,0.3640000000000001,0
143,43,27,451,444,895,stranger,0.8552873510800807,3.3556018838780775,0.2,0.5960182611676791,0.895,0
143,44,27,451,444,895,self,6.260861214033265,3.3556018838780775,0.2,0.5960182611676791,0.5820000000000003,1
143,45,27,451,444,895,stranger,0.7095780959140989,3.3556018838780775,0.2,0.5960182611676791,0.43600000000000017,0
143,46,27,451,444,895,self,5.757992505095378,3.3556018838780775,0.2,0.5960182611676791,0.6210000000000003,1
143,47,27,451,444,895,self,6.026107517875216,3.3556018838780775,0.2,0.5960182611676791,0.8220000000000005,1
143,48,27,451,444,895,self,5.428282651805962,3.3556018838780775,0.2,0.5960182611676791,0.8460000000000005,1
143,49,27,451,444,895,stranger,2.25478852091226,3.3556018838780775,0.2,0.5960182611676791,1.5019999999999674,1
143,50,27,451,444,895,stranger,1.7271336856451676,3.3556018838780775,0.2,0.5960182611676791,2.0839999999999033,1
143,51,27,451,444,895,self,5.3076559083581865,3.3556018838780775,0.2,0.5960182611676791,0.6860000000000004,1
143,52,27,451,444,895,self,5.591110308690787,3.3556018838780775,0.2,0.5960182611676791,0.9840000000000007,1
143,53,27,451,444,895,stranger,1.4786176872739103,3.3556018838780775,0.2,0.5960182611676791,0.3590000000000001,0
143,54,27,451,444,895,self,6.872730223274641,3.3556018838780775,0.2,0.5960182611676791,0.5980000000000003,1
143,55,27,451,444,895,stranger,1.2719228907661548,3.3556018838780775,0.2,0.5960182611676791,0.5090000000000002,0
143,56,27,451,444,895,self,5.208063441743886,3.3556018838780775,0.2,0.5960182611676791,0.7680000000000005,1
143,57,27,451,444,895,self,5.73914355227803,3.3556018838780775,0.2,0.5960182611676791,0.9730000000000005,1
143,58,27,451,444,895,self,5.712517048057883,3.3556018838780775,0.2,0.5960182611676791,0.4940000000000002,1
143,59,27,451,444,895,self,5.962458336467079,3.3556018838780775,0.2,0.5960182611676791,0.6460000000000004,1
143,60,27,451,444,895,self,5.59588748525997,3.3556018838780775,0.2,0.5960182611676791,0.6580000000000004,1
144,1,72,567,1024,1591,stranger,1.51460633408149,3.6344589471682913,0.2,0.5502882352153836,1.0460000000000007,1
144,2,72,567,1024,1591,self,7.402265226096094,3.6344589471682913,0.2,0.5502882352153836,0.6660000000000004,1
144,3,72,567,1024,1591,self,7.149267316672721,3.6344589471682913,0.2,0.5502882352153836,0.5710000000000003,1
144,4,72,567,1024,1591,self,6.83860152390163,3.6344589471682913,0.2,0.5502882352153836,0.6130000000000003,1
144,5,72,567,1024,1591,self,7.792137616131585,3.6344589471682913,0.2,0.5502882352153836,0.6230000000000003,1
144,6,72,567,1024,1591,stranger,0.9628952665926969,3.6344589471682913,0.2,0.5502882352153836,1.6849999999999472,1
144,7,72,567,1024,1591,self,8.129294855533168,3.6344589471682913,0.2,0.5502882352153836,0.5370000000000003,1
144,8,72,567,1024,1591,stranger,2.5582019279216914,3.6344589471682913,0.2,0.5502882352153836,1.0440000000000007,1
144,9,72,567,1024,1591,stranger,1.7546737156392676,3.6344589471682913,0.2,0.5502882352153836,1.591,0
144,10,72,567,1024,1591,stranger,0.8509165385563355,3.6344589471682913,0.2,0.5502882352153836,1.591,0
144,11,72,567,1024,1591,self,7.7203777919949435,3.6344589471682913,0.2,0.5502882352153836,0.6920000000000004,1
144,12,72,567,1024,1591,stranger,2.2161131111469605,3.6344589471682913,0.2,0.5502882352153836,1.2359999999999967,1
144,13,72,567,1024,1591,stranger,1.8407512999415172,3.6344589471682913,0.2,0.5502882352153836,2.059999999999906,1
144,14,72,567,1024,1591,self,6.501079604457335,3.6344589471682913,0.2,0.5502882352153836,0.6880000000000004,1
144,15,72,567,1024,1591,self,7.911573503243526,3.6344589471682913,0.2,0.5502882352153836,0.6300000000000003,1
144,16,72,567,1024,1591,stranger,1.5247760933054646,3.6344589471682913,0.2,0.5502882352153836,1.6669999999999492,1
144,17,72,567,1024,1591,stranger,1.6831770793774783,3.6344589471682913,0.2,0.5502882352153836,1.9979999999999127,1
144,18,72,567,1024,1591,stranger,1.4186831819680943,3.6344589471682913,0.2,0.5502882352153836,0.5460000000000003,0
144,19,72,567,1024,1591,self,8.099371320001591,3.6344589471682913,0.2,0.5502882352153836,0.7720000000000005,1
144,20,72,567,1024,1591,stranger,1.3304663151157563,3.6344589471682913,0.2,0.5502882352153836,0.3440000000000001,0
144,21,72,567,1024,1591,stranger,1.843322314006545,3.6344589471682913,0.2,0.5502882352153836,1.0430000000000006,1
144,22,72,567,1024,1591,self,7.709037038827995,3.6344589471682913,0.2,0.5502882352153836,0.5990000000000003,1
144,23,72,567,1024,1591,self,7.415210127316964,3.6344589471682913,0.2,0.5502882352153836,0.7960000000000005,1
144,24,72,567,1024,1591,stranger,2.300736348731345,3.6344589471682913,0.2,0.5502882352153836,1.2159999999999989,1
144,25,72,567,1024,1591,stranger,1.9500586266391193,3.6344589471682913,0.2,0.5502882352153836,1.591,0
144,26,72,567,1024,1591,self,7.913968130770349,3.6344589471682913,0.2,0.5502882352153836,0.6810000000000004,1
144,27,72,567,1024,1591,stranger,1.8530697399495972,3.6344589471682913,0.2,0.5502882352153836,1.591,0
144,28,72,567,1024,1591,stranger,2.9741879210788777,3.6344589471682913,0.2,0.5502882352153836,1.0640000000000007,1
144,29,72,567,1024,1591,self,7.64385846078233,3.6344589471682913,0.2,0.5502882352153836,0.5090000000000002,1
144,30,72,567,1024,1591,self,7.215887692725315,3.6344589471682913,0.2,0.5502882352153836,0.6580000000000004,1
144,31,72,567,1024,1591,stranger,1.4659393927438014,3.6344589471682913,0.2,0.5502882352153836,1.495999999999968,1
144,32,72,567,1024,1591,self,7.855722613810466,3.6344589471682913,0.2,0.5502882352153836,0.5470000000000003,1
144,33,72,567,1024,1591,self,6.9243246755213885,3.6344589471682913,0.2,0.5502882352153836,0.5740000000000003,1
144,34,72,567,1024,1591,stranger,2.158397470056499,3.6344589471682913,0.2,0.5502882352153836,1.6989999999999457,1
144,35,72,567,1024,1591,self,8.297550860647315,3.6344589471682913,0.2,0.5502882352153836,0.8370000000000004,1
144,36,72,567,1024,1591,stranger,1.8842533790659424,3.6344589471682913,0.2,0.5502882352153836,0.7230000000000003,0
144,37,72,567,1024,1591,self,6.751930583303767,3.6344589471682913,0.2,0.5502882352153836,0.6720000000000004,1
144,38,72,567,1024,1591,stranger,1.383223572443584,3.6344589471682913,0.2,0.5502882352153836,1.7989999999999347,1
144,39,72,567,1024,1591,stranger,1.6060663958200916,3.6344589471682913,0.2,0.5502882352153836,1.591,0
144,40,72,567,1024,1591,self,6.807102051942218,3.6344589471682913,0.2,0.5502882352153836,0.6930000000000004,1
144,41,72,567,1024,1591,stranger,1.9115026290351993,3.6344589471682913,0.2,0.5502882352153836,2.0979999999999017,1
144,42,72,567,1024,1591,stranger,2.679044286885335,3.6344589471682913,0.2,0.5502882352153836,1.1160000000000008,1
144,43,72,567,1024,1591,stranger,1.6515235955898082,3.6344589471682913,0.2,0.5502882352153836,0.4560000000000002,0
144,44,72,567,1024,1591,self,7.683123870921946,3.6344589471682913,0.2,0.5502882352153836,0.5090000000000002,1
144,45,72,567,1024,1591,stranger,1.7122416068303505,3.6344589471682913,0.2,0.5502882352153836,1.6909999999999465,1
144,46,72,567,1024,1591,self,8.10566427716119,3.6344589471682913,0.2,0.5502882352153836,0.6100000000000003,1
144,47,72,567,1024,1591,stranger,2.6853206108745318,3.6344589471682913,0.2,0.5502882352153836,0.9910000000000005,1
144,48,72,567,1024,1591,self,7.359260417590319,3.6344589471682913,0.2,0.5502882352153836,0.6490000000000004,1
144,49,72,567,1024,1591,self,7.654004444725385,3.6344589471682913,0.2,0.5502882352153836,0.4610000000000002,1
144,50,72,567,1024,1591,self,7.773629336488395,3.6344589471682913,0.2,0.5502882352153836,0.6430000000000003,1
144,51,72,567,1024,1591,self,7.638418997630971,3.6344589471682913,0.2,0.5502882352153836,0.5830000000000003,1
144,52,72,567,1024,1591,stranger,2.522426248793667,3.6344589471682913,0.2,0.5502882352153836,1.4989999999999677,1
144,53,72,567,1024,1591,stranger,1.378557483298364,3.6344589471682913,0.2,0.5502882352153836,1.591,0
144,54,72,567,1024,1591,stranger,1.2342136236531882,3.6344589471682913,0.2,0.5502882352153836,1.591,0
144,55,72,567,1024,1591,self,6.25341617352546,3.6344589471682913,0.2,0.5502882352153836,0.5800000000000003,1
144,56,72,567,1024,1591,self,7.368610636944222,3.6344589471682913,0.2,0.5502882352153836,0.6050000000000003,1
144,57,72,567,1024,1591,self,7.615060557001597,3.6344589471682913,0.2,0.5502882352153836,0.6290000000000003,1
144,58,72,567,1024,1591,stranger,2.1377999289025977,3.6344589471682913,0.2,0.5502882352153836,1.4399999999999742,1
144,59,72,567,1024,1591,self,7.512466001335136,3.6344589471682913,0.2,0.5502882352153836,0.5850000000000003,1
144,60,72,567,1024,1591,self,8.251075429718172,3.6344589471682913,0.2,0.5502882352153836,0.5440000000000003,1
145,1,136,60,852,912,stranger,1.1594209081563283,3.1585300387037005,0.2,0.6332059456432539,0.912,0
145,2,136,60,852,912,self,4.030599389606711,3.1585300387037005,0.2,0.6332059456432539,1.1350000000000007,1
145,3,136,60,852,912,self,3.5249549877521225,3.1585300387037005,0.2,0.6332059456432539,1.0950000000000006,1
145,4,136,60,852,912,self,3.13649796413315,3.1585300387037005,0.2,0.6332059456432539,1.0380000000000007,1
145,5,136,60,852,912,stranger,2.67034592187035,3.1585300387037005,0.2,0.6332059456432539,0.8410000000000004,1
145,6,136,60,852,912,stranger,2.527019391964539,3.1585300387037005,0.2,0.6332059456432539,0.7140000000000004,1
145,7,136,60,852,912,stranger,2.4835224990768516,3.1585300387037005,0.2,0.6332059456432539,0.9050000000000005,1
145,8,136,60,852,912,stranger,1.958932462612133,3.1585300387037005,0.2,0.6332059456432539,0.8950000000000005,1
145,9,136,60,852,912,stranger,1.6840429487825719,3.1585300387037005,0.2,0.6332059456432539,0.8780000000000006,1
145,10,136,60,852,912,stranger,0.8144720809015029,3.1585300387037005,0.2,0.6332059456432539,0.8840000000000006,1
145,11,136,60,852,912,self,3.77184767253548,3.1585300387037005,0.2,0.6332059456432539,0.7930000000000004,1
145,12,136,60,852,912,self,3.535183524532231,3.1585300387037005,0.2,0.6332059456432539,0.8270000000000004,1
145,13,136,60,852,912,self,4.342097581361996,3.1585300387037005,0.2,0.6332059456432539,0.6680000000000004,1
145,14,136,60,852,912,self,5.081328669659269,3.1585300387037005,0.2,0.6332059456432539,0.6210000000000003,1
145,15,136,60,852,912,self,4.012833310766525,3.1585300387037005,0.2,0.6332059456432539,0.5980000000000003,1
145,16,136,60,852,912,self,4.119449685708832,3.1585300387037005,0.2,0.6332059456432539,0.7370000000000003,1
145,17,136,60,852,912,self,3.0490699272732718,3.1585300387037005,0.2,0.6332059456432539,1.2309999999999972,1
145,18,136,60,852,912,stranger,2.3383341166859313,3.1585300387037005,0.2,0.6332059456432539,0.7050000000000003,1
145,19,136,60,852,912,self,4.1007002628307365,3.1585300387037005,0.2,0.6332059456432539,1.0540000000000007,1
145,20,136,60,852,912,self,3.3895955991653537,3.1585300387037005,0.2,0.6332059456432539,0.7240000000000004,1
145,21,136,60,852,912,self,3.4841578891040568,3.1585300387037005,0.2,0.6332059456432539,1.0930000000000006,1
145,22,136,60,852,912,self,4.22562897776438,3.1585300387037005,0.2,0.6332059456432539,0.8600000000000005,1
145,23,136,60,852,912,self,3.5977851045061144,3.1585300387037005,0.2,0.6332059456432539,0.6980000000000004,1
145,24,136,60,852,912,self,4.239459113540264,3.1585300387037005,0.2,0.6332059456432539,0.8620000000000005,1
145,25,136,60,852,912,self,3.9874343922583404,3.1585300387037005,0.2,0.6332059456432539,0.6920000000000004,1
145,26,136,60,852,912,stranger,1.4344780912940536,3.1585300387037005,0.2,0.6332059456432539,0.9230000000000005,1
145,27,136,60,852,912,self,3.952635991561526,3.1585300387037005,0.2,0.6332059456432539,0.5820000000000003,1
145,28,136,60,852,912,stranger,1.870454431040174,3.1585300387037005,0.2,0.6332059456432539,0.912,0
145,29,136,60,852,912,stranger,0.9622630417193919,3.1585300387037005,0.2,0.6332059456432539,0.912,0
145,30,136,60,852,912,stranger,1.363271665122561,3.1585300387037005,0.2,0.6332059456432539,1.7729999999999375,1
145,31,136,60,852,912,self,3.1365412293707164,3.1585300387037005,0.2,0.6332059456432539,0.9510000000000005,1
145,32,136,60,852,912,stranger,1.4423522123260888,3.1585300387037005,0.2,0.6332059456432539,2.0469999999999073,1
145,33,136,60,852,912,stranger,0.9445276518812706,3.1585300387037005,0.2,0.6332059456432539,0.41600000000000015,0
145,34,136,60,852,912,stranger,1.0222705568497739,3.1585300387037005,0.2,0.6332059456432539,1.0310000000000006,1
145,35,136,60,852,912,self,4.162068568610845,3.1585300387037005,0.2,0.6332059456432539,1.3619999999999828,1
145,36,136,60,852,912,stranger,0.910232265926702,3.1585300387037005,0.2,0.6332059456432539,0.912,0
145,37,136,60,852,912,self,3.9059708260015897,3.1585300387037005,0.2,0.6332059456432539,0.7870000000000004,1
145,38,136,60,852,912,stranger,1.3827714610998862,3.1585300387037005,0.2,0.6332059456432539,0.9180000000000006,0
145,39,136,60,852,912,stranger,1.8452413786722652,3.1585300387037005,0.2,0.6332059456432539,1.1330000000000007,1
145,40,136,60,852,912,self,3.184420725355551,3.1585300387037005,0.2,0.6332059456432539,0.9610000000000005,1
145,41,136,60,852,912,self,4.731599106797956,3.1585300387037005,0.2,0.6332059456432539,0.7080000000000004,1
145,42,136,60,852,912,self,3.8079361856166187,3.1585300387037005,0.2,0.6332059456432539,0.8430000000000004,1
145,43,136,60,852,912,self,4.172277323970298,3.1585300387037005,0.2,0.6332059456432539,0.8210000000000004,1
145,44,136,60,852,912,stranger,1.698999325438392,3.1585300387037005,0.2,0.6332059456432539,1.7269999999999426,1
145,45,136,60,852,912,stranger,1.9763009444568147,3.1585300387037005,0.2,0.6332059456432539,0.3460000000000001,0
145,46,136,60,852,912,self,3.8630539192631836,3.1585300387037005,0.2,0.6332059456432539,0.8190000000000004,1
145,47,136,60,852,912,stranger,1.8891727648160748,3.1585300387037005,0.2,0.6332059456432539,1.4669999999999712,1
145,48,136,60,852,912,self,3.875232311051728,3.1585300387037005,0.2,0.6332059456432539,0.9300000000000006,1
145,49,136,60,852,912,stranger,1.9184192558605,3.1585300387037005,0.2,0.6332059456432539,1.240999999999996,1
145,50,136,60,852,912,stranger,1.7457578928946735,3.1585300387037005,0.2,0.6332059456432539,0.3570000000000001,0
145,51,136,60,852,912,self,4.407475824491553,3.1585300387037005,0.2,0.6332059456432539,0.6020000000000003,1
145,52,136,60,852,912,stranger,0.8240335357300432,3.1585300387037005,0.2,0.6332059456432539,0.912,0
145,53,136,60,852,912,self,3.6038404007402463,3.1585300387037005,0.2,0.6332059456432539,0.5580000000000003,1
145,54,136,60,852,912,stranger,2.6295487296460722,3.1585300387037005,0.2,0.6332059456432539,0.9870000000000005,1
145,55,136,60,852,912,stranger,1.2734502736903943,3.1585300387037005,0.2,0.6332059456432539,0.8480000000000005,1
145,56,136,60,852,912,stranger,1.5772284216961574,3.1585300387037005,0.2,0.6332059456432539,0.912,0
145,57,136,60,852,912,self,3.879151405806525,3.1585300387037005,0.2,0.6332059456432539,0.5290000000000002,1
145,58,136,60,852,912,stranger,1.7433374164400268,3.1585300387037005,0.2,0.6332059456432539,0.912,0
145,59,136,60,852,912,stranger,1.3733863143543887,3.1585300387037005,0.2,0.6332059456432539,1.8359999999999306,1
145,60,136,60,852,912,stranger,1.8753779561942934,3.1585300387037005,0.2,0.6332059456432539,0.4890000000000002,0
146,1,110,161,1406,1567,stranger,0.9716572320606405,3.0818705578567505,0.2,0.6489565224929096,1.567,0
146,2,110,161,1406,1567,stranger,0.4692318643369038,3.0818705578567505,0.2,0.6489565224929096,1.1880000000000008,0
146,3,110,161,1406,1567,self,4.730633117132656,3.0818705578567505,0.2,0.6489565224929096,0.8520000000000005,1
146,4,110,161,1406,1567,self,3.7675522594928657,3.0818705578567505,0.2,0.6489565224929096,1.1420000000000008,1
146,5,110,161,1406,1567,stranger,0.33198433424631313,3.0818705578567505,0.2,0.6489565224929096,1.6639999999999495,1
146,6,110,161,1406,1567,self,5.363571290308817,3.0818705578567505,0.2,0.6489565224929096,0.8400000000000005,1
146,7,110,161,1406,1567,stranger,1.9568381657298755,3.0818705578567505,0.2,0.6489565224929096,1.9349999999999197,1
146,8,110,161,1406,1567,stranger,0.32462164076056943,3.0818705578567505,0.2,0.6489565224929096,1.567,0
146,9,110,161,1406,1567,self,4.820994365497256,3.0818705578567505,0.2,0.6489565224929096,0.7990000000000004,1
146,10,110,161,1406,1567,self,4.6083094789714,3.0818705578567505,0.2,0.6489565224929096,1.0730000000000006,1
146,11,110,161,1406,1567,self,4.417843607668689,3.0818705578567505,0.2,0.6489565224929096,0.7130000000000003,1
146,12,110,161,1406,1567,stranger,1.1019833813400952,3.0818705578567505,0.2,0.6489565224929096,1.1040000000000008,1
146,13,110,161,1406,1567,stranger,0.7119394288617282,3.0818705578567505,0.2,0.6489565224929096,1.4399999999999742,0
146,14,110,161,1406,1567,stranger,0.16522971754938207,3.0818705578567505,0.2,0.6489565224929096,0.43400000000000016,0
146,15,110,161,1406,1567,self,4.975140107290524,3.0818705578567505,0.2,0.6489565224929096,0.8220000000000005,1
146,16,110,161,1406,1567,self,4.6355020852158395,3.0818705578567505,0.2,0.6489565224929096,0.6140000000000003,1
146,17,110,161,1406,1567,stranger,0.19777490671612416,3.0818705578567505,0.2,0.6489565224929096,0.6240000000000003,0
146,18,110,161,1406,1567,self,5.062300586321356,3.0818705578567505,0.2,0.6489565224929096,0.6580000000000004,1
146,19,110,161,1406,1567,stranger,0.515114282620811,3.0818705578567505,0.2,0.6489565224929096,2.141999999999897,1
146,20,110,161,1406,1567,stranger,-0.006869728168528849,3.0818705578567505,0.2,0.6489565224929096,0.5720000000000003,0
146,21,110,161,1406,1567,self,5.337082377176775,3.0818705578567505,0.2,0.6489565224929096,0.6820000000000004,1
146,22,110,161,1406,1567,stranger,0.8156911884777155,3.0818705578567505,0.2,0.6489565224929096,1.7429999999999408,0
146,23,110,161,1406,1567,self,4.487135590819158,3.0818705578567505,0.2,0.6489565224929096,0.7760000000000005,1
146,24,110,161,1406,1567,stranger,1.4881455308114084,3.0818705578567505,0.2,0.6489565224929096,1.1320000000000008,1
146,25,110,161,1406,1567,stranger,0.8708639465090315,3.0818705578567505,0.2,0.6489565224929096,1.3729999999999816,1
146,26,110,161,1406,1567,self,4.858387774114335,3.0818705578567505,0.2,0.6489565224929096,0.7260000000000004,1
146,27,110,161,1406,1567,self,5.0199277753684814,3.0818705578567505,0.2,0.6489565224929096,1.1640000000000008,1
146,28,110,161,1406,1567,self,5.239432449779712,3.0818705578567505,0.2,0.6489565224929096,0.7450000000000003,1
146,29,110,161,1406,1567,stranger,0.36178663971321556,3.0818705578567505,0.2,0.6489565224929096,0.2880000000000001,0
146,30,110,161,1406,1567,self,4.880012247878555,3.0818705578567505,0.2,0.6489565224929096,0.5760000000000003,1
146,31,110,161,1406,1567,stranger,1.021902323386642,3.0818705578567505,0.2,0.6489565224929096,1.567,0
146,32,110,161,1406,1567,stranger,0.8394888648566876,3.0818705578567505,0.2,0.6489565224929096,1.567,0
146,33,110,161,1406,1567,stranger,1.7137743312609408,3.0818705578567505,0.2,0.6489565224929096,1.5659999999999603,1
146,34,110,161,1406,1567,self,4.263284191466756,3.0818705578567505,0.2,0.6489565224929096,0.6490000000000004,1
146,35,110,161,1406,1567,stranger,1.073170155223509,3.0818705578567505,0.2,0.6489565224929096,1.0350000000000006,1
146,36,110,161,1406,1567,stranger,1.0972057842421004,3.0818705578567505,0.2,0.6489565224929096,1.7659999999999383,1
146,37,110,161,1406,1567,stranger,1.1371397518534754,3.0818705578567505,0.2,0.6489565224929096,1.6809999999999476,1
146,38,110,161,1406,1567,self,4.411764200859304,3.0818705578567505,0.2,0.6489565224929096,0.6430000000000003,1
146,39,110,161,1406,1567,self,4.729438636034063,3.0818705578567505,0.2,0.6489565224929096,0.6350000000000003,1
146,40,110,161,1406,1567,stranger,0.5231094077985281,3.0818705578567505,0.2,0.6489565224929096,0.9840000000000007,1
146,41,110,161,1406,1567,stranger,0.9680024341352151,3.0818705578567505,0.2,0.6489565224929096,0.9270000000000005,1
146,42,110,161,1406,1567,stranger,0.9877277214199289,3.0818705578567505,0.2,0.6489565224929096,2.2589999999998844,1
146,43,110,161,1406,1567,self,4.099436050898602,3.0818705578567505,0.2,0.6489565224929096,0.9560000000000006,1
146,44,110,161,1406,1567,self,4.304416574379081,3.0818705578567505,0.2,0.6489565224929096,0.6940000000000004,1
146,45,110,161,1406,1567,stranger,0.20224036365983764,3.0818705578567505,0.2,0.6489565224929096,1.567,0
146,46,110,161,1406,1567,self,4.714668833044678,3.0818705578567505,0.2,0.6489565224929096,0.4920000000000002,1
146,47,110,161,1406,1567,self,5.263850700900899,3.0818705578567505,0.2,0.6489565224929096,0.5590000000000003,1
146,48,110,161,1406,1567,stranger,0.49480560818683506,3.0818705578567505,0.2,0.6489565224929096,1.7529999999999397,1
146,49,110,161,1406,1567,self,4.6399834807874045,3.0818705578567505,0.2,0.6489565224929096,0.7630000000000003,1
146,50,110,161,1406,1567,stranger,1.3109445152182335,3.0818705578567505,0.2,0.6489565224929096,1.2339999999999969,1
146,51,110,161,1406,1567,stranger,-0.0021466160411629798,3.0818705578567505,0.2,0.6489565224929096,1.567,0
146,52,110,161,1406,1567,self,5.069828272127888,3.0818705578567505,0.2,0.6489565224929096,0.6130000000000003,1
146,53,110,161,1406,1567,stranger,1.1521917398731307,3.0818705578567505,0.2,0.6489565224929096,1.567,0
146,54,110,161,1406,1567,self,5.582182118104856,3.0818705578567505,0.2,0.6489565224929096,0.5930000000000003,1
146,55,110,161,1406,1567,self,4.545930745002957,3.0818705578567505,0.2,0.6489565224929096,0.5890000000000003,1
146,56,110,161,1406,1567,self,4.912733694985001,3.0818705578567505,0.2,0.6489565224929096,0.8640000000000005,1
146,57,110,161,1406,1567,stranger,1.6047190889957461,3.0818705578567505,0.2,0.6489565224929096,1.0640000000000007,1
146,58,110,161,1406,1567,self,4.028815232009522,3.0818705578567505,0.2,0.6489565224929096,0.5910000000000003,1
146,59,110,161,1406,1567,self,4.863855475929353,3.0818705578567505,0.2,0.6489565224929096,0.9330000000000005,1
146,60,110,161,1406,1567,self,4.385050448832598,3.0818705578567505,0.2,0.6489565224929096,0.7740000000000005,1
147,1,78,285,1254,1539,stranger,1.907466799133557,2.777883206645924,0.2,0.719972673874523,0.5640000000000003,1
147,2,78,285,1254,1539,stranger,0.9810921146190104,2.777883206645924,0.2,0.719972673874523,1.359999999999983,1
147,3,78,285,1254,1539,stranger,2.563905879282759,2.777883206645924,0.2,0.719972673874523,0.8950000000000005,1
147,4,78,285,1254,1539,stranger,1.7508381777426105,2.777883206645924,0.2,0.719972673874523,1.1250000000000007,1
147,5,78,285,1254,1539,self,5.892121364609336,2.777883206645924,0.2,0.719972673874523,0.41300000000000014,1
147,6,78,285,1254,1539,stranger,2.225228240487978,2.777883206645924,0.2,0.719972673874523,0.7720000000000005,1
147,7,78,285,1254,1539,self,6.504409394053093,2.777883206645924,0.2,0.719972673874523,0.40800000000000014,1
147,8,78,285,1254,1539,self,7.093144137597429,2.777883206645924,0.2,0.719972673874523,0.5190000000000002,1
147,9,78,285,1254,1539,stranger,1.0013788057984847,2.777883206645924,0.2,0.719972673874523,1.539,0
147,10,78,285,1254,1539,self,6.063392687424737,2.777883206645924,0.2,0.719972673874523,0.4880000000000002,1
147,11,78,285,1254,1539,self,6.41329606581999,2.777883206645924,0.2,0.719972673874523,0.5240000000000002,1
147,12,78,285,1254,1539,stranger,0.7531975935814996,2.777883206645924,0.2,0.719972673874523,1.539,0
147,13,78,285,1254,1539,stranger,1.5980462381460294,2.777883206645924,0.2,0.719972673874523,1.539,0
147,14,78,285,1254,1539,stranger,1.5153286976327855,2.777883206645924,0.2,0.719972673874523,1.539,0
147,15,78,285,1254,1539,self,6.9086439878349015,2.777883206645924,0.2,0.719972673874523,0.4950000000000002,1
147,16,78,285,1254,1539,stranger,2.1594430367058512,2.777883206645924,0.2,0.719972673874523,2.0739999999999044,1
147,17,78,285,1254,1539,stranger,1.4847426199566214,2.777883206645924,0.2,0.719972673874523,1.1520000000000008,0
147,18,78,285,1254,1539,stranger,2.0698859185355034,2.777883206645924,0.2,0.719972673874523,0.8750000000000004,1
147,19,78,285,1254,1539,self,6.103877110320387,2.777883206645924,0.2,0.719972673874523,0.44300000000000017,1
147,20,78,285,1254,1539,stranger,2.459703823604834,2.777883206645924,0.2,0.719972673874523,0.9250000000000005,1
147,21,78,285,1254,1539,stranger,1.8039626412114216,2.777883206645924,0.2,0.719972673874523,1.6569999999999503,1
147,22,78,285,1254,1539,stranger,1.5411445686744392,2.777883206645924,0.2,0.719972673874523,1.3719999999999817,1
147,23,78,285,1254,1539,self,6.478220908768247,2.777883206645924,0.2,0.719972673874523,0.40800000000000014,1
147,24,78,285,1254,1539,self,6.963265487128035,2.777883206645924,0.2,0.719972673874523,0.5400000000000003,1
147,25,78,285,1254,1539,self,7.22671790152765,2.777883206645924,0.2,0.719972673874523,0.5880000000000003,1
147,26,78,285,1254,1539,stranger,0.9119895504458078,2.777883206645924,0.2,0.719972673874523,0.32600000000000007,0
147,27,78,285,1254,1539,self,6.890389294462617,2.777883206645924,0.2,0.719972673874523,0.6110000000000003,1
147,28,78,285,1254,1539,self,6.282195226645598,2.777883206645924,0.2,0.719972673874523,0.4780000000000002,1
147,29,78,285,1254,1539,self,6.996363447914049,2.777883206645924,0.2,0.719972673874523,0.4460000000000002,1
147,30,78,285,1254,1539,stranger,2.5050860669328934,2.777883206645924,0.2,0.719972673874523,0.9670000000000005,1
147,31,78,285,1254,1539,self,6.442155978441549,2.777883206645924,0.2,0.719972673874523,0.43200000000000016,1
147,32,78,285,1254,1539,self,6.465305145611606,2.777883206645924,0.2,0.719972673874523,0.5110000000000002,1
147,33,78,285,1254,1539,stranger,2.1082110763341024,2.777883206645924,0.2,0.719972673874523,1.0040000000000007,1
147,34,78,285,1254,1539,self,6.6176808311106985,2.777883206645924,0.2,0.719972673874523,0.5410000000000003,1
147,35,78,285,1254,1539,stranger,1.5469732708515476,2.777883206645924,0.2,0.719972673874523,1.513999999999966,1
147,36,78,285,1254,1539,stranger,0.744266228580382,2.777883206645924,0.2,0.719972673874523,2.218999999999889,1
147,37,78,285,1254,1539,self,6.0217111122088625,2.777883206645924,0.2,0.719972673874523,0.4770000000000002,1
147,38,78,285,1254,1539,self,7.11087983837862,2.777883206645924,0.2,0.719972673874523,0.5280000000000002,1
147,39,78,285,1254,1539,self,6.849392895661268,2.777883206645924,0.2,0.719972673874523,0.4980000000000002,1
147,40,78,285,1254,1539,self,5.666808591514325,2.777883206645924,0.2,0.719972673874523,0.5490000000000003,1
147,41,78,285,1254,1539,stranger,1.8960192976712131,2.777883206645924,0.2,0.719972673874523,0.9730000000000005,1
147,42,78,285,1254,1539,stranger,1.4190466828961095,2.777883206645924,0.2,0.719972673874523,2.069999999999905,1
147,43,78,285,1254,1539,self,6.649071764425324,2.777883206645924,0.2,0.719972673874523,0.4810000000000002,1
147,44,78,285,1254,1539,self,6.17521655217934,2.777883206645924,0.2,0.719972673874523,0.4810000000000002,1
147,45,78,285,1254,1539,self,6.2595557225077085,2.777883206645924,0.2,0.719972673874523,0.40800000000000014,1
147,46,78,285,1254,1539,stranger,0.8615957256900226,2.777883206645924,0.2,0.719972673874523,1.8179999999999326,1
147,47,78,285,1254,1539,self,6.480218279027772,2.777883206645924,0.2,0.719972673874523,0.3490000000000001,1
147,48,78,285,1254,1539,self,5.868808230312219,2.777883206645924,0.2,0.719972673874523,0.6540000000000004,1
147,49,78,285,1254,1539,stranger,1.36403615124962,2.777883206645924,0.2,0.719972673874523,1.539,0
147,50,78,285,1254,1539,self,6.314171001319808,2.777883206645924,0.2,0.719972673874523,0.5460000000000003,1
147,51,78,285,1254,1539,stranger,2.375669376300146,2.777883206645924,0.2,0.719972673874523,0.5800000000000003,1
147,52,78,285,1254,1539,self,5.792784309667213,2.777883206645924,0.2,0.719972673874523,0.4770000000000002,1
147,53,78,285,1254,1539,self,7.487491733532604,2.777883206645924,0.2,0.719972673874523,0.40300000000000014,1
147,54,78,285,1254,1539,stranger,0.6000775637309748,2.777883206645924,0.2,0.719972673874523,1.539,0
147,55,78,285,1254,1539,stranger,1.8157853099080057,2.777883206645924,0.2,0.719972673874523,0.8600000000000005,1
147,56,78,285,1254,1539,stranger,1.169459403716291,2.777883206645924,0.2,0.719972673874523,0.7770000000000004,1
147,57,78,285,1254,1539,self,6.051409932309806,2.777883206645924,0.2,0.719972673874523,0.4940000000000002,1
147,58,78,285,1254,1539,stranger,2.215126104386633,2.777883206645924,0.2,0.719972673874523,1.9489999999999181,1
147,59,78,285,1254,1539,stranger,1.6731867686994149,2.777883206645924,0.2,0.719972673874523,0.6640000000000004,0
147,60,78,285,1254,1539,self,6.42649263955921,2.777883206645924,0.2,0.719972673874523,0.5100000000000002,1
148,1,82,445,1448,1893,self,8.426884746302227,3.7400608811649714,0.2,0.5347506534110297,0.4760000000000002,1
148,2,82,445,1448,1893,self,8.047634519010275,3.7400608811649714,0.2,0.5347506534110297,0.6430000000000003,1
148,3,82,445,1448,1893,self,9.267005666086758,3.7400608811649714,0.2,0.5347506534110297,0.5250000000000002,1
148,4,82,445,1448,1893,self,7.494076671280815,3.7400608811649714,0.2,0.5347506534110297,0.6960000000000004,1
148,5,82,445,1448,1893,stranger,2.7754893194143264,3.7400608811649714,0.2,0.5347506534110297,1.7519999999999398,1
148,6,82,445,1448,1893,self,9.660373073188941,3.7400608811649714,0.2,0.5347506534110297,0.5540000000000003,1
148,7,82,445,1448,1893,self,8.225855609331585,3.7400608811649714,0.2,0.5347506534110297,0.6260000000000003,1
148,8,82,445,1448,1893,self,8.315468816577933,3.7400608811649714,0.2,0.5347506534110297,0.5100000000000002,1
148,9,82,445,1448,1893,self,8.613497061812634,3.7400608811649714,0.2,0.5347506534110297,0.6350000000000003,1
148,10,82,445,1448,1893,stranger,2.551946331881706,3.7400608811649714,0.2,0.5347506534110297,2.1619999999998947,1
148,11,82,445,1448,1893,stranger,2.790175689221315,3.7400608811649714,0.2,0.5347506534110297,1.1880000000000008,1
148,12,82,445,1448,1893,self,7.791401471195557,3.7400608811649714,0.2,0.5347506534110297,0.6870000000000004,1
148,13,82,445,1448,1893,stranger,2.538559071654287,3.7400608811649714,0.2,0.5347506534110297,1.6699999999999489,1
148,14,82,445,1448,1893,self,7.611977816352427,3.7400608811649714,0.2,0.5347506534110297,0.6820000000000004,1
148,15,82,445,1448,1893,self,8.428197533036862,3.7400608811649714,0.2,0.5347506534110297,0.7200000000000004,1
148,16,82,445,1448,1893,stranger,2.6919915093905167,3.7400608811649714,0.2,0.5347506534110297,2.4229999999998664,1
148,17,82,445,1448,1893,self,7.581876851046399,3.7400608811649714,0.2,0.5347506534110297,0.5290000000000002,1
148,18,82,445,1448,1893,stranger,1.9511086890694718,3.7400608811649714,0.2,0.5347506534110297,1.4379999999999744,1
148,19,82,445,1448,1893,self,8.664732933712733,3.7400608811649714,0.2,0.5347506534110297,0.5460000000000003,1
148,20,82,445,1448,1893,self,8.534035275580289,3.7400608811649714,0.2,0.5347506534110297,0.5160000000000002,1
148,21,82,445,1448,1893,self,7.820990572549913,3.7400608811649714,0.2,0.5347506534110297,0.5130000000000002,1
148,22,82,445,1448,1893,stranger,3.1445224026189256,3.7400608811649714,0.2,0.5347506534110297,0.9090000000000005,1
148,23,82,445,1448,1893,stranger,3.0473638640764955,3.7400608811649714,0.2,0.5347506534110297,2.5419999999998533,1
148,24,82,445,1448,1893,stranger,2.9938673840527428,3.7400608811649714,0.2,0.5347506534110297,0.6010000000000003,1
148,25,82,445,1448,1893,stranger,2.4159048871909508,3.7400608811649714,0.2,0.5347506534110297,1.2829999999999915,1
148,26,82,445,1448,1893,stranger,2.9851678546932656,3.7400608811649714,0.2,0.5347506534110297,1.3029999999999893,1
148,27,82,445,1448,1893,self,8.153664227741666,3.7400608811649714,0.2,0.5347506534110297,0.4950000000000002,1
148,28,82,445,1448,1893,stranger,2.5774457809199136,3.7400608811649714,0.2,0.5347506534110297,0.26300000000000007,0
148,29,82,445,1448,1893,stranger,3.7253328357674733,3.7400608811649714,0.2,0.5347506534110297,0.8110000000000004,1
148,30,82,445,1448,1893,stranger,3.402809391244046,3.7400608811649714,0.2,0.5347506534110297,0.9900000000000007,1
148,31,82,445,1448,1893,self,8.880773883370301,3.7400608811649714,0.2,0.5347506534110297,0.6310000000000003,1
148,32,82,445,1448,1893,stranger,1.9703875283491237,3.7400608811649714,0.2,0.5347506534110297,1.893,0
148,33,82,445,1448,1893,stranger,2.308809429669325,3.7400608811649714,0.2,0.5347506534110297,1.2179999999999986,1
148,34,82,445,1448,1893,self,7.946832868510471,3.7400608811649714,0.2,0.5347506534110297,0.6630000000000004,1
148,35,82,445,1448,1893,self,7.98689829431984,3.7400608811649714,0.2,0.5347506534110297,0.5570000000000003,1
148,36,82,445,1448,1893,self,7.23740654035553,3.7400608811649714,0.2,0.5347506534110297,0.6720000000000004,1
148,37,82,445,1448,1893,stranger,2.6206947779541476,3.7400608811649714,0.2,0.5347506534110297,1.3069999999999888,1
148,38,82,445,1448,1893,stranger,3.3977916529489787,3.7400608811649714,0.2,0.5347506534110297,1.0980000000000008,1
148,39,82,445,1448,1893,stranger,2.6718875303965106,3.7400608811649714,0.2,0.5347506534110297,0.9230000000000005,1
148,40,82,445,1448,1893,stranger,2.457716598039235,3.7400608811649714,0.2,0.5347506534110297,1.5819999999999586,1
148,41,82,445,1448,1893,stranger,1.791451908429965,3.7400608811649714,0.2,0.5347506534110297,1.84099999999993,1
148,42,82,445,1448,1893,stranger,3.0206290075928157,3.7400608811649714,0.2,0.5347506534110297,1.9019999999999233,1
148,43,82,445,1448,1893,self,7.54104792823607,3.7400608811649714,0.2,0.5347506534110297,0.6420000000000003,1
148,44,82,445,1448,1893,self,8.79220507472634,3.7400608811649714,0.2,0.5347506534110297,0.5720000000000003,1
148,45,82,445,1448,1893,stranger,2.1526466640067796,3.7400608811649714,0.2,0.5347506534110297,1.831999999999931,1
148,46,82,445,1448,1893,stranger,2.2392544514920316,3.7400608811649714,0.2,0.5347506534110297,1.893,0
148,47,82,445,1448,1893,self,8.439678441515733,3.7400608811649714,0.2,0.5347506534110297,0.4830000000000002,1
148,48,82,445,1448,1893,stranger,3.2590724864794693,3.7400608811649714,0.2,0.5347506534110297,0.8070000000000004,1
148,49,82,445,1448,1893,self,7.786030333359974,3.7400608811649714,0.2,0.5347506534110297,0.6450000000000004,1
148,50,82,445,1448,1893,self,8.408160837433416,3.7400608811649714,0.2,0.5347506534110297,0.6400000000000003,1
148,51,82,445,1448,1893,stranger,2.2487792296490268,3.7400608811649714,0.2,0.5347506534110297,1.0850000000000006,1
148,52,82,445,1448,1893,stranger,2.090266489194047,3.7400608811649714,0.2,0.5347506534110297,2.102999999999901,1
148,53,82,445,1448,1893,self,7.720101489706397,3.7400608811649714,0.2,0.5347506534110297,0.6030000000000003,1
148,54,82,445,1448,1893,self,7.023309232270936,3.7400608811649714,0.2,0.5347506534110297,0.6040000000000003,1
148,55,82,445,1448,1893,self,7.893427038283635,3.7400608811649714,0.2,0.5347506534110297,0.6840000000000004,1
148,56,82,445,1448,1893,stranger,1.920983830297807,3.7400608811649714,0.2,0.5347506534110297,1.4459999999999735,1
148,57,82,445,1448,1893,stranger,2.4420091338618453,3.7400608811649714,0.2,0.5347506534110297,1.3449999999999847,1
148,58,82,445,1448,1893,self,7.92870139737383,3.7400608811649714,0.2,0.5347506534110297,0.5440000000000003,1
148,59,82,445,1448,1893,stranger,1.6388386756633533,3.7400608811649714,0.2,0.5347506534110297,1.9069999999999228,1
148,60,82,445,1448,1893,self,8.136180808737832,3.7400608811649714,0.2,0.5347506534110297,0.5160000000000002,1
149,1,26,108,800,908,self,0.9503916071864666,4.001527326539912,0.2,0.4998091570523857,0.908,0
149,2,26,108,800,908,stranger,-0.8089353151614413,4.001527326539912,0.2,0.4998091570523857,1.0980000000000008,0
149,3,26,108,800,908,self,2.4632566957938207,4.001527326539912,0.2,0.4998091570523857,1.7429999999999408,1
149,4,26,108,800,908,stranger,-0.7082721134048185,4.001527326539912,0.2,0.4998091570523857,0.25200000000000006,0
149,5,26,108,800,908,self,1.243268846992501,4.001527326539912,0.2,0.4998091570523857,0.40600000000000014,0
149,6,26,108,800,908,stranger,-0.8740747154307407,4.001527326539912,0.2,0.4998091570523857,0.908,0
149,7,26,108,800,908,stranger,-0.531261615953661,4.001527326539912,0.2,0.4998091570523857,0.2810000000000001,0
149,8,26,108,800,908,stranger,-0.9195000635870627,4.001527326539912,0.2,0.4998091570523857,1.9939999999999132,0
149,9,26,108,800,908,stranger,-1.6714662899404966,4.001527326539912,0.2,0.4998091570523857,0.3210000000000001,0
149,10,26,108,800,908,self,1.2975856265465997,4.001527326539912,0.2,0.4998091570523857,1.8749999999999263,1
149,11,26,108,800,908,stranger,-0.17139942996100732,4.001527326539912,0.2,0.4998091570523857,0.908,0
149,12,26,108,800,908,stranger,-1.233936599573585,4.001527326539912,0.2,0.4998091570523857,0.7160000000000004,0
149,13,26,108,800,908,self,0.8286192272939763,4.001527326539912,0.2,0.4998091570523857,0.908,0
149,14,26,108,800,908,self,1.8143315868806513,4.001527326539912,0.2,0.4998091570523857,0.908,0
149,15,26,108,800,908,self,1.762424669702222,4.001527326539912,0.2,0.4998091570523857,0.908,0
149,16,26,108,800,908,stranger,-0.19173054067445428,4.001527326539912,0.2,0.4998091570523857,0.3770000000000001,0
149,17,26,108,800,908,stranger,-1.787402168210807,4.001527326539912,0.2,0.4998091570523857,0.39700000000000013,0
149,18,26,108,800,908,stranger,0.05173309300658557,4.001527326539912,0.2,0.4998091570523857,0.42900000000000016,0
149,19,26,108,800,908,stranger,-2.3258921740720884,4.001527326539912,0.2,0.4998091570523857,0.9440000000000006,0
149,20,26,108,800,908,self,1.9078498847634546,4.001527326539912,0.2,0.4998091570523857,0.908,0
149,21,26,108,800,908,stranger,-0.5375633788658154,4.001527326539912,0.2,0.4998091570523857,1.6399999999999522,0
149,22,26,108,800,908,self,1.7995970234351661,4.001527326539912,0.2,0.4998091570523857,0.3550000000000001,0
149,23,26,108,800,908,stranger,-0.3883486918922241,4.001527326539912,0.2,0.4998091570523857,0.40300000000000014,0
149,24,26,108,800,908,self,1.842334439047407,4.001527326539912,0.2,0.4998091570523857,1.995999999999913,1
149,25,26,108,800,908,stranger,-1.0733748276861945,4.001527326539912,0.2,0.4998091570523857,0.3180000000000001,0
149,26,26,108,800,908,self,2.0578178250879553,4.001527326539912,0.2,0.4998091570523857,1.5199999999999654,1
149,27,26,108,800,908,stranger,-0.18021809169066128,4.001527326539912,0.2,0.4998091570523857,0.5310000000000002,0
149,28,26,108,800,908,self,2.071215708280209,4.001527326539912,0.2,0.4998091570523857,0.26700000000000007,0
149,29,26,108,800,908,self,1.638291877089475,4.001527326539912,0.2,0.4998091570523857,0.3780000000000001,0
149,30,26,108,800,908,self,1.1881387933567442,4.001527326539912,0.2,0.4998091570523857,0.5090000000000002,0
149,31,26,108,800,908,self,1.6790489761991254,4.001527326539912,0.2,0.4998091570523857,0.26500000000000007,0
149,32,26,108,800,908,self,2.236477891024564,4.001527326539912,0.2,0.4998091570523857,1.496999999999968,1
149,33,26,108,800,908,self,2.196328773029191,4.001527326539912,0.2,0.4998091570523857,2.1569999999998952,1
149,34,26,108,800,908,stranger,-0.6504596562456552,4.001527326539912,0.2,0.4998091570523857,0.8970000000000005,0
149,35,26,108,800,908,stranger,-0.5806438987332596,4.001527326539912,0.2,0.4998091570523857,0.908,0
149,36,26,108,800,908,self,2.14472357921483,4.001527326539912,0.2,0.4998091570523857,1.6449999999999516,1
149,37,26,108,800,908,stranger,-1.2050201715028668,4.001527326539912,0.2,0.4998091570523857,0.9600000000000006,0
149,38,26,108,800,908,self,2.3452306576224013,4.001527326539912,0.2,0.4998091570523857,1.5699999999999599,1
149,39,26,108,800,908,self,1.4742218890716798,4.001527326539912,0.2,0.4998091570523857,2.078999999999904,1
149,40,26,108,800,908,stranger,-0.7491706508477954,4.001527326539912,0.2,0.4998091570523857,0.6010000000000003,0
149,41,26,108,800,908,stranger,-0.07784669634424768,4.001527326539912,0.2,0.4998091570523857,0.4860000000000002,0
149,42,26,108,800,908,self,1.5688851544557658,4.001527326539912,0.2,0.4998091570523857,0.44100000000000017,0
149,43,26,108,800,908,stranger,-1.213821183059168,4.001527326539912,0.2,0.4998091570523857,0.6790000000000004,0
149,44,26,108,800,908,self,1.1049934000690045,4.001527326539912,0.2,0.4998091570523857,0.7040000000000004,0
149,45,26,108,800,908,stranger,-1.1220323876243505,4.001527326539912,0.2,0.4998091570523857,1.3439999999999848,0
149,46,26,108,800,908,self,2.0582424637328836,4.001527326539912,0.2,0.4998091570523857,1.1160000000000008,1
149,47,26,108,800,908,self,1.762568310686874,4.001527326539912,0.2,0.4998091570523857,0.908,0
149,48,26,108,800,908,stranger,-0.6141785157648315,4.001527326539912,0.2,0.4998091570523857,1.0980000000000008,0
149,49,26,108,800,908,self,2.091346706976243,4.001527326539912,0.2,0.4998091570523857,1.213999999999999,1
149,50,26,108,800,908,self,1.8643256669296289,4.001527326539912,0.2,0.4998091570523857,0.908,0
149,51,26,108,800,908,stranger,-1.0315610380449642,4.001527326539912,0.2,0.4998091570523857,0.4790000000000002,0
149,52,26,108,800,908,stranger,-1.16463382320413,4.001527326539912,0.2,0.4998091570523857,0.43300000000000016,0
149,53,26,108,800,908,stranger,-0.4795515407816371,4.001527326539912,0.2,0.4998091570523857,0.4650000000000002,0
149,54,26,108,800,908,self,2.0341883904962375,4.001527326539912,0.2,0.4998091570523857,2.0349999999999087,1
149,55,26,108,800,908,self,1.281934503562252,4.001527326539912,0.2,0.4998091570523857,1.1400000000000008,1
149,56,26,108,800,908,stranger,-1.1834047376412198,4.001527326539912,0.2,0.4998091570523857,0.6720000000000004,0
149,57,26,108,800,908,stranger,-1.0809029777898858,4.001527326539912,0.2,0.4998091570523857,0.3370000000000001,0
149,58,26,108,800,908,self,1.7424350535189097,4.001527326539912,0.2,0.4998091570523857,0.908,0
149,59,26,108,800,908,stranger,-1.2048190278885755,4.001527326539912,0.2,0.4998091570523857,0.5150000000000002,0
149,60,26,108,800,908,self,1.8661283178952588,4.001527326539912,0.2,0.4998091570523857,1.858999999999928,1
150,1,9,133,1410,1543,self,2.7951501116921995,3.9288392854965077,0.2,0.509056200741805,1.4989999999999677,1
150,2,9,133,1410,1543,self,2.336453799904758,3.9288392854965077,0.2,0.509056200741805,1.0500000000000007,1
150,3,9,133,1410,1543,stranger,0.8858145372968853,3.9288392854965077,0.2,0.509056200741805,0.5730000000000003,0
150,4,9,133,1410,1543,stranger,1.0222469049381706,3.9288392854965077,0.2,0.509056200741805,1.3639999999999826,0
150,5,9,133,1410,1543,stranger,0.3032432824258015,3.9288392854965077,0.2,0.509056200741805,0.3690000000000001,0
150,6,9,133,1410,1543,stranger,0.5547166875826748,3.9288392854965077,0.2,0.509056200741805,1.543,0
150,7,9,133,1410,1543,stranger,0.5666239626793659,3.9288392854965077,0.2,0.509056200741805,1.4169999999999767,0
150,8,9,133,1410,1543,stranger,0.16660853043358265,3.9288392854965077,0.2,0.509056200741805,1.7269999999999426,1
150,9,9,133,1410,1543,self,2.4543782368896663,3.9288392854965077,0.2,0.509056200741805,1.0240000000000007,1
150,10,9,133,1410,1543,self,2.5531817656321074,3.9288392854965077,0.2,0.509056200741805,1.4019999999999784,1
150,11,9,133,1410,1543,self,2.8092561967904217,3.9288392854965077,0.2,0.509056200741805,1.0250000000000006,1
150,12,9,133,1410,1543,self,2.845463317247493,3.9288392854965077,0.2,0.509056200741805,1.685999999999947,1
150,13,9,133,1410,1543,stranger,0.3769216119551891,3.9288392854965077,0.2,0.509056200741805,0.6870000000000004,0
150,14,9,133,1410,1543,stranger,0.33202406454753947,3.9288392854965077,0.2,0.509056200741805,1.0950000000000006,0
150,15,9,133,1410,1543,stranger,0.43123484813098434,3.9288392854965077,0.2,0.509056200741805,0.3190000000000001,0
150,16,9,133,1410,1543,self,2.109420779550858,3.9288392854965077,0.2,0.509056200741805,1.543,0
150,17,9,133,1410,1543,stranger,1.3810651839704913,3.9288392854965077,0.2,0.509056200741805,1.8169999999999327,1
150,18,9,133,1410,1543,stranger,1.8779167428781387,3.9288392854965077,0.2,0.509056200741805,1.8199999999999323,1
150,19,9,133,1410,1543,self,2.3201312523904534,3.9288392854965077,0.2,0.509056200741805,0.3580000000000001,0
150,20,9,133,1410,1543,self,2.385117729565464,3.9288392854965077,0.2,0.509056200741805,1.543,0
150,21,9,133,1410,1543,self,3.3580439018838546,3.9288392854965077,0.2,0.509056200741805,1.287999999999991,1
150,22,9,133,1410,1543,self,2.809554861304051,3.9288392854965077,0.2,0.509056200741805,1.5999999999999566,1
150,23,9,133,1410,1543,stranger,0.5487459699572514,3.9288392854965077,0.2,0.509056200741805,1.5739999999999594,0
150,24,9,133,1410,1543,stranger,0.8051108938048859,3.9288392854965077,0.2,0.509056200741805,1.2429999999999959,1
150,25,9,133,1410,1543,stranger,1.2084365782889286,3.9288392854965077,0.2,0.509056200741805,1.543,0
150,26,9,133,1410,1543,self,2.6558066156030797,3.9288392854965077,0.2,0.509056200741805,1.9119999999999222,1
150,27,9,133,1410,1543,self,1.4426118508344492,3.9288392854965077,0.2,0.509056200741805,0.8340000000000005,0
150,28,9,133,1410,1543,stranger,-0.5116771813654402,3.9288392854965077,0.2,0.509056200741805,0.2720000000000001,0
150,29,9,133,1410,1543,self,2.8728742195339345,3.9288392854965077,0.2,0.509056200741805,0.3360000000000001,0
150,30,9,133,1410,1543,stranger,0.7944830668652056,3.9288392854965077,0.2,0.509056200741805,0.3430000000000001,0
150,31,9,133,1410,1543,self,3.117791309144899,3.9288392854965077,0.2,0.509056200741805,1.349999999999984,1
150,32,9,133,1410,1543,self,3.078394022367748,3.9288392854965077,0.2,0.509056200741805,1.4669999999999712,1
150,33,9,133,1410,1543,stranger,1.0721329754191138,3.9288392854965077,0.2,0.509056200741805,1.543,0
150,34,9,133,1410,1543,self,2.5342903585216883,3.9288392854965077,0.2,0.509056200741805,1.3669999999999822,1
150,35,9,133,1410,1543,self,2.5370675413737525,3.9288392854965077,0.2,0.509056200741805,1.9009999999999234,1
150,36,9,133,1410,1543,self,2.200775848993877,3.9288392854965077,0.2,0.509056200741805,1.7569999999999393,1
150,37,9,133,1410,1543,self,2.512703602510748,3.9288392854965077,0.2,0.509056200741805,1.1340000000000008,1
150,38,9,133,1410,1543,stranger,0.23597311300364404,3.9288392854965077,0.2,0.509056200741805,1.650999999999951,1
150,39,9,133,1410,1543,stranger,1.0369794210073764,3.9288392854965077,0.2,0.509056200741805,1.543,0
150,40,9,133,1410,1543,stranger,0.13814414267125102,3.9288392854965077,0.2,0.509056200741805,0.7390000000000003,0
150,41,9,133,1410,1543,self,2.848048077508986,3.9288392854965077,0.2,0.509056200741805,0.9790000000000005,1
150,42,9,133,1410,1543,stranger,0.27199618115715535,3.9288392854965077,0.2,0.509056200741805,1.543,0
150,43,9,133,1410,1543,stranger,-0.019957956268589205,3.9288392854965077,0.2,0.509056200741805,0.7170000000000003,0
150,44,9,133,1410,1543,self,2.369029407054078,3.9288392854965077,0.2,0.509056200741805,0.2860000000000001,0
150,45,9,133,1410,1543,stranger,1.0115466262884172,3.9288392854965077,0.2,0.509056200741805,1.543,0
150,46,9,133,1410,1543,stranger,0.42150637362625426,3.9288392854965077,0.2,0.509056200741805,0.2860000000000001,0
150,47,9,133,1410,1543,self,2.2989773818844066,3.9288392854965077,0.2,0.509056200741805,1.3039999999999892,1
150,48,9,133,1410,1543,stranger,0.6704544021877259,3.9288392854965077,0.2,0.509056200741805,1.543,0
150,49,9,133,1410,1543,stranger,0.943290137853307,3.9288392854965077,0.2,0.509056200741805,0.25800000000000006,0
150,50,9,133,1410,1543,self,2.199897570577624,3.9288392854965077,0.2,0.509056200741805,1.968999999999916,1
150,51,9,133,1410,1543,self,3.4828977409988706,3.9288392854965077,0.2,0.509056200741805,0.7350000000000003,1
150,52,9,133,1410,1543,self,2.6744185920924033,3.9288392854965077,0.2,0.509056200741805,1.1830000000000007,1
150,53,9,133,1410,1543,self,2.2520451683695044,3.9288392854965077,0.2,0.509056200741805,1.543,0
150,54,9,133,1410,1543,self,2.7360958146523395,3.9288392854965077,0.2,0.509056200741805,0.9830000000000005,1
150,55,9,133,1410,1543,stranger,0.2864294890503869,3.9288392854965077,0.2,0.509056200741805,1.74999999999994,0
150,56,9,133,1410,1543,stranger,-0.1624971559770758,3.9288392854965077,0.2,0.509056200741805,1.543,0
150,57,9,133,1410,1543,self,2.823027664254745,3.9288392854965077,0.2,0.509056200741805,0.9480000000000006,1
150,58,9,133,1410,1543,stranger,0.8316621913414114,3.9288392854965077,0.2,0.509056200741805,1.2249999999999979,0
150,59,9,133,1410,1543,self,1.477715014038112,3.9288392854965077,0.2,0.509056200741805,1.7399999999999411,1
150,60,9,133,1410,1543,stranger,1.3385877928134704,3.9288392854965077,0.2,0.509056200741805,1.4649999999999714,1
151,1,35,334,487,821,stranger,1.4184876622515739,3.7533273378466956,0.2,0.5328605314631073,0.8210000000000001,0
151,2,35,334,487,821,stranger,2.1300375636014723,3.7533273378466956,0.2,0.5328605314631073,1.1530000000000007,1
151,3,35,334,487,821,stranger,1.3872380546229461,3.7533273378466956,0.2,0.5328605314631073,0.6100000000000003,0
151,4,35,334,487,821,stranger,1.5383034539613274,3.7533273378466956,0.2,0.5328605314631073,0.3830000000000001,0
151,5,35,334,487,821,self,6.8507656274916,3.7533273378466956,0.2,0.5328605314631073,0.8150000000000004,1
151,6,35,334,487,821,self,6.465969584293984,3.7533273378466956,0.2,0.5328605314631073,0.7200000000000004,1
151,7,35,334,487,821,self,6.350737863790418,3.7533273378466956,0.2,0.5328605314631073,0.7370000000000003,1
151,8,35,334,487,821,self,6.650243869974245,3.7533273378466956,0.2,0.5328605314631073,0.7150000000000003,1
151,9,35,334,487,821,stranger,1.8002271791971167,3.7533273378466956,0.2,0.5328605314631073,1.5289999999999644,1
151,10,35,334,487,821,stranger,0.9260928985880958,3.7533273378466956,0.2,0.5328605314631073,0.8210000000000001,0
151,11,35,334,487,821,stranger,0.07396642973687012,3.7533273378466956,0.2,0.5328605314631073,0.2970000000000001,0
151,12,35,334,487,821,self,7.2803355841231525,3.7533273378466956,0.2,0.5328605314631073,0.6490000000000004,1
151,13,35,334,487,821,stranger,0.4736175351874952,3.7533273378466956,0.2,0.5328605314631073,0.8210000000000001,0
151,14,35,334,487,821,self,6.572006283805512,3.7533273378466956,0.2,0.5328605314631073,0.9360000000000006,1
151,15,35,334,487,821,self,6.673502803955417,3.7533273378466956,0.2,0.5328605314631073,0.7120000000000004,1
151,16,35,334,487,821,stranger,1.829204166515563,3.7533273378466956,0.2,0.5328605314631073,1.7879999999999359,1
151,17,35,334,487,821,self,8.003806570489754,3.7533273378466956,0.2,0.5328605314631073,0.5460000000000003,1
151,18,35,334,487,821,self,6.196097208752191,3.7533273378466956,0.2,0.5328605314631073,0.5950000000000003,1
151,19,35,334,487,821,stranger,1.4035274154098691,3.7533273378466956,0.2,0.5328605314631073,1.7119999999999442,1
151,20,35,334,487,821,self,6.533920094997067,3.7533273378466956,0.2,0.5328605314631073,0.8880000000000006,1
151,21,35,334,487,821,self,6.704959824306815,3.7533273378466956,0.2,0.5328605314631073,0.5880000000000003,1
151,22,35,334,487,821,self,7.384605927643785,3.7533273378466956,0.2,0.5328605314631073,0.6080000000000003,1
151,23,35,334,487,821,self,6.502104645060001,3.7533273378466956,0.2,0.5328605314631073,0.5830000000000003,1
151,24,35,334,487,821,self,7.212105374601933,3.7533273378466956,0.2,0.5328605314631073,0.5050000000000002,1
151,25,35,334,487,821,stranger,1.0421405058737405,3.7533273378466956,0.2,0.5328605314631073,1.3199999999999874,1
151,26,35,334,487,821,self,6.297788663206928,3.7533273378466956,0.2,0.5328605314631073,0.8500000000000005,1
151,27,35,334,487,821,stranger,1.8074024508038835,3.7533273378466956,0.2,0.5328605314631073,1.649999999999951,1
151,28,35,334,487,821,stranger,0.8598617171279546,3.7533273378466956,0.2,0.5328605314631073,0.40000000000000013,0
151,29,35,334,487,821,stranger,1.1794790044649466,3.7533273378466956,0.2,0.5328605314631073,1.8279999999999315,1
151,30,35,334,487,821,stranger,2.0693051639715936,3.7533273378466956,0.2,0.5328605314631073,0.8210000000000001,0
151,31,35,334,487,821,stranger,2.140880337788585,3.7533273378466956,0.2,0.5328605314631073,1.1250000000000007,1
151,32,35,334,487,821,stranger,1.5661714023366107,3.7533273378466956,0.2,0.5328605314631073,1.7649999999999384,1
151,33,35,334,487,821,self,6.706752481364793,3.7533273378466956,0.2,0.5328605314631073,0.7530000000000003,1
151,34,35,334,487,821,self,6.317047823357358,3.7533273378466956,0.2,0.5328605314631073,0.7550000000000003,1
151,35,35,334,487,821,self,6.582919281954,3.7533273378466956,0.2,0.5328605314631073,0.5310000000000002,1
151,36,35,334,487,821,self,5.98057521819323,3.7533273378466956,0.2,0.5328605314631073,0.7900000000000005,1
151,37,35,334,487,821,stranger,1.2116711736494579,3.7533273378466956,0.2,0.5328605314631073,1.2719999999999927,1
151,38,35,334,487,821,self,7.239165694605317,3.7533273378466956,0.2,0.5328605314631073,0.6070000000000003,1
151,39,35,334,487,821,stranger,0.6961552493950902,3.7533273378466956,0.2,0.5328605314631073,0.6440000000000003,0
151,40,35,334,487,821,stranger,0.8600482767476629,3.7533273378466956,0.2,0.5328605314631073,2.1079999999999006,1
151,41,35,334,487,821,stranger,1.5269973059700959,3.7533273378466956,0.2,0.5328605314631073,0.7820000000000005,1
151,42,35,334,487,821,self,7.198664454743503,3.7533273378466956,0.2,0.5328605314631073,0.6010000000000003,1
151,43,35,334,487,821,stranger,2.288097446308849,3.7533273378466956,0.2,0.5328605314631073,0.26800000000000007,0
151,44,35,334,487,821,self,6.31422680653908,3.7533273378466956,0.2,0.5328605314631073,0.7410000000000003,1
151,45,35,334,487,821,self,6.503722752685106,3.7533273378466956,0.2,0.5328605314631073,0.6290000000000003,1
151,46,35,334,487,821,stranger,0.9624228388728266,3.7533273378466956,0.2,0.5328605314631073,0.8210000000000001,0
151,47,35,334,487,821,stranger,1.554871616757673,3.7533273378466956,0.2,0.5328605314631073,1.7349999999999417,1
151,48,35,334,487,821,stranger,1.2290027642060333,3.7533273378466956,0.2,0.5328605314631073,0.8210000000000001,0
151,49,35,334,487,821,stranger,1.7410246287961975,3.7533273378466956,0.2,0.5328605314631073,1.6189999999999545,1
151,50,35,334,487,821,self,5.8197356523554955,3.7533273378466956,0.2,0.5328605314631073,0.9300000000000006,1
151,51,35,334,487,821,self,6.749398669101047,3.7533273378466956,0.2,0.5328605314631073,0.6920000000000004,1
151,52,35,334,487,821,self,5.7216085540364725,3.7533273378466956,0.2,0.5328605314631073,0.7730000000000004,1
151,53,35,334,487,821,self,5.946386490001079,3.7533273378466956,0.2,0.5328605314631073,0.6180000000000003,1
151,54,35,334,487,821,self,6.416932051812741,3.7533273378466956,0.2,0.5328605314631073,0.8900000000000006,1
151,55,35,334,487,821,stranger,1.7233567972769954,3.7533273378466956,0.2,0.5328605314631073,1.8389999999999302,1
151,56,35,334,487,821,self,7.048047822486619,3.7533273378466956,0.2,0.5328605314631073,0.4720000000000002,1
151,57,35,334,487,821,stranger,2.4075307990854924,3.7533273378466956,0.2,0.5328605314631073,1.7009999999999454,1
151,58,35,334,487,821,stranger,1.9845752254301658,3.7533273378466956,0.2,0.5328605314631073,0.8210000000000001,0
151,59,35,334,487,821,self,6.370508899413828,3.7533273378466956,0.2,0.5328605314631073,0.5810000000000003,1
151,60,35,334,487,821,stranger,2.374263920419575,3.7533273378466956,0.2,0.5328605314631073,1.2489999999999952,1
152,1,14,55,616,671,stranger,-0.558437035121816,2.75915789697475,0.2,0.7248588426899668,0.3810000000000001,0
152,2,14,55,616,671,self,0.24331342759372632,2.75915789697475,0.2,0.7248588426899668,1.3489999999999842,0
152,3,14,55,616,671,self,1.060878216245389,2.75915789697475,0.2,0.7248588426899668,1.4919999999999685,1
152,4,14,55,616,671,self,0.9713228584722686,2.75915789697475,0.2,0.7248588426899668,1.2030000000000003,1
152,5,14,55,616,671,self,0.6902628147013363,2.75915789697475,0.2,0.7248588426899668,0.5620000000000003,0
152,6,14,55,616,671,stranger,-0.2925982499059454,2.75915789697475,0.2,0.7248588426899668,0.671,0
152,7,14,55,616,671,self,0.7688762243988527,2.75915789697475,0.2,0.7248588426899668,0.671,0
152,8,14,55,616,671,stranger,-0.2558307675306113,2.75915789697475,0.2,0.7248588426899668,0.4890000000000002,0
152,9,14,55,616,671,stranger,0.4655930732674791,2.75915789697475,0.2,0.7248588426899668,0.6520000000000004,0
152,10,14,55,616,671,stranger,0.3109678991120811,2.75915789697475,0.2,0.7248588426899668,0.4450000000000002,0
152,11,14,55,616,671,stranger,0.5518895915248068,2.75915789697475,0.2,0.7248588426899668,0.671,0
152,12,14,55,616,671,self,1.6877263700321965,2.75915789697475,0.2,0.7248588426899668,1.1020000000000008,1
152,13,14,55,616,671,stranger,0.1929254902681259,2.75915789697475,0.2,0.7248588426899668,0.5560000000000003,0
152,14,14,55,616,671,stranger,-0.20651364633782032,2.75915789697475,0.2,0.7248588426899668,0.3750000000000001,0
152,15,14,55,616,671,self,0.5055063172813901,2.75915789697475,0.2,0.7248588426899668,1.777999999999937,1
152,16,14,55,616,671,self,1.1882756398326315,2.75915789697475,0.2,0.7248588426899668,0.6000000000000003,0
152,17,14,55,616,671,stranger,-0.6782866495360234,2.75915789697475,0.2,0.7248588426899668,1.3159999999999878,0
152,18,14,55,616,671,self,1.515125082313176,2.75915789697475,0.2,0.7248588426899668,0.671,0
152,19,14,55,616,671,stranger,0.2726631424219321,2.75915789697475,0.2,0.7248588426899668,0.3930000000000001,0
152,20,14,55,616,671,stranger,-0.21758762419947664,2.75915789697475,0.2,0.7248588426899668,0.4710000000000002,0
152,21,14,55,616,671,self,0.2775563395533114,2.75915789697475,0.2,0.7248588426899668,0.671,0
152,22,14,55,616,671,self,0.4384613234990836,2.75915789697475,0.2,0.7248588426899668,1.622999999999954,1
152,23,14,55,616,671,stranger,-0.4767560292161285,2.75915789697475,0.2,0.7248588426899668,0.671,0
152,24,14,55,616,671,stranger,-0.5155913953317588,2.75915789697475,0.2,0.7248588426899668,0.671,0
152,25,14,55,616,671,stranger,0.08182649729929503,2.75915789697475,0.2,0.7248588426899668,1.1890000000000007,0
152,26,14,55,616,671,self,1.2453222728311693,2.75915789697475,0.2,0.7248588426899668,1.3029999999999893,1
152,27,14,55,616,671,self,1.4024152332373192,2.75915789697475,0.2,0.7248588426899668,0.9470000000000005,1
152,28,14,55,616,671,self,1.1943091608796603,2.75915789697475,0.2,0.7248588426899668,0.671,0
152,29,14,55,616,671,self,1.6780990281761712,2.75915789697475,0.2,0.7248588426899668,0.7820000000000005,1
152,30,14,55,616,671,stranger,-1.015182546678665,2.75915789697475,0.2,0.7248588426899668,1.9549999999999175,1
152,31,14,55,616,671,stranger,0.16869750427735253,2.75915789697475,0.2,0.7248588426899668,0.3010000000000001,0
152,32,14,55,616,671,stranger,-0.5141018083510269,2.75915789697475,0.2,0.7248588426899668,0.4750000000000002,0
152,33,14,55,616,671,stranger,0.525519632783656,2.75915789697475,0.2,0.7248588426899668,0.671,0
152,34,14,55,616,671,stranger,-0.1254718802523868,2.75915789697475,0.2,0.7248588426899668,1.5039999999999671,1
152,35,14,55,616,671,stranger,-0.2106459097970383,2.75915789697475,0.2,0.7248588426899668,0.7560000000000004,1
152,36,14,55,616,671,stranger,-0.10959353866411725,2.75915789697475,0.2,0.7248588426899668,0.7820000000000005,0
152,37,14,55,616,671,self,1.2180918470079538,2.75915789697475,0.2,0.7248588426899668,1.0360000000000007,1
152,38,14,55,616,671,stranger,-0.8468364387350791,2.75915789697475,0.2,0.7248588426899668,0.6500000000000004,0
152,39,14,55,616,671,self,1.1318616907924055,2.75915789697475,0.2,0.7248588426899668,0.671,0
152,40,14,55,616,671,stranger,-0.5005138099267123,2.75915789697475,0.2,0.7248588426899668,0.4550000000000002,0
152,41,14,55,616,671,self,1.916422463858138,2.75915789697475,0.2,0.7248588426899668,1.2399999999999962,1
152,42,14,55,616,671,self,0.6415602645989815,2.75915789697475,0.2,0.7248588426899668,0.671,0
152,43,14,55,616,671,self,0.9102767453677125,2.75915789697475,0.2,0.7248588426899668,2.0199999999999103,1
152,44,14,55,616,671,self,1.3783280008631456,2.75915789697475,0.2,0.7248588426899668,0.9130000000000005,1
152,45,14,55,616,671,self,1.1096933263698703,2.75915789697475,0.2,0.7248588426899668,0.6910000000000004,0
152,46,14,55,616,671,self,1.4876782646634057,2.75915789697475,0.2,0.7248588426899668,0.671,0
152,47,14,55,616,671,self,1.109938994122888,2.75915789697475,0.2,0.7248588426899668,0.671,0
152,48,14,55,616,671,stranger,-0.09216712493326157,2.75915789697475,0.2,0.7248588426899668,1.5309999999999642,1
152,49,14,55,616,671,stranger,-0.8651130120728066,2.75915789697475,0.2,0.7248588426899668,1.0130000000000006,0
152,50,14,55,616,671,self,0.3026354468700081,2.75915789697475,0.2,0.7248588426899668,0.8190000000000004,0
152,51,14,55,616,671,stranger,-0.4249787367356039,2.75915789697475,0.2,0.7248588426899668,1.4039999999999782,0
152,52,14,55,616,671,self,1.1441815009562102,2.75915789697475,0.2,0.7248588426899668,2.1429999999998968,1
152,53,14,55,616,671,stranger,0.15630415324999514,2.75915789697475,0.2,0.7248588426899668,0.4800000000000002,0
152,54,14,55,616,671,stranger,-0.22019701267263847,2.75915789697475,0.2,0.7248588426899668,0.671,0
152,55,14,55,616,671,self,2.276243594279559,2.75915789697475,0.2,0.7248588426899668,1.6279999999999535,1
152,56,14,55,616,671,stranger,-0.4598455226935828,2.75915789697475,0.2,0.7248588426899668,1.1030000000000006,0
152,57,14,55,616,671,self,1.0238960474104184,2.75915789697475,0.2,0.7248588426899668,0.5900000000000003,1
152,58,14,55,616,671,stranger,-0.4075052140076727,2.75915789697475,0.2,0.7248588426899668,0.3420000000000001,0
152,59,14,55,616,671,self,-0.48341308556658724,2.75915789697475,0.2,0.7248588426899668,0.671,0
152,60,14,55,616,671,self,1.4915670044210199,2.75915789697475,0.2,0.7248588426899668,1.6559999999999504,1
153,1,131,556,535,1091,self,7.2536757086545345,3.986566552401621,0.2,0.5016848392497406,0.7750000000000004,1
153,2,131,556,535,1091,self,7.210920982095678,3.986566552401621,0.2,0.5016848392497406,0.6680000000000004,1
153,3,131,556,535,1091,self,7.4009526588075705,3.986566552401621,0.2,0.5016848392497406,0.6750000000000004,1
153,4,131,556,535,1091,self,7.922428528417373,3.986566552401621,0.2,0.5016848392497406,0.6510000000000004,1
153,5,131,556,535,1091,stranger,1.6218059573443604,3.986566552401621,0.2,0.5016848392497406,1.5309999999999642,1
153,6,131,556,535,1091,stranger,1.6732339120341926,3.986566552401621,0.2,0.5016848392497406,1.3089999999999886,1
153,7,131,556,535,1091,self,6.889911053705861,3.986566552401621,0.2,0.5016848392497406,0.6760000000000004,1
153,8,131,556,535,1091,self,6.89250675845534,3.986566552401621,0.2,0.5016848392497406,0.7600000000000005,1
153,9,131,556,535,1091,stranger,1.7870981610855667,3.986566552401621,0.2,0.5016848392497406,1.7129999999999441,1
153,10,131,556,535,1091,self,8.140377146015796,3.986566552401621,0.2,0.5016848392497406,0.6290000000000003,1
153,11,131,556,535,1091,self,7.331146407143474,3.986566552401621,0.2,0.5016848392497406,0.6310000000000003,1
153,12,131,556,535,1091,stranger,1.4686737069400877,3.986566552401621,0.2,0.5016848392497406,1.9759999999999152,1
153,13,131,556,535,1091,stranger,1.2815000221950565,3.986566552401621,0.2,0.5016848392497406,0.33000000000000007,0
153,14,131,556,535,1091,self,6.451964830047042,3.986566552401621,0.2,0.5016848392497406,0.6560000000000004,1
153,15,131,556,535,1091,stranger,1.9128894151156783,3.986566552401621,0.2,0.5016848392497406,1.9759999999999152,1
153,16,131,556,535,1091,self,7.470153838496915,3.986566552401621,0.2,0.5016848392497406,0.6440000000000003,1
153,17,131,556,535,1091,stranger,2.1005980729340745,3.986566552401621,0.2,0.5016848392497406,1.091,0
153,18,131,556,535,1091,stranger,0.9263133330050817,3.986566552401621,0.2,0.5016848392497406,1.3579999999999832,1
153,19,131,556,535,1091,self,7.552939623304438,3.986566552401621,0.2,0.5016848392497406,0.6410000000000003,1
153,20,131,556,535,1091,stranger,1.3135134505009105,3.986566552401621,0.2,0.5016848392497406,0.9780000000000006,0
153,21,131,556,535,1091,stranger,1.8413519557954852,3.986566552401621,0.2,0.5016848392497406,1.7159999999999438,1
153,22,131,556,535,1091,stranger,1.5762525110708316,3.986566552401621,0.2,0.5016848392497406,1.7099999999999445,1
153,23,131,556,535,1091,stranger,1.7202787501575851,3.986566552401621,0.2,0.5016848392497406,0.5700000000000003,0
153,24,131,556,535,1091,self,7.751295295136377,3.986566552401621,0.2,0.5016848392497406,0.6580000000000004,1
153,25,131,556,535,1091,stranger,2.1662698537356335,3.986566552401621,0.2,0.5016848392497406,1.091,0
153,26,131,556,535,1091,stranger,2.3664197372245566,3.986566552401621,0.2,0.5016848392497406,1.3519999999999839,1
153,27,131,556,535,1091,self,7.066970543604369,3.986566552401621,0.2,0.5016848392497406,0.7140000000000004,1
153,28,131,556,535,1091,self,6.791222182328702,3.986566552401621,0.2,0.5016848392497406,0.7060000000000004,1
153,29,131,556,535,1091,self,7.62530266678442,3.986566552401621,0.2,0.5016848392497406,0.6150000000000003,1
153,30,131,556,535,1091,self,7.867469311674889,3.986566552401621,0.2,0.5016848392497406,0.6630000000000004,1
153,31,131,556,535,1091,stranger,1.9057959002988005,3.986566552401621,0.2,0.5016848392497406,1.4439999999999737,1
153,32,131,556,535,1091,self,7.250057982438492,3.986566552401621,0.2,0.5016848392497406,0.7360000000000004,1
153,33,131,556,535,1091,stranger,2.4327651892367057,3.986566552401621,0.2,0.5016848392497406,1.9089999999999225,1
153,34,131,556,535,1091,self,7.445662139272025,3.986566552401621,0.2,0.5016848392497406,0.7340000000000004,1
153,35,131,556,535,1091,stranger,1.2468812311719542,3.986566552401621,0.2,0.5016848392497406,1.759999999999939,1
153,36,131,556,535,1091,stranger,1.628635614166846,3.986566552401621,0.2,0.5016848392497406,0.6090000000000003,0
153,37,131,556,535,1091,self,8.401869786428758,3.986566552401621,0.2,0.5016848392497406,0.6130000000000003,1
153,38,131,556,535,1091,self,7.480230266934967,3.986566552401621,0.2,0.5016848392497406,0.7110000000000003,1
153,39,131,556,535,1091,self,7.492803076616924,3.986566552401621,0.2,0.5016848392497406,0.6610000000000004,1
153,40,131,556,535,1091,self,6.392924815741111,3.986566552401621,0.2,0.5016848392497406,0.6660000000000004,1
153,41,131,556,535,1091,stranger,0.6896143477665686,3.986566552401621,0.2,0.5016848392497406,0.41200000000000014,0
153,42,131,556,535,1091,stranger,2.5428394102207164,3.986566552401621,0.2,0.5016848392497406,1.304999999999989,1
153,43,131,556,535,1091,stranger,1.028910099165594,3.986566552401621,0.2,0.5016848392497406,1.091,0
153,44,131,556,535,1091,stranger,1.357826672351385,3.986566552401621,0.2,0.5016848392497406,1.091,0
153,45,131,556,535,1091,self,7.0041068152998545,3.986566552401621,0.2,0.5016848392497406,0.7740000000000005,1
153,46,131,556,535,1091,stranger,0.41069958881640073,3.986566552401621,0.2,0.5016848392497406,1.091,0
153,47,131,556,535,1091,stranger,1.605852755557503,3.986566552401621,0.2,0.5016848392497406,1.0790000000000006,1
153,48,131,556,535,1091,stranger,1.2647294326372422,3.986566552401621,0.2,0.5016848392497406,1.8799999999999257,1
153,49,131,556,535,1091,stranger,1.5962922981602403,3.986566552401621,0.2,0.5016848392497406,1.091,0
153,50,131,556,535,1091,self,7.916688633099835,3.986566552401621,0.2,0.5016848392497406,0.5980000000000003,1
153,51,131,556,535,1091,self,7.3478481210802515,3.986566552401621,0.2,0.5016848392497406,0.6770000000000004,1
153,52,131,556,535,1091,self,7.573583566690105,3.986566552401621,0.2,0.5016848392497406,0.5970000000000003,1
153,53,131,556,535,1091,stranger,2.4221940332413503,3.986566552401621,0.2,0.5016848392497406,2.002999999999912,1
153,54,131,556,535,1091,stranger,2.1372025833841604,3.986566552401621,0.2,0.5016848392497406,0.3550000000000001,0
153,55,131,556,535,1091,self,7.672507850726152,3.986566552401621,0.2,0.5016848392497406,0.8280000000000005,1
153,56,131,556,535,1091,self,6.6830708170282875,3.986566552401621,0.2,0.5016848392497406,0.7260000000000004,1
153,57,131,556,535,1091,stranger,2.0976826679321907,3.986566552401621,0.2,0.5016848392497406,1.859999999999928,1
153,58,131,556,535,1091,stranger,1.3457815095289152,3.986566552401621,0.2,0.5016848392497406,2.185999999999892,1
153,59,131,556,535,1091,self,6.287146817424184,3.986566552401621,0.2,0.5016848392497406,0.7580000000000005,1
153,60,131,556,535,1091,self,6.260364044878681,3.986566552401621,0.2,0.5016848392497406,0.6350000000000003,1
154,1,53,32,965,997,self,1.516609350831719,3.1176028922866053,0.2,0.6415185221146303,0.997,0
154,2,53,32,965,997,stranger,-0.5268236264431303,3.1176028922866053,0.2,0.6415185221146303,0.3860000000000001,0
154,3,53,32,965,997,self,1.907778682651875,3.1176028922866053,0.2,0.6415185221146303,1.2159999999999989,1
154,4,53,32,965,997,self,2.446366029492511,3.1176028922866053,0.2,0.6415185221146303,1.205,1
154,5,53,32,965,997,self,1.8539175437053577,3.1176028922866053,0.2,0.6415185221146303,1.7799999999999367,1
154,6,53,32,965,997,self,2.3048069425419726,3.1176028922866053,0.2,0.6415185221146303,0.7160000000000004,1
154,7,53,32,965,997,self,1.8286378882718224,3.1176028922866053,0.2,0.6415185221146303,1.2209999999999983,1
154,8,53,32,965,997,self,1.4472056397936606,3.1176028922866053,0.2,0.6415185221146303,1.7009999999999454,1
154,9,53,32,965,997,self,1.8171671391934199,3.1176028922866053,0.2,0.6415185221146303,1.650999999999951,1
154,10,53,32,965,997,self,1.6509688793883899,3.1176028922866053,0.2,0.6415185221146303,0.997,0
154,11,53,32,965,997,stranger,-0.12549714599746903,3.1176028922866053,0.2,0.6415185221146303,1.4839999999999693,0
154,12,53,32,965,997,stranger,0.38714847150266424,3.1176028922866053,0.2,0.6415185221146303,2.104999999999901,1
154,13,53,32,965,997,self,3.02778993974203,3.1176028922866053,0.2,0.6415185221146303,1.0230000000000006,1
154,14,53,32,965,997,self,1.916557101768222,3.1176028922866053,0.2,0.6415185221146303,0.8430000000000004,1
154,15,53,32,965,997,self,1.7655740450088762,3.1176028922866053,0.2,0.6415185221146303,0.8290000000000004,1
154,16,53,32,965,997,self,2.2438190194270846,3.1176028922866053,0.2,0.6415185221146303,1.641999999999952,1
154,17,53,32,965,997,stranger,-0.17316824006981635,3.1176028922866053,0.2,0.6415185221146303,0.8300000000000005,0
154,18,53,32,965,997,stranger,0.8526277923508241,3.1176028922866053,0.2,0.6415185221146303,0.2800000000000001,0
154,19,53,32,965,997,stranger,-0.014018968883658278,3.1176028922866053,0.2,0.6415185221146303,0.997,0
154,20,53,32,965,997,self,1.8147012272666614,3.1176028922866053,0.2,0.6415185221146303,1.350999999999984,1
154,21,53,32,965,997,stranger,0.382608488563363,3.1176028922866053,0.2,0.6415185221146303,0.5300000000000002,0
154,22,53,32,965,997,stranger,0.03010646543049489,3.1176028922866053,0.2,0.6415185221146303,0.6850000000000004,0
154,23,53,32,965,997,stranger,0.2757699940837947,3.1176028922866053,0.2,0.6415185221146303,0.6450000000000004,0
154,24,53,32,965,997,stranger,-0.3435760885237746,3.1176028922866053,0.2,0.6415185221146303,2.02099999999991,0
154,25,53,32,965,997,stranger,0.6145540645475069,3.1176028922866053,0.2,0.6415185221146303,1.8489999999999291,1
154,26,53,32,965,997,self,2.251756068173763,3.1176028922866053,0.2,0.6415185221146303,0.9030000000000005,1
154,27,53,32,965,997,stranger,0.835165991994131,3.1176028922866053,0.2,0.6415185221146303,1.8459999999999295,1
154,28,53,32,965,997,self,1.9659311365456582,3.1176028922866053,0.2,0.6415185221146303,1.4739999999999704,1
154,29,53,32,965,997,stranger,0.691791876643852,3.1176028922866053,0.2,0.6415185221146303,1.832999999999931,1
154,30,53,32,965,997,stranger,0.3218836092617943,3.1176028922866053,0.2,0.6415185221146303,0.43000000000000016,0
154,31,53,32,965,997,stranger,1.2535519007387732,3.1176028922866053,0.2,0.6415185221146303,1.3629999999999827,1
154,32,53,32,965,997,stranger,-0.09784923717411165,3.1176028922866053,0.2,0.6415185221146303,0.997,0
154,33,53,32,965,997,stranger,0.1268091604384584,3.1176028922866053,0.2,0.6415185221146303,1.0470000000000006,0
154,34,53,32,965,997,stranger,0.878957780931485,3.1176028922866053,0.2,0.6415185221146303,1.0650000000000006,1
154,35,53,32,965,997,stranger,0.34343955586567027,3.1176028922866053,0.2,0.6415185221146303,0.997,0
154,36,53,32,965,997,self,2.686606127837317,3.1176028922866053,0.2,0.6415185221146303,0.8930000000000005,1
154,37,53,32,965,997,stranger,0.956440096659291,3.1176028922866053,0.2,0.6415185221146303,1.1670000000000007,1
154,38,53,32,965,997,stranger,-0.12055900480638981,3.1176028922866053,0.2,0.6415185221146303,1.786999999999936,1
154,39,53,32,965,997,self,1.843450895187953,3.1176028922866053,0.2,0.6415185221146303,0.5060000000000002,0
154,40,53,32,965,997,self,1.4414156935888547,3.1176028922866053,0.2,0.6415185221146303,2.186999999999892,1
154,41,53,32,965,997,stranger,0.9519551832866426,3.1176028922866053,0.2,0.6415185221146303,0.3920000000000001,0
154,42,53,32,965,997,stranger,0.9264273192958719,3.1176028922866053,0.2,0.6415185221146303,0.24700000000000005,0
154,43,53,32,965,997,stranger,-0.6779861822977833,3.1176028922866053,0.2,0.6415185221146303,0.2880000000000001,0
154,44,53,32,965,997,self,2.686878023136175,3.1176028922866053,0.2,0.6415185221146303,0.8390000000000004,1
154,45,53,32,965,997,stranger,0.11817547742963491,3.1176028922866053,0.2,0.6415185221146303,0.39900000000000013,0
154,46,53,32,965,997,self,2.008859522522711,3.1176028922866053,0.2,0.6415185221146303,0.8240000000000005,1
154,47,53,32,965,997,self,1.8984671289259132,3.1176028922866053,0.2,0.6415185221146303,0.9730000000000005,1
154,48,53,32,965,997,self,2.5222833583924156,3.1176028922866053,0.2,0.6415185221146303,0.9940000000000007,1
154,49,53,32,965,997,self,2.228348533138837,3.1176028922866053,0.2,0.6415185221146303,1.9629999999999166,1
154,50,53,32,965,997,stranger,0.7877225240206807,3.1176028922866053,0.2,0.6415185221146303,0.997,0
154,51,53,32,965,997,self,2.046391997171781,3.1176028922866053,0.2,0.6415185221146303,1.2839999999999914,1
154,52,53,32,965,997,self,2.638520050570412,3.1176028922866053,0.2,0.6415185221146303,1.0900000000000007,1
154,53,53,32,965,997,stranger,-0.20687653306527404,3.1176028922866053,0.2,0.6415185221146303,0.41800000000000015,0
154,54,53,32,965,997,self,1.8387798241490967,3.1176028922866053,0.2,0.6415185221146303,1.2040000000000002,1
154,55,53,32,965,997,self,1.7058618181448022,3.1176028922866053,0.2,0.6415185221146303,0.8770000000000004,1
154,56,53,32,965,997,self,1.8962148283956188,3.1176028922866053,0.2,0.6415185221146303,1.1380000000000008,1
154,57,53,32,965,997,stranger,-0.07927817185088992,3.1176028922866053,0.2,0.6415185221146303,0.997,0
154,58,53,32,965,997,stranger,0.06055005861058055,3.1176028922866053,0.2,0.6415185221146303,0.6310000000000003,0
154,59,53,32,965,997,stranger,0.06895142428660656,3.1176028922866053,0.2,0.6415185221146303,1.240999999999996,1
154,60,53,32,965,997,self,2.2192652858874626,3.1176028922866053,0.2,0.6415185221146303,0.7230000000000003,1
155,1,84,396,1456,1852,stranger,2.178886930139014,3.4634073176051285,0.2,0.5774660086423091,0.8720000000000006,1
155,2,84,396,1456,1852,stranger,2.5049483347867056,3.4634073176051285,0.2,0.5774660086423091,1.5949999999999571,1
155,3,84,396,1456,1852,stranger,2.606986641983272,3.4634073176051285,0.2,0.5774660086423091,1.313999999999988,1
155,4,84,396,1456,1852,stranger,1.673566486988611,3.4634073176051285,0.2,0.5774660086423091,2.3559999999998738,1
155,5,84,396,1456,1852,stranger,3.1466441952242206,3.4634073176051285,0.2,0.5774660086423091,0.7570000000000003,1
155,6,84,396,1456,1852,stranger,2.0579972832252755,3.4634073176051285,0.2,0.5774660086423091,1.6129999999999551,1
155,7,84,396,1456,1852,self,8.501703021168815,3.4634073176051285,0.2,0.5774660086423091,0.6240000000000003,1
155,8,84,396,1456,1852,stranger,2.517961256173373,3.4634073176051285,0.2,0.5774660086423091,1.4799999999999698,1
155,9,84,396,1456,1852,self,7.830825825560645,3.4634073176051285,0.2,0.5774660086423091,0.5760000000000003,1
155,10,84,396,1456,1852,self,7.150592256866485,3.4634073176051285,0.2,0.5774660086423091,0.6500000000000004,1
155,11,84,396,1456,1852,self,7.546107569960263,3.4634073176051285,0.2,0.5774660086423091,0.5860000000000003,1
155,12,84,396,1456,1852,self,7.6660670254359875,3.4634073176051285,0.2,0.5774660086423091,0.5940000000000003,1
155,13,84,396,1456,1852,self,7.0696252051237,3.4634073176051285,0.2,0.5774660086423091,0.6100000000000003,1
155,14,84,396,1456,1852,stranger,2.349074434834762,3.4634073176051285,0.2,0.5774660086423091,1.1190000000000007,1
155,15,84,396,1456,1852,stranger,1.6694304995014884,3.4634073176051285,0.2,0.5774660086423091,1.2439999999999958,1
155,16,84,396,1456,1852,stranger,3.1488270476691156,3.4634073176051285,0.2,0.5774660086423091,1.3929999999999794,1
155,17,84,396,1456,1852,self,8.175842166137967,3.4634073176051285,0.2,0.5774660086423091,0.5120000000000002,1
155,18,84,396,1456,1852,self,8.399206265724574,3.4634073176051285,0.2,0.5774660086423091,0.6350000000000003,1
155,19,84,396,1456,1852,stranger,2.0642743214903696,3.4634073176051285,0.2,0.5774660086423091,1.4759999999999702,0
155,20,84,396,1456,1852,stranger,2.4575319321027167,3.4634073176051285,0.2,0.5774660086423091,0.9670000000000005,1
155,21,84,396,1456,1852,self,7.667188646184904,3.4634073176051285,0.2,0.5774660086423091,0.5700000000000003,1
155,22,84,396,1456,1852,stranger,2.8257084614260513,3.4634073176051285,0.2,0.5774660086423091,0.7870000000000004,1
155,23,84,396,1456,1852,self,8.781759785395666,3.4634073176051285,0.2,0.5774660086423091,0.6730000000000004,1
155,24,84,396,1456,1852,self,7.306531569231204,3.4634073176051285,0.2,0.5774660086423091,0.5210000000000002,1
155,25,84,396,1456,1852,stranger,2.6073550711111304,3.4634073176051285,0.2,0.5774660086423091,1.1550000000000007,1
155,26,84,396,1456,1852,stranger,3.0181078797817347,3.4634073176051285,0.2,0.5774660086423091,0.3070000000000001,0
155,27,84,396,1456,1852,stranger,2.705567794312455,3.4634073176051285,0.2,0.5774660086423091,0.9730000000000005,1
155,28,84,396,1456,1852,self,7.824462162545849,3.4634073176051285,0.2,0.5774660086423091,0.5510000000000003,1
155,29,84,396,1456,1852,self,7.140771727354114,3.4634073176051285,0.2,0.5774660086423091,0.5230000000000002,1
155,30,84,396,1456,1852,stranger,2.2861139248470153,3.4634073176051285,0.2,0.5774660086423091,1.2929999999999904,1
155,31,84,396,1456,1852,self,7.435262565565694,3.4634073176051285,0.2,0.5774660086423091,0.6940000000000004,1
155,32,84,396,1456,1852,self,7.231881653488459,3.4634073176051285,0.2,0.5774660086423091,0.6680000000000004,1
155,33,84,396,1456,1852,stranger,2.625401846184306,3.4634073176051285,0.2,0.5774660086423091,1.1250000000000007,1
155,34,84,396,1456,1852,stranger,2.3604412946397275,3.4634073176051285,0.2,0.5774660086423091,1.2839999999999914,1
155,35,84,396,1456,1852,stranger,2.1873213773667635,3.4634073176051285,0.2,0.5774660086423091,2.334999999999876,1
155,36,84,396,1456,1852,self,7.3125187874227855,3.4634073176051285,0.2,0.5774660086423091,0.5100000000000002,1
155,37,84,396,1456,1852,self,7.5281155781410725,3.4634073176051285,0.2,0.5774660086423091,0.7490000000000003,1
155,38,84,396,1456,1852,stranger,2.136711953043676,3.4634073176051285,0.2,0.5774660086423091,1.1500000000000008,1
155,39,84,396,1456,1852,self,6.9651128427928555,3.4634073176051285,0.2,0.5774660086423091,0.7090000000000003,1
155,40,84,396,1456,1852,stranger,2.6791222315246896,3.4634073176051285,0.2,0.5774660086423091,1.1790000000000007,1
155,41,84,396,1456,1852,self,7.963779790072204,3.4634073176051285,0.2,0.5774660086423091,0.4890000000000002,1
155,42,84,396,1456,1852,self,7.400912719347648,3.4634073176051285,0.2,0.5774660086423091,0.5900000000000003,1
155,43,84,396,1456,1852,self,6.865550505938289,3.4634073176051285,0.2,0.5774660086423091,0.8070000000000004,1
155,44,84,396,1456,1852,self,7.568025244350872,3.4634073176051285,0.2,0.5774660086423091,0.6240000000000003,1
155,45,84,396,1456,1852,self,6.953139659423686,3.4634073176051285,0.2,0.5774660086423091,0.5310000000000002,1
155,46,84,396,1456,1852,self,8.100218297011816,3.4634073176051285,0.2,0.5774660086423091,0.6770000000000004,1
155,47,84,396,1456,1852,stranger,1.9888350055282769,3.4634073176051285,0.2,0.5774660086423091,1.3389999999999853,1
155,48,84,396,1456,1852,self,7.595058939813436,3.4634073176051285,0.2,0.5774660086423091,0.7480000000000004,1
155,49,84,396,1456,1852,self,8.385752599189189,3.4634073176051285,0.2,0.5774660086423091,0.4850000000000002,1
155,50,84,396,1456,1852,stranger,2.2258905634099078,3.4634073176051285,0.2,0.5774660086423091,1.2729999999999926,1
155,51,84,396,1456,1852,stranger,2.223385360152669,3.4634073176051285,0.2,0.5774660086423091,1.1110000000000007,1
155,52,84,396,1456,1852,stranger,2.266137340313156,3.4634073176051285,0.2,0.5774660086423091,1.4219999999999762,1
155,53,84,396,1456,1852,self,7.079134051669071,3.4634073176051285,0.2,0.5774660086423091,0.5830000000000003,1
155,54,84,396,1456,1852,stranger,2.106634449579343,3.4634073176051285,0.2,0.5774660086423091,1.0160000000000007,1
155,55,84,396,1456,1852,stranger,2.1838306806554098,3.4634073176051285,0.2,0.5774660086423091,0.3550000000000001,0
155,56,84,396,1456,1852,stranger,2.9291933487764146,3.4634073176051285,0.2,0.5774660086423091,1.0330000000000006,1
155,57,84,396,1456,1852,stranger,3.1606750563735764,3.4634073176051285,0.2,0.5774660086423091,0.9860000000000007,1
155,58,84,396,1456,1852,self,7.748272289486888,3.4634073176051285,0.2,0.5774660086423091,0.7480000000000004,1
155,59,84,396,1456,1852,self,7.25884985617188,3.4634073176051285,0.2,0.5774660086423091,0.6780000000000004,1
155,60,84,396,1456,1852,self,8.354040921055685,3.4634073176051285,0.2,0.5774660086423091,0.5080000000000002,1
156,1,150,502,485,987,self,6.510254335377351,3.034131846522957,0.2,0.659167136158553,0.5150000000000002,1
156,2,150,502,485,987,stranger,1.23767754563378,3.034131846522957,0.2,0.659167136158553,1.1700000000000008,1
156,3,150,502,485,987,stranger,1.293909543455297,3.034131846522957,0.2,0.659167136158553,0.987,0
156,4,150,502,485,987,self,7.137133846416666,3.034131846522957,0.2,0.659167136158553,0.5640000000000003,1
156,5,150,502,485,987,stranger,1.572576107299394,3.034131846522957,0.2,0.659167136158553,1.2849999999999913,1
156,6,150,502,485,987,stranger,1.4271446945451352,3.034131846522957,0.2,0.659167136158553,2.0459999999999074,1
156,7,150,502,485,987,self,7.009402636039389,3.034131846522957,0.2,0.659167136158553,0.5790000000000003,1
156,8,150,502,485,987,stranger,1.6728172740947145,3.034131846522957,0.2,0.659167136158553,1.1600000000000008,1
156,9,150,502,485,987,self,7.77368815192121,3.034131846522957,0.2,0.659167136158553,0.39700000000000013,1
156,10,150,502,485,987,self,6.532477222900147,3.034131846522957,0.2,0.659167136158553,0.5080000000000002,1
156,11,150,502,485,987,self,6.604895231158372,3.034131846522957,0.2,0.659167136158553,0.6100000000000003,1
156,12,150,502,485,987,stranger,1.3663013153308698,3.034131846522957,0.2,0.659167136158553,1.0600000000000007,1
156,13,150,502,485,987,stranger,1.302014655489493,3.034131846522957,0.2,0.659167136158553,0.987,0
156,14,150,502,485,987,self,6.3386056876894425,3.034131846522957,0.2,0.659167136158553,0.5110000000000002,1
156,15,150,502,485,987,stranger,1.1659697672737654,3.034131846522957,0.2,0.659167136158553,1.2469999999999954,1
156,16,150,502,485,987,self,7.151470569821254,3.034131846522957,0.2,0.659167136158553,0.5570000000000003,1
156,17,150,502,485,987,stranger,1.593294572521089,3.034131846522957,0.2,0.659167136158553,1.7009999999999454,1
156,18,150,502,485,987,self,7.5566975543249475,3.034131846522957,0.2,0.659167136158553,0.5160000000000002,1
156,19,150,502,485,987,self,7.289724859008602,3.034131846522957,0.2,0.659167136158553,0.5480000000000003,1
156,20,150,502,485,987,self,7.382148474437894,3.034131846522957,0.2,0.659167136158553,0.6380000000000003,1
156,21,150,502,485,987,self,7.495566968754132,3.034131846522957,0.2,0.659167136158553,0.41100000000000014,1
156,22,150,502,485,987,stranger,2.015507262732959,3.034131846522957,0.2,0.659167136158553,1.4639999999999715,1
156,23,150,502,485,987,self,7.6994318000982895,3.034131846522957,0.2,0.659167136158553,0.5490000000000003,1
156,24,150,502,485,987,self,8.298251279999947,3.034131846522957,0.2,0.659167136158553,0.5600000000000003,1
156,25,150,502,485,987,stranger,1.7107787157280303,3.034131846522957,0.2,0.659167136158553,0.4480000000000002,0
156,26,150,502,485,987,stranger,1.407652926343299,3.034131846522957,0.2,0.659167136158553,0.7890000000000004,1
156,27,150,502,485,987,self,6.983362214987079,3.034131846522957,0.2,0.659167136158553,0.6210000000000003,1
156,28,150,502,485,987,stranger,1.7080186299150357,3.034131846522957,0.2,0.659167136158553,0.987,0
156,29,150,502,485,987,self,7.615887619582937,3.034131846522957,0.2,0.659167136158553,0.5190000000000002,1
156,30,150,502,485,987,self,6.87699978362102,3.034131846522957,0.2,0.659167136158553,0.4740000000000002,1
156,31,150,502,485,987,self,8.579217615561253,3.034131846522957,0.2,0.659167136158553,0.44200000000000017,1
156,32,150,502,485,987,self,7.250108163588499,3.034131846522957,0.2,0.659167136158553,0.4640000000000002,1
156,33,150,502,485,987,self,7.199651917133279,3.034131846522957,0.2,0.659167136158553,0.5720000000000003,1
156,34,150,502,485,987,self,7.032946222201132,3.034131846522957,0.2,0.659167136158553,0.5110000000000002,1
156,35,150,502,485,987,stranger,2.3392275403390315,3.034131846522957,0.2,0.659167136158553,1.1710000000000007,1
156,36,150,502,485,987,stranger,1.9017562594441044,3.034131846522957,0.2,0.659167136158553,0.9610000000000005,1
156,37,150,502,485,987,stranger,1.7730670401698025,3.034131846522957,0.2,0.659167136158553,1.1410000000000007,1
156,38,150,502,485,987,stranger,1.6129341104833022,3.034131846522957,0.2,0.659167136158553,0.9760000000000006,1
156,39,150,502,485,987,stranger,1.7806580835444628,3.034131846522957,0.2,0.659167136158553,1.0970000000000006,1
156,40,150,502,485,987,self,6.651929252297133,3.034131846522957,0.2,0.659167136158553,0.4830000000000002,1
156,41,150,502,485,987,self,7.287998102860426,3.034131846522957,0.2,0.659167136158553,0.5760000000000003,1
156,42,150,502,485,987,stranger,1.7083110035007567,3.034131846522957,0.2,0.659167136158553,1.894999999999924,1
156,43,150,502,485,987,stranger,1.7124607194445132,3.034131846522957,0.2,0.659167136158553,0.3020000000000001,0
156,44,150,502,485,987,stranger,1.7568028420724702,3.034131846522957,0.2,0.659167136158553,0.7390000000000003,1
156,45,150,502,485,987,stranger,2.2942788185823306,3.034131846522957,0.2,0.659167136158553,0.9200000000000006,1
156,46,150,502,485,987,stranger,1.613700470902033,3.034131846522957,0.2,0.659167136158553,1.559999999999961,1
156,47,150,502,485,987,stranger,1.2806420687583047,3.034131846522957,0.2,0.659167136158553,1.251999999999995,1
156,48,150,502,485,987,self,6.687798126014464,3.034131846522957,0.2,0.659167136158553,0.6190000000000003,1
156,49,150,502,485,987,self,7.368251117752057,3.034131846522957,0.2,0.659167136158553,0.6280000000000003,1
156,50,150,502,485,987,self,6.617205368178485,3.034131846522957,0.2,0.659167136158553,0.5710000000000003,1
156,51,150,502,485,987,self,7.497918233651391,3.034131846522957,0.2,0.659167136158553,0.5190000000000002,1
156,52,150,502,485,987,stranger,1.8005683567849577,3.034131846522957,0.2,0.659167136158553,0.9870000000000005,1
156,53,150,502,485,987,self,7.905579973671453,3.034131846522957,0.2,0.659167136158553,0.44300000000000017,1
156,54,150,502,485,987,stranger,1.4240125714696452,3.034131846522957,0.2,0.659167136158553,1.6799999999999478,1
156,55,150,502,485,987,self,7.51779739776655,3.034131846522957,0.2,0.659167136158553,0.5270000000000002,1
156,56,150,502,485,987,stranger,2.009613392321845,3.034131846522957,0.2,0.659167136158553,1.368999999999982,1
156,57,150,502,485,987,stranger,1.858620227410758,3.034131846522957,0.2,0.659167136158553,0.8150000000000004,1
156,58,150,502,485,987,stranger,0.8016764073743633,3.034131846522957,0.2,0.659167136158553,0.987,0
156,59,150,502,485,987,self,7.002389279126141,3.034131846522957,0.2,0.659167136158553,0.5160000000000002,1
156,60,150,502,485,987,stranger,2.127078123273113,3.034131846522957,0.2,0.659167136158553,1.1660000000000008,1
157,1,84,212,366,578,self,4.6554975636245715,2.072385933469473,0.2,0.9650712098068103,0.4560000000000002,1
157,2,84,212,366,578,stranger,0.19006647146262068,2.072385933469473,0.2,0.9650712098068103,1.4559999999999724,0
157,3,84,212,366,578,stranger,0.9121090288786696,2.072385933469473,0.2,0.9650712098068103,0.4660000000000002,1
157,4,84,212,366,578,self,5.543879217774358,2.072385933469473,0.2,0.9650712098068103,0.4480000000000002,1
157,5,84,212,366,578,stranger,1.0634524530846088,2.072385933469473,0.2,0.9650712098068103,2.1739999999998934,1
157,6,84,212,366,578,stranger,1.6355019171536775,2.072385933469473,0.2,0.9650712098068103,1.4649999999999714,1
157,7,84,212,366,578,self,4.8519102353787105,2.072385933469473,0.2,0.9650712098068103,0.4890000000000002,1
157,8,84,212,366,578,self,6.186230224410536,2.072385933469473,0.2,0.9650712098068103,0.4710000000000002,1
157,9,84,212,366,578,self,5.809381421901509,2.072385933469473,0.2,0.9650712098068103,0.33100000000000007,1
157,10,84,212,366,578,stranger,0.8269314067530579,2.072385933469473,0.2,0.9650712098068103,0.39600000000000013,1
157,11,84,212,366,578,stranger,1.8111525696232764,2.072385933469473,0.2,0.9650712098068103,0.6320000000000003,1
157,12,84,212,366,578,stranger,1.044285182754408,2.072385933469473,0.2,0.9650712098068103,1.1140000000000008,1
157,13,84,212,366,578,stranger,1.8291155175977756,2.072385933469473,0.2,0.9650712098068103,0.6570000000000004,1
157,14,84,212,366,578,stranger,1.4882187476896225,2.072385933469473,0.2,0.9650712098068103,0.9350000000000005,1
157,15,84,212,366,578,self,5.913993219037276,2.072385933469473,0.2,0.9650712098068103,0.3210000000000001,1
157,16,84,212,366,578,stranger,1.061063110973111,2.072385933469473,0.2,0.9650712098068103,1.5849999999999582,1
157,17,84,212,366,578,self,5.155306769751272,2.072385933469473,0.2,0.9650712098068103,0.4980000000000002,1
157,18,84,212,366,578,self,5.964373978405348,2.072385933469473,0.2,0.9650712098068103,0.3110000000000001,1
157,19,84,212,366,578,self,4.62463072334651,2.072385933469473,0.2,0.9650712098068103,0.3830000000000001,1
157,20,84,212,366,578,self,5.256931140586693,2.072385933469473,0.2,0.9650712098068103,0.43500000000000016,1
157,21,84,212,366,578,stranger,1.4898106915254825,2.072385933469473,0.2,0.9650712098068103,0.5160000000000002,1
157,22,84,212,366,578,stranger,1.628443425502876,2.072385933469473,0.2,0.9650712098068103,0.6520000000000004,1
157,23,84,212,366,578,self,4.943940864206048,2.072385933469473,0.2,0.9650712098068103,0.4490000000000002,1
157,24,84,212,366,578,self,5.250585078100706,2.072385933469473,0.2,0.9650712098068103,0.40300000000000014,1
157,25,84,212,366,578,stranger,0.8510573487899752,2.072385933469473,0.2,0.9650712098068103,1.7339999999999418,1
157,26,84,212,366,578,stranger,1.3046298932370237,2.072385933469473,0.2,0.9650712098068103,1.222999999999998,1
157,27,84,212,366,578,self,5.300593660604194,2.072385933469473,0.2,0.9650712098068103,0.40800000000000014,1
157,28,84,212,366,578,stranger,0.4378359120579829,2.072385933469473,0.2,0.9650712098068103,0.9270000000000005,1
157,29,84,212,366,578,self,5.025208351142802,2.072385933469473,0.2,0.9650712098068103,0.7110000000000003,1
157,30,84,212,366,578,self,5.598065507355145,2.072385933469473,0.2,0.9650712098068103,0.40900000000000014,1
157,31,84,212,366,578,stranger,0.8783397984204283,2.072385933469473,0.2,0.9650712098068103,2.040999999999908,1
157,32,84,212,366,578,stranger,0.2997897263699776,2.072385933469473,0.2,0.9650712098068103,1.531999999999964,0
157,33,84,212,366,578,stranger,1.0240530785719257,2.072385933469473,0.2,0.9650712098068103,0.5000000000000002,1
157,34,84,212,366,578,self,6.003758888537523,2.072385933469473,0.2,0.9650712098068103,0.42100000000000015,1
157,35,84,212,366,578,self,5.672690609899678,2.072385933469473,0.2,0.9650712098068103,0.3820000000000001,1
157,36,84,212,366,578,self,4.9862215356580535,2.072385933469473,0.2,0.9650712098068103,0.3930000000000001,1
157,37,84,212,366,578,self,5.793758442315306,2.072385933469473,0.2,0.9650712098068103,0.3150000000000001,1
157,38,84,212,366,578,stranger,0.5304071278551555,2.072385933469473,0.2,0.9650712098068103,0.578,0
157,39,84,212,366,578,self,5.54798609603337,2.072385933469473,0.2,0.9650712098068103,0.32600000000000007,1
157,40,84,212,366,578,self,5.489383472381277,2.072385933469473,0.2,0.9650712098068103,0.5050000000000002,1
157,41,84,212,366,578,stranger,1.2460839283075082,2.072385933469473,0.2,0.9650712098068103,1.0950000000000006,1
157,42,84,212,366,578,stranger,1.2353668682407624,2.072385933469473,0.2,0.9650712098068103,0.8400000000000005,1
157,43,84,212,366,578,self,5.224530090105338,2.072385933469473,0.2,0.9650712098068103,0.6130000000000003,1
157,44,84,212,366,578,self,5.689484026466634,2.072385933469473,0.2,0.9650712098068103,0.40500000000000014,1
157,45,84,212,366,578,self,5.879621830248055,2.072385933469473,0.2,0.9650712098068103,0.43000000000000016,1
157,46,84,212,366,578,stranger,0.7881409291054179,2.072385933469473,0.2,0.9650712098068103,0.6200000000000003,0
157,47,84,212,366,578,stranger,0.9947821964806592,2.072385933469473,0.2,0.9650712098068103,0.7060000000000004,1
157,48,84,212,366,578,stranger,0.36792518344252845,2.072385933469473,0.2,0.9650712098068103,1.9359999999999196,1
157,49,84,212,366,578,stranger,1.6092530955746631,2.072385933469473,0.2,0.9650712098068103,0.6200000000000003,0
157,50,84,212,366,578,stranger,0.400604660512479,2.072385933469473,0.2,0.9650712098068103,0.7970000000000004,1
157,51,84,212,366,578,self,4.57257482885088,2.072385933469473,0.2,0.9650712098068103,0.41600000000000015,1
157,52,84,212,366,578,self,5.343053247287144,2.072385933469473,0.2,0.9650712098068103,0.3760000000000001,1
157,53,84,212,366,578,stranger,0.8802436700178032,2.072385933469473,0.2,0.9650712098068103,1.0460000000000007,1
157,54,84,212,366,578,stranger,0.8971262608515341,2.072385933469473,0.2,0.9650712098068103,0.8050000000000004,1
157,55,84,212,366,578,self,5.838483768079002,2.072385933469473,0.2,0.9650712098068103,0.3860000000000001,1
157,56,84,212,366,578,self,5.103385795201671,2.072385933469473,0.2,0.9650712098068103,0.42100000000000015,1
157,57,84,212,366,578,stranger,1.3267426166423704,2.072385933469473,0.2,0.9650712098068103,0.5580000000000003,1
157,58,84,212,366,578,stranger,0.620250584128604,2.072385933469473,0.2,0.9650712098068103,1.1400000000000008,1
157,59,84,212,366,578,self,4.4017750723465525,2.072385933469473,0.2,0.9650712098068103,0.43900000000000017,1
157,60,84,212,366,578,self,5.5531178183545045,2.072385933469473,0.2,0.9650712098068103,0.5070000000000002,1
158,1,91,484,836,1320,self,7.636453736112271,3.4700823274109633,0.2,0.5763552017776491,0.7500000000000004,1
158,2,91,484,836,1320,self,6.2280863004174085,3.4700823274109633,0.2,0.5763552017776491,0.6840000000000004,1
158,3,91,484,836,1320,stranger,2.2867950511819366,3.4700823274109633,0.2,0.5763552017776491,0.8590000000000004,1
158,4,91,484,836,1320,self,7.789061587504316,3.4700823274109633,0.2,0.5763552017776491,0.5040000000000002,1
158,5,91,484,836,1320,stranger,1.2874145261028942,3.4700823274109633,0.2,0.5763552017776491,1.4759999999999702,1
158,6,91,484,836,1320,stranger,1.8530429816758474,3.4700823274109633,0.2,0.5763552017776491,1.32,0
158,7,91,484,836,1320,self,7.33362720476277,3.4700823274109633,0.2,0.5763552017776491,0.4880000000000002,1
158,8,91,484,836,1320,self,6.7595400465639575,3.4700823274109633,0.2,0.5763552017776491,0.5780000000000003,1
158,9,91,484,836,1320,self,6.90053284246094,3.4700823274109633,0.2,0.5763552017776491,0.6030000000000003,1
158,10,91,484,836,1320,stranger,1.3534427164474012,3.4700823274109633,0.2,0.5763552017776491,1.3709999999999818,1
158,11,91,484,836,1320,self,6.498204608341812,3.4700823274109633,0.2,0.5763552017776491,0.5920000000000003,1
158,12,91,484,836,1320,stranger,0.9341249686164839,3.4700823274109633,0.2,0.5763552017776491,1.9179999999999215,1
158,13,91,484,836,1320,stranger,1.220893549860756,3.4700823274109633,0.2,0.5763552017776491,0.6390000000000003,0
158,14,91,484,836,1320,stranger,1.4225490369222604,3.4700823274109633,0.2,0.5763552017776491,1.8519999999999288,1
158,15,91,484,836,1320,self,6.528298289204413,3.4700823274109633,0.2,0.5763552017776491,0.5100000000000002,1
158,16,91,484,836,1320,stranger,1.6208795940565237,3.4700823274109633,0.2,0.5763552017776491,1.7269999999999426,1
158,17,91,484,836,1320,self,7.132622961649112,3.4700823274109633,0.2,0.5763552017776491,0.6750000000000004,1
158,18,91,484,836,1320,self,7.26621999285611,3.4700823274109633,0.2,0.5763552017776491,0.7180000000000004,1
158,19,91,484,836,1320,stranger,1.1770353165099345,3.4700823274109633,0.2,0.5763552017776491,1.32,0
158,20,91,484,836,1320,stranger,0.4131299881985232,3.4700823274109633,0.2,0.5763552017776491,0.8810000000000004,0
158,21,91,484,836,1320,stranger,0.9313030051484645,3.4700823274109633,0.2,0.5763552017776491,1.9069999999999228,1
158,22,91,484,836,1320,stranger,0.6633984676312588,3.4700823274109633,0.2,0.5763552017776491,0.41800000000000015,0
158,23,91,484,836,1320,self,6.836513537356122,3.4700823274109633,0.2,0.5763552017776491,0.43300000000000016,1
158,24,91,484,836,1320,self,7.505954143556686,3.4700823274109633,0.2,0.5763552017776491,0.6460000000000004,1
158,25,91,484,836,1320,stranger,1.471450715110115,3.4700823274109633,0.2,0.5763552017776491,1.0910000000000006,1
158,26,91,484,836,1320,self,6.8885104794749745,3.4700823274109633,0.2,0.5763552017776491,0.5060000000000002,1
158,27,91,484,836,1320,self,6.6402157467451035,3.4700823274109633,0.2,0.5763552017776491,0.5660000000000003,1
158,28,91,484,836,1320,self,5.834457671346059,3.4700823274109633,0.2,0.5763552017776491,0.7470000000000003,1
158,29,91,484,836,1320,self,6.6963610446562605,3.4700823274109633,0.2,0.5763552017776491,0.6770000000000004,1
158,30,91,484,836,1320,stranger,1.1079048980780029,3.4700823274109633,0.2,0.5763552017776491,1.2939999999999903,1
158,31,91,484,836,1320,self,6.778207616826378,3.4700823274109633,0.2,0.5763552017776491,0.6190000000000003,1
158,32,91,484,836,1320,stranger,0.4069380488237314,3.4700823274109633,0.2,0.5763552017776491,1.32,0
158,33,91,484,836,1320,stranger,1.8207277134375282,3.4700823274109633,0.2,0.5763552017776491,1.6639999999999495,1
158,34,91,484,836,1320,stranger,1.2883823815307773,3.4700823274109633,0.2,0.5763552017776491,0.9490000000000005,1
158,35,91,484,836,1320,stranger,1.1953068096560575,3.4700823274109633,0.2,0.5763552017776491,1.32,0
158,36,91,484,836,1320,stranger,1.8677550388400388,3.4700823274109633,0.2,0.5763552017776491,0.8870000000000005,1
158,37,91,484,836,1320,stranger,2.1497583853214044,3.4700823274109633,0.2,0.5763552017776491,0.9410000000000005,1
158,38,91,484,836,1320,self,8.018124351913773,3.4700823274109633,0.2,0.5763552017776491,0.5910000000000003,1
158,39,91,484,836,1320,self,7.76969096431559,3.4700823274109633,0.2,0.5763552017776491,0.4950000000000002,1
158,40,91,484,836,1320,self,6.677416760061957,3.4700823274109633,0.2,0.5763552017776491,0.7310000000000003,1
158,41,91,484,836,1320,self,6.595036190811426,3.4700823274109633,0.2,0.5763552017776491,0.6460000000000004,1
158,42,91,484,836,1320,stranger,1.07644592034721,3.4700823274109633,0.2,0.5763552017776491,1.832999999999931,1
158,43,91,484,836,1320,self,6.826785375997276,3.4700823274109633,0.2,0.5763552017776491,0.6720000000000004,1
158,44,91,484,836,1320,stranger,0.7922988923961449,3.4700823274109633,0.2,0.5763552017776491,0.5970000000000003,0
158,45,91,484,836,1320,self,7.705463681572365,3.4700823274109633,0.2,0.5763552017776491,0.5410000000000003,1
158,46,91,484,836,1320,stranger,1.67369627781383,3.4700823274109633,0.2,0.5763552017776491,1.1790000000000007,1
158,47,91,484,836,1320,stranger,1.2941184424934302,3.4700823274109633,0.2,0.5763552017776491,1.449999999999973,1
158,48,91,484,836,1320,self,6.8006959377013585,3.4700823274109633,0.2,0.5763552017776491,0.5760000000000003,1
158,49,91,484,836,1320,self,7.82272880737348,3.4700823274109633,0.2,0.5763552017776491,0.5870000000000003,1
158,50,91,484,836,1320,stranger,1.7380953397101735,3.4700823274109633,0.2,0.5763552017776491,1.7919999999999354,1
158,51,91,484,836,1320,stranger,1.7009934861094662,3.4700823274109633,0.2,0.5763552017776491,0.4460000000000002,0
158,52,91,484,836,1320,self,6.619266338984448,3.4700823274109633,0.2,0.5763552017776491,0.7710000000000004,1
158,53,91,484,836,1320,self,6.781052002565254,3.4700823274109633,0.2,0.5763552017776491,0.7010000000000003,1
158,54,91,484,836,1320,self,6.148539982836151,3.4700823274109633,0.2,0.5763552017776491,0.7310000000000003,1
158,55,91,484,836,1320,self,7.655664462875777,3.4700823274109633,0.2,0.5763552017776491,0.4650000000000002,1
158,56,91,484,836,1320,stranger,1.015014349801887,3.4700823274109633,0.2,0.5763552017776491,1.32,0
158,57,91,484,836,1320,stranger,1.2843356663387553,3.4700823274109633,0.2,0.5763552017776491,2.0549999999999065,1
158,58,91,484,836,1320,stranger,2.0726976167303484,3.4700823274109633,0.2,0.5763552017776491,1.8849999999999252,1
158,59,91,484,836,1320,self,6.714070299236622,3.4700823274109633,0.2,0.5763552017776491,0.4940000000000002,1
158,60,91,484,836,1320,stranger,0.9950035646415922,3.4700823274109633,0.2,0.5763552017776491,1.540999999999963,1
159,1,144,597,544,1141,stranger,1.2777444483120695,3.1778134388418673,0.2,0.6293635666443926,1.141,0
159,2,144,597,544,1141,stranger,0.8468425514761864,3.1778134388418673,0.2,0.6293635666443926,0.3750000000000001,0
159,3,144,597,544,1141,stranger,1.1528363711245213,3.1778134388418673,0.2,0.6293635666443926,1.3099999999999885,1
159,4,144,597,544,1141,stranger,0.9911470864883527,3.1778134388418673,0.2,0.6293635666443926,1.141,0
159,5,144,597,544,1141,self,8.143120117002992,3.1778134388418673,0.2,0.6293635666443926,0.43800000000000017,1
159,6,144,597,544,1141,self,7.84494319538466,3.1778134388418673,0.2,0.6293635666443926,0.43000000000000016,1
159,7,144,597,544,1141,self,6.4701294338391815,3.1778134388418673,0.2,0.6293635666443926,0.5460000000000003,1
159,8,144,597,544,1141,stranger,2.2713095591443677,3.1778134388418673,0.2,0.6293635666443926,1.5289999999999644,1
159,9,144,597,544,1141,self,7.748554709353833,3.1778134388418673,0.2,0.6293635666443926,0.5660000000000003,1
159,10,144,597,544,1141,self,7.493502843347124,3.1778134388418673,0.2,0.6293635666443926,0.5580000000000003,1
159,11,144,597,544,1141,self,6.887267830592519,3.1778134388418673,0.2,0.6293635666443926,0.5190000000000002,1
159,12,144,597,544,1141,self,6.6803637738496136,3.1778134388418673,0.2,0.6293635666443926,0.6180000000000003,1
159,13,144,597,544,1141,self,7.696222884415806,3.1778134388418673,0.2,0.6293635666443926,0.5570000000000003,1
159,14,144,597,544,1141,self,8.237778188903713,3.1778134388418673,0.2,0.6293635666443926,0.7210000000000003,1
159,15,144,597,544,1141,stranger,1.5128677324348134,3.1778134388418673,0.2,0.6293635666443926,1.5659999999999603,1
159,16,144,597,544,1141,stranger,1.7162285270190842,3.1778134388418673,0.2,0.6293635666443926,0.3900000000000001,0
159,17,144,597,544,1141,stranger,1.6892460907234876,3.1778134388418673,0.2,0.6293635666443926,1.1290000000000007,1
159,18,144,597,544,1141,self,6.66654509037488,3.1778134388418673,0.2,0.6293635666443926,0.4850000000000002,1
159,19,144,597,544,1141,self,7.090634748925255,3.1778134388418673,0.2,0.6293635666443926,0.4880000000000002,1
159,20,144,597,544,1141,self,7.412743064411384,3.1778134388418673,0.2,0.6293635666443926,0.6220000000000003,1
159,21,144,597,544,1141,stranger,2.4262300352989756,3.1778134388418673,0.2,0.6293635666443926,1.1830000000000007,1
159,22,144,597,544,1141,stranger,2.1485269092001933,3.1778134388418673,0.2,0.6293635666443926,1.6309999999999532,1
159,23,144,597,544,1141,stranger,1.2396825801971203,3.1778134388418673,0.2,0.6293635666443926,1.850999999999929,1
159,24,144,597,544,1141,stranger,0.9689693236107798,3.1778134388418673,0.2,0.6293635666443926,1.141,0
159,25,144,597,544,1141,self,8.336919961011553,3.1778134388418673,0.2,0.6293635666443926,0.4810000000000002,1
159,26,144,597,544,1141,stranger,1.50867815345592,3.1778134388418673,0.2,0.6293635666443926,1.822999999999932,1
159,27,144,597,544,1141,self,7.945572062298739,3.1778134388418673,0.2,0.6293635666443926,0.6510000000000004,1
159,28,144,597,544,1141,stranger,1.156520184349689,3.1778134388418673,0.2,0.6293635666443926,1.141,0
159,29,144,597,544,1141,self,8.085867263629263,3.1778134388418673,0.2,0.6293635666443926,0.5420000000000003,1
159,30,144,597,544,1141,self,7.486287947855362,3.1778134388418673,0.2,0.6293635666443926,0.5480000000000003,1
159,31,144,597,544,1141,stranger,1.4999311227067715,3.1778134388418673,0.2,0.6293635666443926,1.0700000000000007,0
159,32,144,597,544,1141,stranger,2.630217698439807,3.1778134388418673,0.2,0.6293635666443926,0.8150000000000004,1
159,33,144,597,544,1141,stranger,0.9578959521424042,3.1778134388418673,0.2,0.6293635666443926,0.6210000000000003,0
159,34,144,597,544,1141,self,7.5790917591263955,3.1778134388418673,0.2,0.6293635666443926,0.4670000000000002,1
159,35,144,597,544,1141,self,7.789493124400053,3.1778134388418673,0.2,0.6293635666443926,0.4470000000000002,1
159,36,144,597,544,1141,stranger,2.234199034625103,3.1778134388418673,0.2,0.6293635666443926,1.141,0
159,37,144,597,544,1141,self,7.040404202980101,3.1778134388418673,0.2,0.6293635666443926,0.4650000000000002,1
159,38,144,597,544,1141,stranger,1.6916901683786414,3.1778134388418673,0.2,0.6293635666443926,0.9880000000000007,1
159,39,144,597,544,1141,stranger,1.6794759147680658,3.1778134388418673,0.2,0.6293635666443926,1.5829999999999584,1
159,40,144,597,544,1141,stranger,1.545935261543029,3.1778134388418673,0.2,0.6293635666443926,1.5559999999999614,1
159,41,144,597,544,1141,self,7.129300991646779,3.1778134388418673,0.2,0.6293635666443926,0.4940000000000002,1
159,42,144,597,544,1141,stranger,1.2435152687460467,3.1778134388418673,0.2,0.6293635666443926,1.1770000000000007,1
159,43,144,597,544,1141,self,7.324628759568514,3.1778134388418673,0.2,0.6293635666443926,0.6020000000000003,1
159,44,144,597,544,1141,stranger,2.0063729157745476,3.1778134388418673,0.2,0.6293635666443926,1.5219999999999652,1
159,45,144,597,544,1141,self,7.501537039760088,3.1778134388418673,0.2,0.6293635666443926,0.6000000000000003,1
159,46,144,597,544,1141,self,7.023794819490517,3.1778134388418673,0.2,0.6293635666443926,0.6890000000000004,1
159,47,144,597,544,1141,stranger,0.5578455364968957,3.1778134388418673,0.2,0.6293635666443926,1.141,0
159,48,144,597,544,1141,self,7.42931126669142,3.1778134388418673,0.2,0.6293635666443926,0.5380000000000003,1
159,49,144,597,544,1141,stranger,1.812512105453476,3.1778134388418673,0.2,0.6293635666443926,0.8030000000000004,1
159,50,144,597,544,1141,stranger,2.0668136112595548,3.1778134388418673,0.2,0.6293635666443926,1.141,0
159,51,144,597,544,1141,self,6.985096221703308,3.1778134388418673,0.2,0.6293635666443926,0.6780000000000004,1
159,52,144,597,544,1141,stranger,1.6720173779994743,3.1778134388418673,0.2,0.6293635666443926,0.3010000000000001,0
159,53,144,597,544,1141,stranger,2.67640787708063,3.1778134388418673,0.2,0.6293635666443926,1.2999999999999896,1
159,54,144,597,544,1141,self,7.733240894115297,3.1778134388418673,0.2,0.6293635666443926,0.6070000000000003,1
159,55,144,597,544,1141,stranger,2.149706862108407,3.1778134388418673,0.2,0.6293635666443926,1.2369999999999965,1
159,56,144,597,544,1141,self,6.396038593492559,3.1778134388418673,0.2,0.6293635666443926,0.5650000000000003,1
159,57,144,597,544,1141,self,7.315760937683335,3.1778134388418673,0.2,0.6293635666443926,0.5350000000000003,1
159,58,144,597,544,1141,stranger,1.8268022351970916,3.1778134388418673,0.2,0.6293635666443926,0.5760000000000003,0
159,59,144,597,544,1141,self,6.581203222322901,3.1778134388418673,0.2,0.6293635666443926,0.5180000000000002,1
159,60,144,597,544,1141,self,6.825534807839544,3.1778134388418673,0.2,0.6293635666443926,0.5880000000000003,1
160,1,122,50,453,503,stranger,0.8539794881900096,0.7177486815520374,0.2,2.786490663661356,0.201,1
160,2,122,50,453,503,stranger,0.6307682916636258,0.7177486815520374,0.2,2.786490663661356,0.201,1
160,3,122,50,453,503,stranger,0.9246133149954634,0.7177486815520374,0.2,2.786490663661356,0.201,1
160,4,122,50,453,503,stranger,1.2490662108358321,0.7177486815520374,0.2,2.786490663661356,0.201,1
160,5,122,50,453,503,self,2.1459375152805418,0.7177486815520374,0.2,2.786490663661356,0.201,1
160,6,122,50,453,503,self,3.73194073395722,0.7177486815520374,0.2,2.786490663661356,0.201,1
160,7,122,50,453,503,stranger,0.9913852760551584,0.7177486815520374,0.2,2.786490663661356,0.201,1
160,8,122,50,453,503,stranger,1.0962036810520512,0.7177486815520374,0.2,2.786490663661356,0.201,1
160,9,122,50,453,503,stranger,1.6468035046089957,0.7177486815520374,0.2,2.786490663661356,0.201,1
160,10,122,50,453,503,stranger,0.3495120792623395,0.7177486815520374,0.2,2.786490663661356,0.201,1
160,11,122,50,453,503,stranger,1.2322259309237107,0.7177486815520374,0.2,2.786490663661356,0.201,1
160,12,122,50,453,503,self,3.928178624691917,0.7177486815520374,0.2,2.786490663661356,0.201,1
160,13,122,50,453,503,stranger,2.271192198677586,0.7177486815520374,0.2,2.786490663661356,0.201,1
160,14,122,50,453,503,self,4.179292426099923,0.7177486815520374,0.2,2.786490663661356,0.201,1
160,15,122,50,453,503,stranger,1.3904368994915877,0.7177486815520374,0.2,2.786490663661356,0.201,1
160,16,122,50,453,503,stranger,0.2927840251060745,0.7177486815520374,0.2,2.786490663661356,0.201,1
160,17,122,50,453,503,self,2.8445547457442593,0.7177486815520374,0.2,2.786490663661356,0.201,1
160,18,122,50,453,503,stranger,0.8682036242816533,0.7177486815520374,0.2,2.786490663661356,0.201,1
160,19,122,50,453,503,self,3.6023893504315594,0.7177486815520374,0.2,2.786490663661356,0.201,1
160,20,122,50,453,503,self,3.173960010136296,0.7177486815520374,0.2,2.786490663661356,0.201,1
160,21,122,50,453,503,stranger,0.8093962880796521,0.7177486815520374,0.2,2.786490663661356,0.201,1
160,22,122,50,453,503,stranger,0.8601544713850109,0.7177486815520374,0.2,2.786490663661356,0.201,1
160,23,122,50,453,503,self,2.8867453492124233,0.7177486815520374,0.2,2.786490663661356,0.201,1
160,24,122,50,453,503,stranger,1.6749808785621376,0.7177486815520374,0.2,2.786490663661356,0.201,1
160,25,122,50,453,503,stranger,1.6893963105310825,0.7177486815520374,0.2,2.786490663661356,0.201,1
160,26,122,50,453,503,self,3.072190822261579,0.7177486815520374,0.2,2.786490663661356,0.201,1
160,27,122,50,453,503,stranger,1.3369638085129827,0.7177486815520374,0.2,2.786490663661356,0.201,1
160,28,122,50,453,503,stranger,3.0027380923313136,0.7177486815520374,0.2,2.786490663661356,0.201,1
160,29,122,50,453,503,self,2.9579156518541354,0.7177486815520374,0.2,2.786490663661356,0.201,1
160,30,122,50,453,503,stranger,1.0579267401105845,0.7177486815520374,0.2,2.786490663661356,0.201,1
160,31,122,50,453,503,stranger,1.1537259919208598,0.7177486815520374,0.2,2.786490663661356,0.201,1
160,32,122,50,453,503,self,3.620528788114391,0.7177486815520374,0.2,2.786490663661356,0.201,1
160,33,122,50,453,503,stranger,0.7983740151545548,0.7177486815520374,0.2,2.786490663661356,0.201,1
160,34,122,50,453,503,stranger,1.0615994374599929,0.7177486815520374,0.2,2.786490663661356,0.201,1
160,35,122,50,453,503,stranger,1.3574088248583158,0.7177486815520374,0.2,2.786490663661356,0.201,1
160,36,122,50,453,503,self,3.067915137317402,0.7177486815520374,0.2,2.786490663661356,0.201,1
160,37,122,50,453,503,stranger,1.8679723542226854,0.7177486815520374,0.2,2.786490663661356,0.201,1
160,38,122,50,453,503,self,3.4544669625360034,0.7177486815520374,0.2,2.786490663661356,0.201,1
160,39,122,50,453,503,self,3.7815450940204274,0.7177486815520374,0.2,2.786490663661356,0.201,1
160,40,122,50,453,503,stranger,0.14873100933437688,0.7177486815520374,0.2,2.786490663661356,0.201,1
160,41,122,50,453,503,stranger,0.7996641165871732,0.7177486815520374,0.2,2.786490663661356,0.201,1
160,42,122,50,453,503,self,2.1046287340566985,0.7177486815520374,0.2,2.786490663661356,0.201,1
160,43,122,50,453,503,self,3.318629472731416,0.7177486815520374,0.2,2.786490663661356,0.201,1
160,44,122,50,453,503,stranger,1.5399513940509624,0.7177486815520374,0.2,2.786490663661356,0.201,1
160,45,122,50,453,503,stranger,2.0693405794381823,0.7177486815520374,0.2,2.786490663661356,0.201,1
160,46,122,50,453,503,self,2.8495674602632985,0.7177486815520374,0.2,2.786490663661356,0.201,1
160,47,122,50,453,503,self,2.5811469986714295,0.7177486815520374,0.2,2.786490663661356,0.201,1
160,48,122,50,453,503,self,3.572498715153456,0.7177486815520374,0.2,2.786490663661356,0.201,1
160,49,122,50,453,503,self,3.462694190253547,0.7177486815520374,0.2,2.786490663661356,0.201,1
160,50,122,50,453,503,self,3.41890264961625,0.7177486815520374,0.2,2.786490663661356,0.201,1
160,51,122,50,453,503,self,3.1375371370338794,0.7177486815520374,0.2,2.786490663661356,0.201,1
160,52,122,50,453,503,self,3.4288835281845302,0.7177486815520374,0.2,2.786490663661356,0.201,1
160,53,122,50,453,503,self,3.8543770156294705,0.7177486815520374,0.2,2.786490663661356,0.201,1
160,54,122,50,453,503,self,3.6830302263012786,0.7177486815520374,0.2,2.786490663661356,0.201,1
160,55,122,50,453,503,self,3.5508594378779224,0.7177486815520374,0.2,2.786490663661356,0.201,1
160,56,122,50,453,503,stranger,0.8446218684834541,0.7177486815520374,0.2,2.786490663661356,0.201,1
160,57,122,50,453,503,self,3.0827647488823726,0.7177486815520374,0.2,2.786490663661356,0.201,1
160,58,122,50,453,503,self,3.020395699641034,0.7177486815520374,0.2,2.786490663661356,0.201,1
160,59,122,50,453,503,self,2.8727555745063666,0.7177486815520374,0.2,2.786490663661356,0.201,1
160,60,122,50,453,503,self,3.6223385849607204,0.7177486815520374,0.2,2.786490663661356,0.201,1
161,1,89,374,919,1293,stranger,1.438840023832963,3.6012041338515246,0.2,0.5553697945639587,1.4179999999999766,0
161,2,89,374,919,1293,stranger,2.4268732835505697,3.6012041338515246,0.2,0.5553697945639587,1.2199999999999984,1
161,3,89,374,919,1293,self,7.162803561892274,3.6012041338515246,0.2,0.5553697945639587,0.6330000000000003,1
161,4,89,374,919,1293,stranger,1.2322724294189524,3.6012041338515246,0.2,0.5553697945639587,1.2759999999999923,1
161,5,89,374,919,1293,stranger,1.9839284383663252,3.6012041338515246,0.2,0.5553697945639587,1.7439999999999407,1
161,6,89,374,919,1293,stranger,1.9225530686758603,3.6012041338515246,0.2,0.5553697945639587,1.293,0
161,7,89,374,919,1293,self,7.2468294935907585,3.6012041338515246,0.2,0.5553697945639587,0.6760000000000004,1
161,8,89,374,919,1293,stranger,1.865206593908027,3.6012041338515246,0.2,0.5553697945639587,1.293,0
161,9,89,374,919,1293,stranger,2.4952331949984057,3.6012041338515246,0.2,0.5553697945639587,1.368999999999982,1
161,10,89,374,919,1293,self,7.402169943562442,3.6012041338515246,0.2,0.5553697945639587,0.5980000000000003,1
161,11,89,374,919,1293,self,6.935954382942212,3.6012041338515246,0.2,0.5553697945639587,0.7700000000000005,1
161,12,89,374,919,1293,self,7.032221682469278,3.6012041338515246,0.2,0.5553697945639587,0.6470000000000004,1
161,13,89,374,919,1293,self,7.0854476482960225,3.6012041338515246,0.2,0.5553697945639587,0.8390000000000004,1
161,14,89,374,919,1293,self,7.103104134288679,3.6012041338515246,0.2,0.5553697945639587,0.6130000000000003,1
161,15,89,374,919,1293,self,6.143786897328322,3.6012041338515246,0.2,0.5553697945639587,0.8660000000000005,1
161,16,89,374,919,1293,self,7.499137976944218,3.6012041338515246,0.2,0.5553697945639587,0.6940000000000004,1
161,17,89,374,919,1293,self,7.017667140151981,3.6012041338515246,0.2,0.5553697945639587,0.5390000000000003,1
161,18,89,374,919,1293,stranger,2.460949077135304,3.6012041338515246,0.2,0.5553697945639587,1.6799999999999478,1
161,19,89,374,919,1293,stranger,1.2248114660299665,3.6012041338515246,0.2,0.5553697945639587,1.293,0
161,20,89,374,919,1293,stranger,1.7413773523285494,3.6012041338515246,0.2,0.5553697945639587,2.029999999999909,1
161,21,89,374,919,1293,self,7.193249965871194,3.6012041338515246,0.2,0.5553697945639587,0.7000000000000004,1
161,22,89,374,919,1293,self,7.026590832398075,3.6012041338515246,0.2,0.5553697945639587,0.4880000000000002,1
161,23,89,374,919,1293,self,7.550192100608207,3.6012041338515246,0.2,0.5553697945639587,0.4570000000000002,1
161,24,89,374,919,1293,self,7.746432924469833,3.6012041338515246,0.2,0.5553697945639587,0.5990000000000003,1
161,25,89,374,919,1293,stranger,0.8256261627515539,3.6012041338515246,0.2,0.5553697945639587,0.4450000000000002,0
161,26,89,374,919,1293,self,6.9441335722243975,3.6012041338515246,0.2,0.5553697945639587,0.6190000000000003,1
161,27,89,374,919,1293,stranger,2.0337690545701603,3.6012041338515246,0.2,0.5553697945639587,0.9010000000000005,1
161,28,89,374,919,1293,stranger,2.2142843988717438,3.6012041338515246,0.2,0.5553697945639587,2.1439999999998967,1
161,29,89,374,919,1293,self,7.247817335437886,3.6012041338515246,0.2,0.5553697945639587,0.5230000000000002,1
161,30,89,374,919,1293,stranger,1.197438147337845,3.6012041338515246,0.2,0.5553697945639587,2.1569999999998952,1
161,31,89,374,919,1293,self,6.812040128211173,3.6012041338515246,0.2,0.5553697945639587,0.6820000000000004,1
161,32,89,374,919,1293,self,7.145361357227609,3.6012041338515246,0.2,0.5553697945639587,0.5780000000000003,1
161,33,89,374,919,1293,self,7.386917512738753,3.6012041338515246,0.2,0.5553697945639587,0.6080000000000003,1
161,34,89,374,919,1293,stranger,1.5576330343803555,3.6012041338515246,0.2,0.5553697945639587,0.3730000000000001,0
161,35,89,374,919,1293,stranger,1.1778064386353084,3.6012041338515246,0.2,0.5553697945639587,1.440999999999974,1
161,36,89,374,919,1293,stranger,1.7880343808270363,3.6012041338515246,0.2,0.5553697945639587,1.432999999999975,1
161,37,89,374,919,1293,self,6.518260263426149,3.6012041338515246,0.2,0.5553697945639587,0.5930000000000003,1
161,38,89,374,919,1293,stranger,2.5237654847902435,3.6012041338515246,0.2,0.5553697945639587,1.7529999999999397,1
161,39,89,374,919,1293,stranger,1.8205421849939771,3.6012041338515246,0.2,0.5553697945639587,1.8359999999999306,1
161,40,89,374,919,1293,self,7.186079071499266,3.6012041338515246,0.2,0.5553697945639587,0.6950000000000004,1
161,41,89,374,919,1293,stranger,1.1566655403097386,3.6012041338515246,0.2,0.5553697945639587,0.8770000000000004,0
161,42,89,374,919,1293,stranger,1.82949354329395,3.6012041338515246,0.2,0.5553697945639587,1.8089999999999336,1
161,43,89,374,919,1293,stranger,1.916152113758982,3.6012041338515246,0.2,0.5553697945639587,1.5079999999999667,1
161,44,89,374,919,1293,self,7.503077524939091,3.6012041338515246,0.2,0.5553697945639587,0.4870000000000002,1
161,45,89,374,919,1293,stranger,1.8446467516803695,3.6012041338515246,0.2,0.5553697945639587,1.5699999999999599,1
161,46,89,374,919,1293,self,6.858654783998658,3.6012041338515246,0.2,0.5553697945639587,0.6970000000000004,1
161,47,89,374,919,1293,stranger,1.8087284788248206,3.6012041338515246,0.2,0.5553697945639587,1.74999999999994,1
161,48,89,374,919,1293,self,7.066125746964713,3.6012041338515246,0.2,0.5553697945639587,0.5720000000000003,1
161,49,89,374,919,1293,stranger,1.086937285180452,3.6012041338515246,0.2,0.5553697945639587,0.9560000000000006,0
161,50,89,374,919,1293,stranger,1.2470568192510023,3.6012041338515246,0.2,0.5553697945639587,0.40100000000000013,0
161,51,89,374,919,1293,self,7.796779090442848,3.6012041338515246,0.2,0.5553697945639587,0.4770000000000002,1
161,52,89,374,919,1293,self,8.904481840238901,3.6012041338515246,0.2,0.5553697945639587,0.5030000000000002,1
161,53,89,374,919,1293,self,6.636893806864962,3.6012041338515246,0.2,0.5553697945639587,0.5620000000000003,1
161,54,89,374,919,1293,stranger,1.773932518486267,3.6012041338515246,0.2,0.5553697945639587,1.293,0
161,55,89,374,919,1293,self,6.640833192992206,3.6012041338515246,0.2,0.5553697945639587,0.7360000000000004,1
161,56,89,374,919,1293,stranger,1.2381247900576877,3.6012041338515246,0.2,0.5553697945639587,1.9799999999999147,1
161,57,89,374,919,1293,self,7.255312404900287,3.6012041338515246,0.2,0.5553697945639587,0.5240000000000002,1
161,58,89,374,919,1293,self,6.060977510754451,3.6012041338515246,0.2,0.5553697945639587,0.6670000000000004,1
161,59,89,374,919,1293,stranger,1.670576452272556,3.6012041338515246,0.2,0.5553697945639587,1.5019999999999674,1
161,60,89,374,919,1293,stranger,1.8796207426155953,3.6012041338515246,0.2,0.5553697945639587,0.9130000000000005,0
162,1,89,478,602,1080,self,6.128228472496243,3.7204908324373633,0.2,0.5375634802168731,0.8050000000000004,1
162,2,89,478,602,1080,self,5.903188346465978,3.7204908324373633,0.2,0.5375634802168731,0.6870000000000004,1
162,3,89,478,602,1080,stranger,0.7444745002705562,3.7204908324373633,0.2,0.5375634802168731,1.08,0
162,4,89,478,602,1080,stranger,0.9512846592050135,3.7204908324373633,0.2,0.5375634802168731,1.0010000000000006,0
162,5,89,478,602,1080,stranger,0.9625996067016769,3.7204908324373633,0.2,0.5375634802168731,1.08,0
162,6,89,478,602,1080,stranger,1.2442192484057932,3.7204908324373633,0.2,0.5375634802168731,0.40100000000000013,0
162,7,89,478,602,1080,stranger,0.9259379208347263,3.7204908324373633,0.2,0.5375634802168731,1.967999999999916,1
162,8,89,478,602,1080,stranger,1.4314633454452463,3.7204908324373633,0.2,0.5375634802168731,1.6429999999999518,1
162,9,89,478,602,1080,self,6.02885016310793,3.7204908324373633,0.2,0.5375634802168731,0.8080000000000005,1
162,10,89,478,602,1080,stranger,0.9545788926398577,3.7204908324373633,0.2,0.5375634802168731,0.3120000000000001,0
162,11,89,478,602,1080,stranger,0.9906399741452352,3.7204908324373633,0.2,0.5375634802168731,1.08,0
162,12,89,478,602,1080,stranger,1.3592033677672684,3.7204908324373633,0.2,0.5375634802168731,0.4890000000000002,0
162,13,89,478,602,1080,self,6.721850635214673,3.7204908324373633,0.2,0.5375634802168731,0.7400000000000004,1
162,14,89,478,602,1080,self,6.425596864150085,3.7204908324373633,0.2,0.5375634802168731,0.7180000000000004,1
162,15,89,478,602,1080,self,6.340096750357529,3.7204908324373633,0.2,0.5375634802168731,0.5370000000000003,1
162,16,89,478,602,1080,stranger,0.5617495443061791,3.7204908324373633,0.2,0.5375634802168731,1.08,0
162,17,89,478,602,1080,stranger,0.9324245039103611,3.7204908324373633,0.2,0.5375634802168731,0.8660000000000005,0
162,18,89,478,602,1080,self,6.387728358063407,3.7204908324373633,0.2,0.5375634802168731,0.7570000000000003,1
162,19,89,478,602,1080,stranger,0.44610610068829204,3.7204908324373633,0.2,0.5375634802168731,0.41100000000000014,0
162,20,89,478,602,1080,self,6.854150840988629,3.7204908324373633,0.2,0.5375634802168731,0.7090000000000003,1
162,21,89,478,602,1080,stranger,1.4567590550487048,3.7204908324373633,0.2,0.5375634802168731,1.8889999999999247,1
162,22,89,478,602,1080,self,6.597044220066874,3.7204908324373633,0.2,0.5375634802168731,0.7290000000000003,1
162,23,89,478,602,1080,self,6.507164983149058,3.7204908324373633,0.2,0.5375634802168731,0.7370000000000003,1
162,24,89,478,602,1080,self,6.8784721331066665,3.7204908324373633,0.2,0.5375634802168731,0.5870000000000003,1
162,25,89,478,602,1080,self,6.212339606222492,3.7204908324373633,0.2,0.5375634802168731,0.7330000000000003,1
162,26,89,478,602,1080,self,6.712692866470523,3.7204908324373633,0.2,0.5375634802168731,0.6630000000000004,1
162,27,89,478,602,1080,stranger,0.2888069045767403,3.7204908324373633,0.2,0.5375634802168731,1.08,0
162,28,89,478,602,1080,self,6.33119066781636,3.7204908324373633,0.2,0.5375634802168731,0.6010000000000003,1
162,29,89,478,602,1080,self,6.441608446523484,3.7204908324373633,0.2,0.5375634802168731,0.6430000000000003,1
162,30,89,478,602,1080,self,6.206903494963688,3.7204908324373633,0.2,0.5375634802168731,0.8470000000000004,1
162,31,89,478,602,1080,self,6.2387192497009565,3.7204908324373633,0.2,0.5375634802168731,0.9100000000000006,1
162,32,89,478,602,1080,stranger,-0.19899025450008856,3.7204908324373633,0.2,0.5375634802168731,0.2720000000000001,0
162,33,89,478,602,1080,self,6.663898468918001,3.7204908324373633,0.2,0.5375634802168731,0.7890000000000004,1
162,34,89,478,602,1080,self,6.311563728714254,3.7204908324373633,0.2,0.5375634802168731,0.5860000000000003,1
162,35,89,478,602,1080,stranger,0.718364127451532,3.7204908324373633,0.2,0.5375634802168731,1.08,0
162,36,89,478,602,1080,self,6.648505587303599,3.7204908324373633,0.2,0.5375634802168731,0.6220000000000003,1
162,37,89,478,602,1080,stranger,1.4012155407685334,3.7204908324373633,0.2,0.5375634802168731,1.0570000000000006,1
162,38,89,478,602,1080,stranger,0.9017413283151405,3.7204908324373633,0.2,0.5375634802168731,1.6799999999999478,1
162,39,89,478,602,1080,stranger,1.5951367990134602,3.7204908324373633,0.2,0.5375634802168731,1.08,0
162,40,89,478,602,1080,self,7.258275292005333,3.7204908324373633,0.2,0.5375634802168731,0.7460000000000004,1
162,41,89,478,602,1080,self,6.835047721426284,3.7204908324373633,0.2,0.5375634802168731,0.6260000000000003,1
162,42,89,478,602,1080,stranger,0.7569368949493083,3.7204908324373633,0.2,0.5375634802168731,0.8630000000000004,0
162,43,89,478,602,1080,self,7.22489311448715,3.7204908324373633,0.2,0.5375634802168731,0.6620000000000004,1
162,44,89,478,602,1080,stranger,1.3427387925056486,3.7204908324373633,0.2,0.5375634802168731,1.08,0
162,45,89,478,602,1080,stranger,0.9099118839684366,3.7204908324373633,0.2,0.5375634802168731,1.414999999999977,1
162,46,89,478,602,1080,stranger,1.007540935461048,3.7204908324373633,0.2,0.5375634802168731,1.08,0
162,47,89,478,602,1080,self,5.684504429089155,3.7204908324373633,0.2,0.5375634802168731,0.6490000000000004,1
162,48,89,478,602,1080,self,6.023150419918718,3.7204908324373633,0.2,0.5375634802168731,0.8320000000000005,1
162,49,89,478,602,1080,stranger,1.3457446523163996,3.7204908324373633,0.2,0.5375634802168731,1.08,0
162,50,89,478,602,1080,stranger,0.7765346115327669,3.7204908324373633,0.2,0.5375634802168731,1.08,0
162,51,89,478,602,1080,stranger,0.7347182745186727,3.7204908324373633,0.2,0.5375634802168731,1.831999999999931,1
162,52,89,478,602,1080,stranger,0.9643111359796379,3.7204908324373633,0.2,0.5375634802168731,1.0820000000000007,0
162,53,89,478,602,1080,self,7.300496590556291,3.7204908324373633,0.2,0.5375634802168731,0.5560000000000003,1
162,54,89,478,602,1080,stranger,0.06490954252572645,3.7204908324373633,0.2,0.5375634802168731,1.08,0
162,55,89,478,602,1080,stranger,0.6493912627186524,3.7204908324373633,0.2,0.5375634802168731,0.3740000000000001,0
162,56,89,478,602,1080,stranger,0.3732471008782354,3.7204908324373633,0.2,0.5375634802168731,1.08,0
162,57,89,478,602,1080,self,5.414432733786288,3.7204908324373633,0.2,0.5375634802168731,0.7960000000000005,1
162,58,89,478,602,1080,self,6.007446361978358,3.7204908324373633,0.2,0.5375634802168731,0.7780000000000005,1
162,59,89,478,602,1080,self,6.301435206928197,3.7204908324373633,0.2,0.5375634802168731,0.6690000000000004,1
162,60,89,478,602,1080,self,7.258579036354529,3.7204908324373633,0.2,0.5375634802168731,1.0460000000000007,1
163,1,24,237,883,1120,stranger,0.61437107683849,3.5887707065828724,0.2,0.5572938935138445,1.12,0
163,2,24,237,883,1120,stranger,0.4205293606642122,3.5887707065828724,0.2,0.5572938935138445,0.6410000000000003,0
163,3,24,237,883,1120,stranger,0.24481294204503334,3.5887707065828724,0.2,0.5572938935138445,0.8350000000000004,0
163,4,24,237,883,1120,stranger,0.5594620254159783,3.5887707065828724,0.2,0.5572938935138445,0.5410000000000003,0
163,5,24,237,883,1120,stranger,0.34948231180380085,3.5887707065828724,0.2,0.5572938935138445,1.12,0
163,6,24,237,883,1120,self,3.970176650277062,3.5887707065828724,0.2,0.5572938935138445,0.6480000000000004,1
163,7,24,237,883,1120,self,3.170639655472012,3.5887707065828724,0.2,0.5572938935138445,1.0880000000000007,1
163,8,24,237,883,1120,stranger,0.39286825090012334,3.5887707065828724,0.2,0.5572938935138445,1.12,0
163,9,24,237,883,1120,self,3.2308591224443832,3.5887707065828724,0.2,0.5572938935138445,0.8340000000000005,1
163,10,24,237,883,1120,self,4.392562833943807,3.5887707065828724,0.2,0.5572938935138445,0.7600000000000005,1
163,11,24,237,883,1120,stranger,-0.7289617647611201,3.5887707065828724,0.2,0.5572938935138445,0.2700000000000001,0
163,12,24,237,883,1120,stranger,0.14251731108693422,3.5887707065828724,0.2,0.5572938935138445,0.7860000000000005,0
163,13,24,237,883,1120,self,3.1822980057853663,3.5887707065828724,0.2,0.5572938935138445,0.9580000000000006,1
163,14,24,237,883,1120,self,3.29654730149593,3.5887707065828724,0.2,0.5572938935138445,0.7950000000000004,1
163,15,24,237,883,1120,stranger,1.166279926516556,3.5887707065828724,0.2,0.5572938935138445,1.12,0
163,16,24,237,883,1120,self,3.1746387932220275,3.5887707065828724,0.2,0.5572938935138445,0.6900000000000004,1
163,17,24,237,883,1120,self,4.242541777840498,3.5887707065828724,0.2,0.5572938935138445,0.25300000000000006,0
163,18,24,237,883,1120,stranger,-0.24248337350822535,3.5887707065828724,0.2,0.5572938935138445,1.12,0
163,19,24,237,883,1120,self,3.845585303295902,3.5887707065828724,0.2,0.5572938935138445,1.1550000000000007,1
163,20,24,237,883,1120,stranger,0.10233753981316585,3.5887707065828724,0.2,0.5572938935138445,1.1610000000000007,0
163,21,24,237,883,1120,self,3.5009366535769004,3.5887707065828724,0.2,0.5572938935138445,1.1240000000000008,1
163,22,24,237,883,1120,stranger,-0.4422716359605572,3.5887707065828724,0.2,0.5572938935138445,0.6580000000000004,0
163,23,24,237,883,1120,stranger,0.9569620167245947,3.5887707065828724,0.2,0.5572938935138445,0.7080000000000004,0
163,24,24,237,883,1120,stranger,0.24668496018226294,3.5887707065828724,0.2,0.5572938935138445,0.6040000000000003,0
163,25,24,237,883,1120,self,4.161266313346531,3.5887707065828724,0.2,0.5572938935138445,0.9470000000000005,1
163,26,24,237,883,1120,stranger,-0.43636443741351905,3.5887707065828724,0.2,0.5572938935138445,0.5170000000000002,0
163,27,24,237,883,1120,stranger,0.005036054444123694,3.5887707065828724,0.2,0.5572938935138445,0.3210000000000001,0
163,28,24,237,883,1120,self,4.546583300532474,3.5887707065828724,0.2,0.5572938935138445,1.0600000000000007,1
163,29,24,237,883,1120,self,3.9318613997335925,3.5887707065828724,0.2,0.5572938935138445,0.7720000000000005,1
163,30,24,237,883,1120,stranger,0.33796480209695745,3.5887707065828724,0.2,0.5572938935138445,0.3930000000000001,0
163,31,24,237,883,1120,self,4.098632402415479,3.5887707065828724,0.2,0.5572938935138445,0.9380000000000006,1
163,32,24,237,883,1120,self,3.965929355774416,3.5887707065828724,0.2,0.5572938935138445,0.9450000000000005,1
163,33,24,237,883,1120,self,4.092127171691932,3.5887707065828724,0.2,0.5572938935138445,1.1420000000000008,1
163,34,24,237,883,1120,self,3.914729867174281,3.5887707065828724,0.2,0.5572938935138445,1.358999999999983,1
163,35,24,237,883,1120,self,3.8809393969673334,3.5887707065828724,0.2,0.5572938935138445,1.0120000000000007,1
163,36,24,237,883,1120,stranger,0.13613502904907304,3.5887707065828724,0.2,0.5572938935138445,0.5270000000000002,0
163,37,24,237,883,1120,stranger,0.18858853490402816,3.5887707065828724,0.2,0.5572938935138445,0.7580000000000005,0
163,38,24,237,883,1120,stranger,0.7109305872033207,3.5887707065828724,0.2,0.5572938935138445,0.4760000000000002,0
163,39,24,237,883,1120,self,3.581043040739667,3.5887707065828724,0.2,0.5572938935138445,0.9030000000000005,1
163,40,24,237,883,1120,self,2.790363753710025,3.5887707065828724,0.2,0.5572938935138445,1.350999999999984,1
163,41,24,237,883,1120,stranger,0.11757209435423621,3.5887707065828724,0.2,0.5572938935138445,1.12,0
163,42,24,237,883,1120,stranger,-0.0015685546471342349,3.5887707065828724,0.2,0.5572938935138445,1.12,0
163,43,24,237,883,1120,self,3.41488535850882,3.5887707065828724,0.2,0.5572938935138445,0.26200000000000007,0
163,44,24,237,883,1120,self,4.7210428195722,3.5887707065828724,0.2,0.5572938935138445,0.7370000000000003,1
163,45,24,237,883,1120,stranger,-0.010425818598361225,3.5887707065828724,0.2,0.5572938935138445,1.12,0
163,46,24,237,883,1120,self,3.2817079903279955,3.5887707065828724,0.2,0.5572938935138445,1.1940000000000008,1
163,47,24,237,883,1120,stranger,-0.3006604603081686,3.5887707065828724,0.2,0.5572938935138445,0.8420000000000005,0
163,48,24,237,883,1120,stranger,-0.1748211240170705,3.5887707065828724,0.2,0.5572938935138445,1.12,0
163,49,24,237,883,1120,self,3.251752298392965,3.5887707065828724,0.2,0.5572938935138445,1.2249999999999979,1
163,50,24,237,883,1120,self,3.935323221918849,3.5887707065828724,0.2,0.5572938935138445,0.6440000000000003,1
163,51,24,237,883,1120,self,4.240828715517066,3.5887707065828724,0.2,0.5572938935138445,0.9440000000000006,1
163,52,24,237,883,1120,self,4.190968889901982,3.5887707065828724,0.2,0.5572938935138445,0.9550000000000005,1
163,53,24,237,883,1120,stranger,-0.2015228577050593,3.5887707065828724,0.2,0.5572938935138445,1.12,0
163,54,24,237,883,1120,self,4.006379304329903,3.5887707065828724,0.2,0.5572938935138445,0.9670000000000005,1
163,55,24,237,883,1120,self,3.7730641831913907,3.5887707065828724,0.2,0.5572938935138445,1.0440000000000007,1
163,56,24,237,883,1120,stranger,0.5138029275013614,3.5887707065828724,0.2,0.5572938935138445,1.12,0
163,57,24,237,883,1120,self,3.6585203935022763,3.5887707065828724,0.2,0.5572938935138445,0.7460000000000004,1
163,58,24,237,883,1120,stranger,-0.5303666296104967,3.5887707065828724,0.2,0.5572938935138445,0.9610000000000005,0
163,59,24,237,883,1120,stranger,0.28065437450311004,3.5887707065828724,0.2,0.5572938935138445,1.4349999999999747,0
163,60,24,237,883,1120,stranger,0.12309990409140159,3.5887707065828724,0.2,0.5572938935138445,1.4659999999999713,0
164,1,10,556,516,1072,self,4.322038024939141,3.9232086426767454,0.2,0.5097868051787913,0.7860000000000005,1
164,2,10,556,516,1072,stranger,0.9229697049444653,3.9232086426767454,0.2,0.5097868051787913,1.269999999999993,1
164,3,10,556,516,1072,stranger,0.7231548729359856,3.9232086426767454,0.2,0.5097868051787913,1.3099999999999885,0
164,4,10,556,516,1072,self,3.802273490564097,3.9232086426767454,0.2,0.5097868051787913,0.9770000000000005,1
164,5,10,556,516,1072,self,4.067124462360933,3.9232086426767454,0.2,0.5097868051787913,1.0310000000000006,1
164,6,10,556,516,1072,stranger,1.2545935430334514,3.9232086426767454,0.2,0.5097868051787913,0.40200000000000014,0
164,7,10,556,516,1072,stranger,2.8194294511610964,3.9232086426767454,0.2,0.5097868051787913,0.7470000000000003,1
164,8,10,556,516,1072,self,4.06667847062069,3.9232086426767454,0.2,0.5097868051787913,0.8120000000000005,1
164,9,10,556,516,1072,self,3.682901036443938,3.9232086426767454,0.2,0.5097868051787913,0.9000000000000006,1
164,10,10,556,516,1072,self,3.809793020698478,3.9232086426767454,0.2,0.5097868051787913,1.3129999999999882,1
164,11,10,556,516,1072,stranger,0.15240196853928034,3.9232086426767454,0.2,0.5097868051787913,1.072,0
164,12,10,556,516,1072,self,3.8845882300395944,3.9232086426767454,0.2,0.5097868051787913,1.3539999999999837,1
164,13,10,556,516,1072,stranger,0.880254141299174,3.9232086426767454,0.2,0.5097868051787913,1.072,0
164,14,10,556,516,1072,stranger,1.415969497176228,3.9232086426767454,0.2,0.5097868051787913,1.072,0
164,15,10,556,516,1072,stranger,1.6125609536187875,3.9232086426767454,0.2,0.5097868051787913,1.1060000000000008,1
164,16,10,556,516,1072,stranger,1.13710207037348,3.9232086426767454,0.2,0.5097868051787913,0.41500000000000015,0
164,17,10,556,516,1072,stranger,1.4997972751899635,3.9232086426767454,0.2,0.5097868051787913,1.072,0
164,18,10,556,516,1072,stranger,1.0453526984180124,3.9232086426767454,0.2,0.5097868051787913,1.072,0
164,19,10,556,516,1072,self,5.233979529585805,3.9232086426767454,0.2,0.5097868051787913,0.7190000000000003,1
164,20,10,556,516,1072,stranger,1.1713444940716293,3.9232086426767454,0.2,0.5097868051787913,1.614999999999955,1
164,21,10,556,516,1072,stranger,0.9390069815841137,3.9232086426767454,0.2,0.5097868051787913,2.102999999999901,1
164,22,10,556,516,1072,stranger,1.3543414304916104,3.9232086426767454,0.2,0.5097868051787913,1.072,0
164,23,10,556,516,1072,stranger,1.5084386691296618,3.9232086426767454,0.2,0.5097868051787913,1.072,0
164,24,10,556,516,1072,self,3.833523429962155,3.9232086426767454,0.2,0.5097868051787913,1.2629999999999937,1
164,25,10,556,516,1072,self,3.8101594723451995,3.9232086426767454,0.2,0.5097868051787913,0.7340000000000004,1
164,26,10,556,516,1072,self,4.596625792305515,3.9232086426767454,0.2,0.5097868051787913,1.0270000000000006,1
164,27,10,556,516,1072,self,4.92118947636968,3.9232086426767454,0.2,0.5097868051787913,0.7020000000000004,1
164,28,10,556,516,1072,self,3.564547948024102,3.9232086426767454,0.2,0.5097868051787913,0.8100000000000005,1
164,29,10,556,516,1072,self,4.519568936270704,3.9232086426767454,0.2,0.5097868051787913,0.7410000000000003,1
164,30,10,556,516,1072,stranger,1.5803612261581592,3.9232086426767454,0.2,0.5097868051787913,1.7219999999999431,1
164,31,10,556,516,1072,self,4.207202158507628,3.9232086426767454,0.2,0.5097868051787913,0.7180000000000004,1
164,32,10,556,516,1072,self,4.355589025477239,3.9232086426767454,0.2,0.5097868051787913,0.9580000000000006,1
164,33,10,556,516,1072,self,5.06263935009532,3.9232086426767454,0.2,0.5097868051787913,0.8910000000000005,1
164,34,10,556,516,1072,self,5.004015231889377,3.9232086426767454,0.2,0.5097868051787913,1.0590000000000006,1
164,35,10,556,516,1072,self,3.6470407806937493,3.9232086426767454,0.2,0.5097868051787913,0.8490000000000004,1
164,36,10,556,516,1072,self,3.4812800028516238,3.9232086426767454,0.2,0.5097868051787913,1.1590000000000007,1
164,37,10,556,516,1072,stranger,1.3024733148977248,3.9232086426767454,0.2,0.5097868051787913,1.072,0
164,38,10,556,516,1072,self,4.677521127158984,3.9232086426767454,0.2,0.5097868051787913,0.9410000000000005,1
164,39,10,556,516,1072,stranger,0.3690963590071107,3.9232086426767454,0.2,0.5097868051787913,0.9150000000000005,0
164,40,10,556,516,1072,self,4.486029868356212,3.9232086426767454,0.2,0.5097868051787913,0.7390000000000003,1
164,41,10,556,516,1072,stranger,0.7384856814736103,3.9232086426767454,0.2,0.5097868051787913,1.072,0
164,42,10,556,516,1072,stranger,1.0252027708970366,3.9232086426767454,0.2,0.5097868051787913,2.140999999999897,1
164,43,10,556,516,1072,self,4.639820265218206,3.9232086426767454,0.2,0.5097868051787913,0.8030000000000004,1
164,44,10,556,516,1072,self,4.59718687078963,3.9232086426767454,0.2,0.5097868051787913,0.8190000000000004,1
164,45,10,556,516,1072,self,4.679224210319993,3.9232086426767454,0.2,0.5097868051787913,0.9870000000000005,1
164,46,10,556,516,1072,stranger,2.0412322077241223,3.9232086426767454,0.2,0.5097868051787913,1.686999999999947,1
164,47,10,556,516,1072,self,4.4461521861101625,3.9232086426767454,0.2,0.5097868051787913,0.8220000000000005,1
164,48,10,556,516,1072,self,4.340521722866218,3.9232086426767454,0.2,0.5097868051787913,0.9750000000000005,1
164,49,10,556,516,1072,stranger,0.4780212309033818,3.9232086426767454,0.2,0.5097868051787913,1.2040000000000002,1
164,50,10,556,516,1072,stranger,1.461631903724171,3.9232086426767454,0.2,0.5097868051787913,1.4579999999999722,1
164,51,10,556,516,1072,stranger,1.7070736162438704,3.9232086426767454,0.2,0.5097868051787913,1.072,0
164,52,10,556,516,1072,stranger,1.3802087505104492,3.9232086426767454,0.2,0.5097868051787913,1.1380000000000008,1
164,53,10,556,516,1072,stranger,1.468455075722631,3.9232086426767454,0.2,0.5097868051787913,1.6789999999999479,1
164,54,10,556,516,1072,self,4.501605043372631,3.9232086426767454,0.2,0.5097868051787913,0.9870000000000005,1
164,55,10,556,516,1072,stranger,0.6060973132155452,3.9232086426767454,0.2,0.5097868051787913,1.072,0
164,56,10,556,516,1072,stranger,1.929385988780143,3.9232086426767454,0.2,0.5097868051787913,1.072,0
164,57,10,556,516,1072,self,4.618041504246914,3.9232086426767454,0.2,0.5097868051787913,0.6990000000000004,1
164,58,10,556,516,1072,self,4.759781807132811,3.9232086426767454,0.2,0.5097868051787913,1.0720000000000007,1
164,59,10,556,516,1072,stranger,1.2728716731942207,3.9232086426767454,0.2,0.5097868051787913,0.2840000000000001,0
164,60,10,556,516,1072,stranger,1.4774627231403052,3.9232086426767454,0.2,0.5097868051787913,1.072,0
165,1,39,50,1226,1276,stranger,1.188008869307195,3.3197386228309322,0.2,0.6024570688322699,1.2279999999999975,1
165,2,39,50,1226,1276,stranger,0.05687474574165896,3.3197386228309322,0.2,0.6024570688322699,1.276,0
165,3,39,50,1226,1276,self,2.9302192006489998,3.3197386228309322,0.2,0.6024570688322699,0.6870000000000004,1
165,4,39,50,1226,1276,stranger,1.6260516258915463,3.3197386228309322,0.2,0.6024570688322699,1.414999999999977,1
165,5,39,50,1226,1276,self,1.5888586419824466,3.3197386228309322,0.2,0.6024570688322699,1.604999999999956,1
165,6,39,50,1226,1276,stranger,0.36503252553007526,3.3197386228309322,0.2,0.6024570688322699,1.276,0
165,7,39,50,1226,1276,self,2.5567199557927163,3.3197386228309322,0.2,0.6024570688322699,1.8349999999999307,1
165,8,39,50,1226,1276,stranger,0.36076316071515674,3.3197386228309322,0.2,0.6024570688322699,1.276,0
165,9,39,50,1226,1276,self,2.3205384361647843,3.3197386228309322,0.2,0.6024570688322699,1.513999999999966,1
165,10,39,50,1226,1276,stranger,0.2750801221276781,3.3197386228309322,0.2,0.6024570688322699,0.9320000000000006,0
165,11,39,50,1226,1276,stranger,1.0432735086259233,3.3197386228309322,0.2,0.6024570688322699,1.276,0
165,12,39,50,1226,1276,stranger,1.2845509763922867,3.3197386228309322,0.2,0.6024570688322699,0.3060000000000001,0
165,13,39,50,1226,1276,stranger,0.655808133906476,3.3197386228309322,0.2,0.6024570688322699,0.6110000000000003,0
165,14,39,50,1226,1276,self,2.5788691724090995,3.3197386228309322,0.2,0.6024570688322699,1.1290000000000007,1
165,15,39,50,1226,1276,stranger,0.6157288191799075,3.3197386228309322,0.2,0.6024570688322699,1.7799999999999367,1
165,16,39,50,1226,1276,stranger,0.45779807080748763,3.3197386228309322,0.2,0.6024570688322699,1.7529999999999397,1
165,17,39,50,1226,1276,stranger,1.4944441529374728,3.3197386228309322,0.2,0.6024570688322699,0.8450000000000004,0
165,18,39,50,1226,1276,stranger,0.875400861576578,3.3197386228309322,0.2,0.6024570688322699,1.276,0
165,19,39,50,1226,1276,stranger,0.5295878523989055,3.3197386228309322,0.2,0.6024570688322699,0.8850000000000005,0
165,20,39,50,1226,1276,stranger,0.3090319434702308,3.3197386228309322,0.2,0.6024570688322699,0.5020000000000002,0
165,21,39,50,1226,1276,stranger,0.6145180117592953,3.3197386228309322,0.2,0.6024570688322699,1.6519999999999508,1
165,22,39,50,1226,1276,stranger,0.8035473451517587,3.3197386228309322,0.2,0.6024570688322699,1.576999999999959,1
165,23,39,50,1226,1276,self,3.4372833387267745,3.3197386228309322,0.2,0.6024570688322699,0.7220000000000004,1
165,24,39,50,1226,1276,self,3.0023448515826816,3.3197386228309322,0.2,0.6024570688322699,0.7290000000000003,1
165,25,39,50,1226,1276,self,3.153918846105346,3.3197386228309322,0.2,0.6024570688322699,1.3809999999999807,1
165,26,39,50,1226,1276,self,2.807768343461582,3.3197386228309322,0.2,0.6024570688322699,1.2529999999999948,1
165,27,39,50,1226,1276,self,3.3435700972377465,3.3197386228309322,0.2,0.6024570688322699,1.1110000000000007,1
165,28,39,50,1226,1276,self,3.1504422634520806,3.3197386228309322,0.2,0.6024570688322699,0.9400000000000006,1
165,29,39,50,1226,1276,self,2.682614658029393,3.3197386228309322,0.2,0.6024570688322699,0.7900000000000005,1
165,30,39,50,1226,1276,self,2.8434685127349733,3.3197386228309322,0.2,0.6024570688322699,0.8670000000000004,1
165,31,39,50,1226,1276,stranger,0.08831822121117305,3.3197386228309322,0.2,0.6024570688322699,1.276,0
165,32,39,50,1226,1276,self,2.184161263467688,3.3197386228309322,0.2,0.6024570688322699,1.6989999999999457,1
165,33,39,50,1226,1276,self,2.7360088722957983,3.3197386228309322,0.2,0.6024570688322699,0.9410000000000005,1
165,34,39,50,1226,1276,stranger,0.638281810979977,3.3197386228309322,0.2,0.6024570688322699,1.276,0
165,35,39,50,1226,1276,self,2.2976053254004665,3.3197386228309322,0.2,0.6024570688322699,0.8030000000000004,0
165,36,39,50,1226,1276,self,2.5059837363317943,3.3197386228309322,0.2,0.6024570688322699,0.8660000000000005,1
165,37,39,50,1226,1276,stranger,0.9482537857277915,3.3197386228309322,0.2,0.6024570688322699,1.276,0
165,38,39,50,1226,1276,self,2.7288114073726657,3.3197386228309322,0.2,0.6024570688322699,1.6549999999999505,1
165,39,39,50,1226,1276,stranger,0.9372104937118129,3.3197386228309322,0.2,0.6024570688322699,1.0730000000000006,1
165,40,39,50,1226,1276,self,3.6198482053143906,3.3197386228309322,0.2,0.6024570688322699,1.3739999999999815,1
165,41,39,50,1226,1276,stranger,1.034420347649108,3.3197386228309322,0.2,0.6024570688322699,1.5429999999999628,1
165,42,39,50,1226,1276,stranger,1.0778560584995027,3.3197386228309322,0.2,0.6024570688322699,0.26000000000000006,0
165,43,39,50,1226,1276,self,3.268377870185266,3.3197386228309322,0.2,0.6024570688322699,0.6880000000000004,1
165,44,39,50,1226,1276,self,2.535463868213487,3.3197386228309322,0.2,0.6024570688322699,1.1560000000000008,1
165,45,39,50,1226,1276,stranger,0.44961587308652107,3.3197386228309322,0.2,0.6024570688322699,1.276,0
165,46,39,50,1226,1276,stranger,-0.38344766384662177,3.3197386228309322,0.2,0.6024570688322699,0.2750000000000001,0
165,47,39,50,1226,1276,self,2.6376997497358596,3.3197386228309322,0.2,0.6024570688322699,1.0700000000000007,1
165,48,39,50,1226,1276,self,1.9019334010405202,3.3197386228309322,0.2,0.6024570688322699,1.276,0
165,49,39,50,1226,1276,stranger,1.7244790045992142,3.3197386228309322,0.2,0.6024570688322699,1.250999999999995,1
165,50,39,50,1226,1276,self,2.774032874050235,3.3197386228309322,0.2,0.6024570688322699,1.1650000000000007,1
165,51,39,50,1226,1276,self,3.5592474634337172,3.3197386228309322,0.2,0.6024570688322699,0.7560000000000004,1
165,52,39,50,1226,1276,self,3.1514920456659468,3.3197386228309322,0.2,0.6024570688322699,0.9850000000000005,1
165,53,39,50,1226,1276,stranger,0.6809409816911819,3.3197386228309322,0.2,0.6024570688322699,2.1919999999998914,1
165,54,39,50,1226,1276,stranger,1.528645448032919,3.3197386228309322,0.2,0.6024570688322699,1.1330000000000007,1
165,55,39,50,1226,1276,stranger,1.0884377307783668,3.3197386228309322,0.2,0.6024570688322699,1.276,0
165,56,39,50,1226,1276,self,2.8338940335370584,3.3197386228309322,0.2,0.6024570688322699,2.0379999999999083,1
165,57,39,50,1226,1276,stranger,1.3496365405034294,3.3197386228309322,0.2,0.6024570688322699,1.276,0
165,58,39,50,1226,1276,self,3.003441971787608,3.3197386228309322,0.2,0.6024570688322699,2.0729999999999045,1
165,59,39,50,1226,1276,self,3.417965450120903,3.3197386228309322,0.2,0.6024570688322699,0.9830000000000005,1
165,60,39,50,1226,1276,self,3.4273381577154627,3.3197386228309322,0.2,0.6024570688322699,1.2119999999999993,1
166,1,92,244,595,839,stranger,2.322860018546314,3.2349174320540457,0.2,0.6182538015290481,1.3159999999999878,1
166,2,92,244,595,839,stranger,2.450357179625281,3.2349174320540457,0.2,0.6182538015290481,1.0710000000000006,1
166,3,92,244,595,839,stranger,2.356875107431592,3.2349174320540457,0.2,0.6182538015290481,1.3349999999999858,1
166,4,92,244,595,839,stranger,1.2001413625667339,3.2349174320540457,0.2,0.6182538015290481,1.4479999999999733,1
166,5,92,244,595,839,self,6.257682254048858,3.2349174320540457,0.2,0.6182538015290481,0.7810000000000004,1
166,6,92,244,595,839,self,6.576162065721784,3.2349174320540457,0.2,0.6182538015290481,0.5520000000000003,1
166,7,92,244,595,839,self,5.6917219887782196,3.2349174320540457,0.2,0.6182538015290481,0.7160000000000004,1
166,8,92,244,595,839,stranger,2.119113851153857,3.2349174320540457,0.2,0.6182538015290481,0.7560000000000004,1
166,9,92,244,595,839,self,5.408341361379427,3.2349174320540457,0.2,0.6182538015290481,0.6440000000000003,1
166,10,92,244,595,839,stranger,1.7958874468645427,3.2349174320540457,0.2,0.6182538015290481,1.9909999999999135,1
166,11,92,244,595,839,stranger,1.3489895180603182,3.2349174320540457,0.2,0.6182538015290481,0.43200000000000016,0
166,12,92,244,595,839,self,7.971927419440096,3.2349174320540457,0.2,0.6182538015290481,0.4980000000000002,1
166,13,92,244,595,839,self,7.360059503982215,3.2349174320540457,0.2,0.6182538015290481,0.4690000000000002,1
166,14,92,244,595,839,stranger,1.5166286867291292,3.2349174320540457,0.2,0.6182538015290481,1.0700000000000007,1
166,15,92,244,595,839,stranger,2.4573822147080726,3.2349174320540457,0.2,0.6182538015290481,0.839,0
166,16,92,244,595,839,self,6.1072724941601875,3.2349174320540457,0.2,0.6182538015290481,0.6330000000000003,1
166,17,92,244,595,839,self,6.906468530845163,3.2349174320540457,0.2,0.6182538015290481,0.5990000000000003,1
166,18,92,244,595,839,stranger,2.2883819041024775,3.2349174320540457,0.2,0.6182538015290481,0.9160000000000006,1
166,19,92,244,595,839,self,7.275014496747194,3.2349174320540457,0.2,0.6182538015290481,0.4900000000000002,1
166,20,92,244,595,839,stranger,1.9146007814732455,3.2349174320540457,0.2,0.6182538015290481,1.4709999999999708,1
166,21,92,244,595,839,self,6.894859691232179,3.2349174320540457,0.2,0.6182538015290481,0.5990000000000003,1
166,22,92,244,595,839,self,5.962293432946324,3.2349174320540457,0.2,0.6182538015290481,0.5610000000000003,1
166,23,92,244,595,839,stranger,1.6849440420604715,3.2349174320540457,0.2,0.6182538015290481,0.2730000000000001,0
166,24,92,244,595,839,stranger,1.7326489532987799,3.2349174320540457,0.2,0.6182538015290481,1.4459999999999735,1
166,25,92,244,595,839,self,6.6044054498389295,3.2349174320540457,0.2,0.6182538015290481,0.7640000000000005,1
166,26,92,244,595,839,self,6.010009335654613,3.2349174320540457,0.2,0.6182538015290481,0.5320000000000003,1
166,27,92,244,595,839,self,5.877283864162558,3.2349174320540457,0.2,0.6182538015290481,0.6220000000000003,1
166,28,92,244,595,839,self,6.216331310299273,3.2349174320540457,0.2,0.6182538015290481,0.6730000000000004,1
166,29,92,244,595,839,stranger,2.883037858300482,3.2349174320540457,0.2,0.6182538015290481,0.6160000000000003,1
166,30,92,244,595,839,stranger,2.1522792345137516,3.2349174320540457,0.2,0.6182538015290481,1.340999999999985,1
166,31,92,244,595,839,self,6.674340502117975,3.2349174320540457,0.2,0.6182538015290481,0.5040000000000002,1
166,32,92,244,595,839,self,6.495319819592498,3.2349174320540457,0.2,0.6182538015290481,0.6110000000000003,1
166,33,92,244,595,839,stranger,1.3054999391279496,3.2349174320540457,0.2,0.6182538015290481,1.7939999999999352,1
166,34,92,244,595,839,stranger,2.6364998741082983,3.2349174320540457,0.2,0.6182538015290481,0.8690000000000004,1
166,35,92,244,595,839,self,5.799048069722706,3.2349174320540457,0.2,0.6182538015290481,0.6240000000000003,1
166,36,92,244,595,839,self,6.404186616270078,3.2349174320540457,0.2,0.6182538015290481,0.5900000000000003,1
166,37,92,244,595,839,self,6.338722132291002,3.2349174320540457,0.2,0.6182538015290481,0.6490000000000004,1
166,38,92,244,595,839,stranger,1.2918640288660335,3.2349174320540457,0.2,0.6182538015290481,0.9400000000000006,1
166,39,92,244,595,839,self,6.330843306858838,3.2349174320540457,0.2,0.6182538015290481,0.9270000000000005,1
166,40,92,244,595,839,self,6.12664870547497,3.2349174320540457,0.2,0.6182538015290481,0.4760000000000002,1
166,41,92,244,595,839,self,6.620392640303581,3.2349174320540457,0.2,0.6182538015290481,0.6340000000000003,1
166,42,92,244,595,839,self,6.026745292918276,3.2349174320540457,0.2,0.6182538015290481,0.7140000000000004,1
166,43,92,244,595,839,stranger,2.051671687294137,3.2349174320540457,0.2,0.6182538015290481,0.839,0
166,44,92,244,595,839,self,7.0748465747656395,3.2349174320540457,0.2,0.6182538015290481,0.4900000000000002,1
166,45,92,244,595,839,stranger,2.8816607917038066,3.2349174320540457,0.2,0.6182538015290481,1.7429999999999408,1
166,46,92,244,595,839,stranger,1.92726857980786,3.2349174320540457,0.2,0.6182538015290481,0.39700000000000013,0
166,47,92,244,595,839,stranger,2.4467945682607426,3.2349174320540457,0.2,0.6182538015290481,1.1080000000000008,1
166,48,92,244,595,839,stranger,2.4417406204620127,3.2349174320540457,0.2,0.6182538015290481,1.4089999999999776,1
166,49,92,244,595,839,self,5.732814872692167,3.2349174320540457,0.2,0.6182538015290481,0.9710000000000005,1
166,50,92,244,595,839,stranger,2.1307949373996533,3.2349174320540457,0.2,0.6182538015290481,1.1190000000000007,1
166,51,92,244,595,839,self,6.070774811101576,3.2349174320540457,0.2,0.6182538015290481,0.4820000000000002,1
166,52,92,244,595,839,self,7.420721019295279,3.2349174320540457,0.2,0.6182538015290481,0.5140000000000002,1
166,53,92,244,595,839,stranger,1.942677773425212,3.2349174320540457,0.2,0.6182538015290481,1.0240000000000007,1
166,54,92,244,595,839,self,6.097374582859855,3.2349174320540457,0.2,0.6182538015290481,0.7490000000000003,1
166,55,92,244,595,839,stranger,2.1233928937522855,3.2349174320540457,0.2,0.6182538015290481,1.6479999999999513,1
166,56,92,244,595,839,stranger,1.8920822313119847,3.2349174320540457,0.2,0.6182538015290481,1.0200000000000007,1
166,57,92,244,595,839,self,6.769330890032823,3.2349174320540457,0.2,0.6182538015290481,0.4990000000000002,1
166,58,92,244,595,839,stranger,1.0802766468669387,3.2349174320540457,0.2,0.6182538015290481,0.839,0
166,59,92,244,595,839,stranger,1.9659432912984192,3.2349174320540457,0.2,0.6182538015290481,2.032999999999909,1
166,60,92,244,595,839,stranger,2.885035222296043,3.2349174320540457,0.2,0.6182538015290481,0.5800000000000003,1
167,1,23,199,955,1154,stranger,-0.8267970572470721,3.2970998645968495,0.2,0.6065936981391823,0.8760000000000006,0
167,2,23,199,955,1154,self,3.9205769873909535,3.2970998645968495,0.2,0.6065936981391823,0.7850000000000004,1
167,3,23,199,955,1154,stranger,-0.4455173522501237,3.2970998645968495,0.2,0.6065936981391823,0.2980000000000001,0
167,4,23,199,955,1154,self,3.8487531762202005,3.2970998645968495,0.2,0.6065936981391823,0.7860000000000005,1
167,5,23,199,955,1154,self,2.6730783709083594,3.2970998645968495,0.2,0.6065936981391823,0.9680000000000006,1
167,6,23,199,955,1154,stranger,-0.11264312852731906,3.2970998645968495,0.2,0.6065936981391823,0.7750000000000004,0
167,7,23,199,955,1154,self,3.7136262518943353,3.2970998645968495,0.2,0.6065936981391823,1.231999999999997,1
167,8,23,199,955,1154,self,3.268153505367116,3.2970998645968495,0.2,0.6065936981391823,0.7790000000000004,1
167,9,23,199,955,1154,stranger,0.728923841374866,3.2970998645968495,0.2,0.6065936981391823,1.154,0
167,10,23,199,955,1154,self,3.836140699693307,3.2970998645968495,0.2,0.6065936981391823,0.7810000000000004,1
167,11,23,199,955,1154,stranger,0.3176039225333789,3.2970998645968495,0.2,0.6065936981391823,1.5109999999999664,1
167,12,23,199,955,1154,stranger,-0.1464891083505362,3.2970998645968495,0.2,0.6065936981391823,1.332999999999986,0
167,13,23,199,955,1154,stranger,0.6440752224623907,3.2970998645968495,0.2,0.6065936981391823,1.154,0
167,14,23,199,955,1154,stranger,0.20689922089688695,3.2970998645968495,0.2,0.6065936981391823,1.154,0
167,15,23,199,955,1154,self,3.207293899002436,3.2970998645968495,0.2,0.6065936981391823,0.9770000000000005,1
167,16,23,199,955,1154,self,3.3751554176727288,3.2970998645968495,0.2,0.6065936981391823,0.9240000000000006,1
167,17,23,199,955,1154,stranger,0.5174451126327706,3.2970998645968495,0.2,0.6065936981391823,0.6450000000000004,0
167,18,23,199,955,1154,self,3.3108995093517803,3.2970998645968495,0.2,0.6065936981391823,0.9070000000000005,1
167,19,23,199,955,1154,self,3.634770169890869,3.2970998645968495,0.2,0.6065936981391823,1.2219999999999982,1
167,20,23,199,955,1154,self,3.0966488014600264,3.2970998645968495,0.2,0.6065936981391823,0.8990000000000005,1
167,21,23,199,955,1154,self,2.459351190478401,3.2970998645968495,0.2,0.6065936981391823,1.1070000000000007,1
167,22,23,199,955,1154,self,3.4076974085669116,3.2970998645968495,0.2,0.6065936981391823,1.0980000000000008,1
167,23,23,199,955,1154,self,3.214812227602171,3.2970998645968495,0.2,0.6065936981391823,1.1380000000000008,1
167,24,23,199,955,1154,stranger,-0.7353235837865028,3.2970998645968495,0.2,0.6065936981391823,0.5750000000000003,0
167,25,23,199,955,1154,stranger,-0.10970007609724552,3.2970998645968495,0.2,0.6065936981391823,0.4700000000000002,0
167,26,23,199,955,1154,stranger,0.31628962972673347,3.2970998645968495,0.2,0.6065936981391823,1.154,0
167,27,23,199,955,1154,self,3.569818430454742,3.2970998645968495,0.2,0.6065936981391823,0.7900000000000005,1
167,28,23,199,955,1154,stranger,-0.48277949888999605,3.2970998645968495,0.2,0.6065936981391823,0.6590000000000004,0
167,29,23,199,955,1154,stranger,-0.5195504864841708,3.2970998645968495,0.2,0.6065936981391823,0.3630000000000001,0
167,30,23,199,955,1154,self,3.4879611645128037,3.2970998645968495,0.2,0.6065936981391823,0.5260000000000002,1
167,31,23,199,955,1154,self,3.103754086244659,3.2970998645968495,0.2,0.6065936981391823,0.7980000000000005,1
167,32,23,199,955,1154,stranger,0.1208809493205476,3.2970998645968495,0.2,0.6065936981391823,0.6700000000000004,0
167,33,23,199,955,1154,self,3.9529260075662123,3.2970998645968495,0.2,0.6065936981391823,1.0150000000000006,1
167,34,23,199,955,1154,stranger,0.12981158298150008,3.2970998645968495,0.2,0.6065936981391823,0.3090000000000001,0
167,35,23,199,955,1154,stranger,0.7578495345141789,3.2970998645968495,0.2,0.6065936981391823,1.1480000000000008,1
167,36,23,199,955,1154,stranger,0.4310686208242904,3.2970998645968495,0.2,0.6065936981391823,0.9300000000000006,0
167,37,23,199,955,1154,stranger,-1.0052336028732811,3.2970998645968495,0.2,0.6065936981391823,1.369999999999982,0
167,38,23,199,955,1154,stranger,0.520783099392162,3.2970998645968495,0.2,0.6065936981391823,1.154,0
167,39,23,199,955,1154,self,3.8260404738983533,3.2970998645968495,0.2,0.6065936981391823,0.7720000000000005,1
167,40,23,199,955,1154,self,3.3649643180781883,3.2970998645968495,0.2,0.6065936981391823,1.1450000000000007,1
167,41,23,199,955,1154,self,3.464723040664925,3.2970998645968495,0.2,0.6065936981391823,0.6730000000000004,1
167,42,23,199,955,1154,self,3.4061550650549375,3.2970998645968495,0.2,0.6065936981391823,0.5580000000000003,1
167,43,23,199,955,1154,stranger,0.24700121446503065,3.2970998645968495,0.2,0.6065936981391823,1.154,0
167,44,23,199,955,1154,self,3.268259471029535,3.2970998645968495,0.2,0.6065936981391823,0.6880000000000004,1
167,45,23,199,955,1154,stranger,-0.6202739068891601,3.2970998645968495,0.2,0.6065936981391823,1.154,0
167,46,23,199,955,1154,stranger,1.166675876498438,3.2970998645968495,0.2,0.6065936981391823,0.6770000000000004,1
167,47,23,199,955,1154,self,3.989657068711721,3.2970998645968495,0.2,0.6065936981391823,0.7230000000000003,1
167,48,23,199,955,1154,stranger,-0.35910084156025324,3.2970998645968495,0.2,0.6065936981391823,0.9890000000000005,0
167,49,23,199,955,1154,stranger,-0.11458698785942467,3.2970998645968495,0.2,0.6065936981391823,0.6630000000000004,0
167,50,23,199,955,1154,self,3.3022336013585534,3.2970998645968495,0.2,0.6065936981391823,1.1000000000000008,1
167,51,23,199,955,1154,self,3.253364112735184,3.2970998645968495,0.2,0.6065936981391823,0.8850000000000005,1
167,52,23,199,955,1154,stranger,0.34704767527196934,3.2970998645968495,0.2,0.6065936981391823,1.2189999999999985,0
167,53,23,199,955,1154,self,3.465321263869866,3.2970998645968495,0.2,0.6065936981391823,0.6350000000000003,1
167,54,23,199,955,1154,stranger,-1.0849596879084178,3.2970998645968495,0.2,0.6065936981391823,1.9529999999999177,0
167,55,23,199,955,1154,stranger,-0.07277674241873766,3.2970998645968495,0.2,0.6065936981391823,1.1240000000000008,0
167,56,23,199,955,1154,self,3.673862534647345,3.2970998645968495,0.2,0.6065936981391823,1.2859999999999912,1
167,57,23,199,955,1154,stranger,0.12164530615988234,3.2970998645968495,0.2,0.6065936981391823,0.3920000000000001,0
167,58,23,199,955,1154,self,3.4765808101656717,3.2970998645968495,0.2,0.6065936981391823,0.9310000000000005,1
167,59,23,199,955,1154,self,3.920293430336251,3.2970998645968495,0.2,0.6065936981391823,1.0100000000000007,1
167,60,23,199,955,1154,stranger,-0.8118750376686952,3.2970998645968495,0.2,0.6065936981391823,1.2829999999999915,0
168,1,22,163,1015,1178,self,2.781128674802442,3.507751497437242,0.2,0.5701658174648908,1.1840000000000008,1
168,2,22,163,1015,1178,self,3.0913792939055833,3.507751497437242,0.2,0.5701658174648908,1.1970000000000007,1
168,3,22,163,1015,1178,self,3.012384304975696,3.507751497437242,0.2,0.5701658174648908,0.8210000000000004,1
168,4,22,163,1015,1178,stranger,-0.10986454891957009,3.507751497437242,0.2,0.5701658174648908,1.3359999999999856,0
168,5,22,163,1015,1178,stranger,0.3577334012742326,3.507751497437242,0.2,0.5701658174648908,2.003999999999912,1
168,6,22,163,1015,1178,stranger,-0.12301186435748357,3.507751497437242,0.2,0.5701658174648908,0.3570000000000001,0
168,7,22,163,1015,1178,stranger,-0.6726916689659405,3.507751497437242,0.2,0.5701658174648908,0.43800000000000017,0
168,8,22,163,1015,1178,self,3.294227169104593,3.507751497437242,0.2,0.5701658174648908,1.2129999999999992,1
168,9,22,163,1015,1178,stranger,-0.7432913519604337,3.507751497437242,0.2,0.5701658174648908,1.0900000000000007,0
168,10,22,163,1015,1178,self,2.0712697401474642,3.507751497437242,0.2,0.5701658174648908,2.0019999999999123,1
168,11,22,163,1015,1178,self,1.9670986985526497,3.507751497437242,0.2,0.5701658174648908,0.9610000000000005,1
168,12,22,163,1015,1178,self,2.7926775035071962,3.507751497437242,0.2,0.5701658174648908,1.0920000000000007,1
168,13,22,163,1015,1178,stranger,-0.30406498943230575,3.507751497437242,0.2,0.5701658174648908,0.3010000000000001,0
168,14,22,163,1015,1178,self,2.5599392985859417,3.507751497437242,0.2,0.5701658174648908,1.423999999999976,1
168,15,22,163,1015,1178,stranger,-0.24431556603767468,3.507751497437242,0.2,0.5701658174648908,1.178,0
168,16,22,163,1015,1178,stranger,-0.5721329464459166,3.507751497437242,0.2,0.5701658174648908,0.5380000000000003,0
168,17,22,163,1015,1178,self,3.390813530686673,3.507751497437242,0.2,0.5701658174648908,0.9040000000000006,1
168,18,22,163,1015,1178,self,3.3875265692369583,3.507751497437242,0.2,0.5701658174648908,1.4549999999999725,1
168,19,22,163,1015,1178,self,2.0610037060308146,3.507751497437242,0.2,0.5701658174648908,1.0380000000000007,1
168,20,22,163,1015,1178,stranger,-0.7035528328140187,3.507751497437242,0.2,0.5701658174648908,0.3130000000000001,0
168,21,22,163,1015,1178,stranger,-0.4415518743468374,3.507751497437242,0.2,0.5701658174648908,1.0560000000000007,0
168,22,22,163,1015,1178,stranger,0.36602535486367693,3.507751497437242,0.2,0.5701658174648908,0.8090000000000004,0
168,23,22,163,1015,1178,stranger,-0.31049999073476164,3.507751497437242,0.2,0.5701658174648908,0.40100000000000013,0
168,24,22,163,1015,1178,self,2.25060757127606,3.507751497437242,0.2,0.5701658174648908,1.1820000000000008,1
168,25,22,163,1015,1178,self,2.5500011353976006,3.507751497437242,0.2,0.5701658174648908,1.0720000000000007,1
168,26,22,163,1015,1178,self,2.466465358728616,3.507751497437242,0.2,0.5701658174648908,1.2010000000000005,1
168,27,22,163,1015,1178,self,2.192261687506771,3.507751497437242,0.2,0.5701658174648908,1.178,0
168,28,22,163,1015,1178,stranger,0.5908555122107304,3.507751497437242,0.2,0.5701658174648908,0.41200000000000014,0
168,29,22,163,1015,1178,self,2.0649175747916866,3.507751497437242,0.2,0.5701658174648908,0.9500000000000006,1
168,30,22,163,1015,1178,stranger,0.31803019676497124,3.507751497437242,0.2,0.5701658174648908,0.3790000000000001,0
168,31,22,163,1015,1178,stranger,0.5764008556282108,3.507751497437242,0.2,0.5701658174648908,0.3410000000000001,0
168,32,22,163,1015,1178,stranger,-0.9332119805669631,3.507751497437242,0.2,0.5701658174648908,0.3520000000000001,0
168,33,22,163,1015,1178,stranger,0.12012837418189726,3.507751497437242,0.2,0.5701658174648908,0.5180000000000002,0
168,34,22,163,1015,1178,self,2.5560880497718292,3.507751497437242,0.2,0.5701658174648908,0.8870000000000005,1
168,35,22,163,1015,1178,stranger,-0.19807330390342404,3.507751497437242,0.2,0.5701658174648908,0.6150000000000003,0
168,36,22,163,1015,1178,stranger,1.3040561950836083,3.507751497437242,0.2,0.5701658174648908,1.3559999999999834,1
168,37,22,163,1015,1178,stranger,-0.23224796431481354,3.507751497437242,0.2,0.5701658174648908,0.3520000000000001,0
168,38,22,163,1015,1178,self,3.0561691314578026,3.507751497437242,0.2,0.5701658174648908,0.8410000000000004,1
168,39,22,163,1015,1178,self,2.737964190258791,3.507751497437242,0.2,0.5701658174648908,1.4029999999999783,1
168,40,22,163,1015,1178,stranger,0.5565752954333585,3.507751497437242,0.2,0.5701658174648908,2.1259999999998986,1
168,41,22,163,1015,1178,self,2.751372255410737,3.507751497437242,0.2,0.5701658174648908,0.8840000000000006,1
168,42,22,163,1015,1178,self,2.497948374148378,3.507751497437242,0.2,0.5701658174648908,0.9950000000000006,1
168,43,22,163,1015,1178,stranger,0.7512200476466517,3.507751497437242,0.2,0.5701658174648908,0.2940000000000001,0
168,44,22,163,1015,1178,self,2.747768413021653,3.507751497437242,0.2,0.5701658174648908,1.1510000000000007,1
168,45,22,163,1015,1178,stranger,0.08650760929876267,3.507751497437242,0.2,0.5701658174648908,1.178,0
168,46,22,163,1015,1178,self,3.4213640470065743,3.507751497437242,0.2,0.5701658174648908,0.7940000000000005,1
168,47,22,163,1015,1178,stranger,0.4812244418090985,3.507751497437242,0.2,0.5701658174648908,1.178,0
168,48,22,163,1015,1178,stranger,-0.25823754010006894,3.507751497437242,0.2,0.5701658174648908,1.0510000000000006,0
168,49,22,163,1015,1178,stranger,-0.047150703258801885,3.507751497437242,0.2,0.5701658174648908,0.26300000000000007,0
168,50,22,163,1015,1178,self,1.6767317173745402,3.507751497437242,0.2,0.5701658174648908,1.7659999999999383,1
168,51,22,163,1015,1178,stranger,0.054419148888148805,3.507751497437242,0.2,0.5701658174648908,0.7060000000000004,0
168,52,22,163,1015,1178,self,2.441922980126658,3.507751497437242,0.2,0.5701658174648908,1.2859999999999912,1
168,53,22,163,1015,1178,self,3.160543946205271,3.507751497437242,0.2,0.5701658174648908,0.25700000000000006,0
168,54,22,163,1015,1178,stranger,0.30564776559142026,3.507751497437242,0.2,0.5701658174648908,1.178,0
168,55,22,163,1015,1178,self,3.2633409826297735,3.507751497437242,0.2,0.5701658174648908,1.0570000000000006,1
168,56,22,163,1015,1178,stranger,-1.0938750263421473,3.507751497437242,0.2,0.5701658174648908,0.4560000000000002,0
168,57,22,163,1015,1178,self,3.1969311680575148,3.507751497437242,0.2,0.5701658174648908,1.5349999999999637,1
168,58,22,163,1015,1178,self,3.5550145443958305,3.507751497437242,0.2,0.5701658174648908,1.4989999999999677,1
168,59,22,163,1015,1178,stranger,0.33785290225877973,3.507751497437242,0.2,0.5701658174648908,1.178,0
168,60,22,163,1015,1178,self,3.5638798320316853,3.507751497437242,0.2,0.5701658174648908,1.0690000000000006,1
169,1,75,44,1090,1134,stranger,0.6804959233770005,2.7880853688205054,0.2,0.7173381498164443,1.1340000000000001,0
169,2,75,44,1090,1134,stranger,0.8284729640592343,2.7880853688205054,0.2,0.7173381498164443,1.1970000000000007,1
169,3,75,44,1090,1134,self,3.8931537654692305,2.7880853688205054,0.2,0.7173381498164443,1.0540000000000007,1
169,4,75,44,1090,1134,stranger,0.8945187671595648,2.7880853688205054,0.2,0.7173381498164443,0.3430000000000001,0
169,5,75,44,1090,1134,stranger,1.352010014341138,2.7880853688205054,0.2,0.7173381498164443,1.2899999999999907,1
169,6,75,44,1090,1134,self,2.9106148087884334,2.7880853688205054,0.2,0.7173381498164443,1.0210000000000006,1
169,7,75,44,1090,1134,stranger,0.6775447772681991,2.7880853688205054,0.2,0.7173381498164443,0.5360000000000003,0
169,8,75,44,1090,1134,stranger,0.3439596044186584,2.7880853688205054,0.2,0.7173381498164443,1.7209999999999432,1
169,9,75,44,1090,1134,stranger,1.0909847345181782,2.7880853688205054,0.2,0.7173381498164443,1.1340000000000001,0
169,10,75,44,1090,1134,stranger,1.7284538207392584,2.7880853688205054,0.2,0.7173381498164443,0.8580000000000005,1
169,11,75,44,1090,1134,self,2.8553746921681546,2.7880853688205054,0.2,0.7173381498164443,0.9580000000000006,1
169,12,75,44,1090,1134,self,2.4480103391602586,2.7880853688205054,0.2,0.7173381498164443,0.7050000000000003,1
169,13,75,44,1090,1134,self,2.809504725901068,2.7880853688205054,0.2,0.7173381498164443,0.5980000000000003,1
169,14,75,44,1090,1134,stranger,0.9529855363542841,2.7880853688205054,0.2,0.7173381498164443,0.4930000000000002,0
169,15,75,44,1090,1134,self,3.231453381208289,2.7880853688205054,0.2,0.7173381498164443,0.8740000000000006,1
169,16,75,44,1090,1134,stranger,0.31933472465060503,2.7880853688205054,0.2,0.7173381498164443,0.6270000000000003,0
169,17,75,44,1090,1134,stranger,0.8374987705328644,2.7880853688205054,0.2,0.7173381498164443,1.1340000000000001,0
169,18,75,44,1090,1134,stranger,0.5409050250827762,2.7880853688205054,0.2,0.7173381498164443,0.8570000000000004,1
169,19,75,44,1090,1134,self,3.1113834921245878,2.7880853688205054,0.2,0.7173381498164443,0.9360000000000006,1
169,20,75,44,1090,1134,self,3.0210536032726303,2.7880853688205054,0.2,0.7173381498164443,0.8020000000000005,1
169,21,75,44,1090,1134,stranger,2.0763520358469916,2.7880853688205054,0.2,0.7173381498164443,1.5179999999999656,1
169,22,75,44,1090,1134,stranger,0.42629535622326575,2.7880853688205054,0.2,0.7173381498164443,1.1340000000000001,0
169,23,75,44,1090,1134,self,2.309239527600026,2.7880853688205054,0.2,0.7173381498164443,0.8650000000000004,1
169,24,75,44,1090,1134,stranger,0.5413921603187848,2.7880853688205054,0.2,0.7173381498164443,1.1340000000000001,0
169,25,75,44,1090,1134,stranger,1.152296499420364,2.7880853688205054,0.2,0.7173381498164443,0.9010000000000005,1
169,26,75,44,1090,1134,stranger,1.5646399145497778,2.7880853688205054,0.2,0.7173381498164443,0.5700000000000003,0
169,27,75,44,1090,1134,stranger,1.3202129337279747,2.7880853688205054,0.2,0.7173381498164443,1.7129999999999441,0
169,28,75,44,1090,1134,self,3.048744254018597,2.7880853688205054,0.2,0.7173381498164443,0.5970000000000003,1
169,29,75,44,1090,1134,self,2.6713191006628776,2.7880853688205054,0.2,0.7173381498164443,0.8730000000000004,1
169,30,75,44,1090,1134,stranger,0.5432817281314168,2.7880853688205054,0.2,0.7173381498164443,1.1340000000000001,0
169,31,75,44,1090,1134,stranger,0.707967111015366,2.7880853688205054,0.2,0.7173381498164443,1.1340000000000001,0
169,32,75,44,1090,1134,self,2.6609356350897477,2.7880853688205054,0.2,0.7173381498164443,0.6300000000000003,1
169,33,75,44,1090,1134,self,2.2153956026265313,2.7880853688205054,0.2,0.7173381498164443,1.686999999999947,1
169,34,75,44,1090,1134,self,3.262827327347494,2.7880853688205054,0.2,0.7173381498164443,0.6090000000000003,1
169,35,75,44,1090,1134,self,2.342748059171526,2.7880853688205054,0.2,0.7173381498164443,1.0530000000000006,1
169,36,75,44,1090,1134,self,3.1583546059385053,2.7880853688205054,0.2,0.7173381498164443,0.8280000000000005,1
169,37,75,44,1090,1134,self,2.7441475429717377,2.7880853688205054,0.2,0.7173381498164443,0.8950000000000005,1
169,38,75,44,1090,1134,stranger,1.6335024378971812,2.7880853688205054,0.2,0.7173381498164443,1.1470000000000007,1
169,39,75,44,1090,1134,self,2.0888029638859273,2.7880853688205054,0.2,0.7173381498164443,1.0760000000000007,1
169,40,75,44,1090,1134,stranger,0.8779834776070444,2.7880853688205054,0.2,0.7173381498164443,1.559999999999961,1
169,41,75,44,1090,1134,stranger,0.16541210053624913,2.7880853688205054,0.2,0.7173381498164443,1.3859999999999801,0
169,42,75,44,1090,1134,self,3.4319449479526,2.7880853688205054,0.2,0.7173381498164443,0.5390000000000003,1
169,43,75,44,1090,1134,stranger,0.5113586974789472,2.7880853688205054,0.2,0.7173381498164443,1.1180000000000008,0
169,44,75,44,1090,1134,stranger,0.049818124503214455,2.7880853688205054,0.2,0.7173381498164443,1.1340000000000001,0
169,45,75,44,1090,1134,self,1.9965153904422637,2.7880853688205054,0.2,0.7173381498164443,0.9140000000000006,1
169,46,75,44,1090,1134,stranger,0.5269071614662808,2.7880853688205054,0.2,0.7173381498164443,2.1109999999999003,0
169,47,75,44,1090,1134,self,3.415014583603186,2.7880853688205054,0.2,0.7173381498164443,0.4900000000000002,1
169,48,75,44,1090,1134,self,3.197420603311398,2.7880853688205054,0.2,0.7173381498164443,0.8450000000000004,1
169,49,75,44,1090,1134,self,2.664917365383989,2.7880853688205054,0.2,0.7173381498164443,0.9940000000000007,1
169,50,75,44,1090,1134,self,2.8417332525299615,2.7880853688205054,0.2,0.7173381498164443,0.7590000000000003,1
169,51,75,44,1090,1134,stranger,-0.32265836372957724,2.7880853688205054,0.2,0.7173381498164443,0.5400000000000003,0
169,52,75,44,1090,1134,self,2.472140860251551,2.7880853688205054,0.2,0.7173381498164443,0.6040000000000003,1
169,53,75,44,1090,1134,self,3.8468535863501905,2.7880853688205054,0.2,0.7173381498164443,0.7480000000000004,1
169,54,75,44,1090,1134,self,2.381357656250055,2.7880853688205054,0.2,0.7173381498164443,0.5560000000000003,1
169,55,75,44,1090,1134,self,3.4978508919139872,2.7880853688205054,0.2,0.7173381498164443,0.8960000000000006,1
169,56,75,44,1090,1134,stranger,1.2921022556897104,2.7880853688205054,0.2,0.7173381498164443,0.5640000000000003,1
169,57,75,44,1090,1134,self,3.2843316175285198,2.7880853688205054,0.2,0.7173381498164443,0.6070000000000003,1
169,58,75,44,1090,1134,self,2.395008199378064,2.7880853688205054,0.2,0.7173381498164443,0.9180000000000006,1
169,59,75,44,1090,1134,stranger,0.5603436942721599,2.7880853688205054,0.2,0.7173381498164443,0.9450000000000005,1
169,60,75,44,1090,1134,stranger,0.371951838029847,2.7880853688205054,0.2,0.7173381498164443,1.1340000000000001,0
170,1,79,83,1291,1374,stranger,0.3794008876605204,3.175783796270994,0.2,0.629765792730727,1.374,0
170,2,79,83,1291,1374,stranger,0.6638520659622617,3.175783796270994,0.2,0.629765792730727,1.7459999999999405,1
170,3,79,83,1291,1374,self,4.076475356984153,3.175783796270994,0.2,0.629765792730727,0.6940000000000004,1
170,4,79,83,1291,1374,stranger,-0.17019734609915624,3.175783796270994,0.2,0.629765792730727,1.0600000000000007,0
170,5,79,83,1291,1374,stranger,0.5230532837331792,3.175783796270994,0.2,0.629765792730727,1.0510000000000006,1
170,6,79,83,1291,1374,stranger,0.769744241424864,3.175783796270994,0.2,0.629765792730727,1.496999999999968,1
170,7,79,83,1291,1374,stranger,1.0826252063832735,3.175783796270994,0.2,0.629765792730727,1.0300000000000007,1
170,8,79,83,1291,1374,stranger,1.1262835481497206,3.175783796270994,0.2,0.629765792730727,0.7030000000000003,1
170,9,79,83,1291,1374,stranger,0.8934466826730687,3.175783796270994,0.2,0.629765792730727,1.1610000000000007,1
170,10,79,83,1291,1374,self,3.6832289315795124,3.175783796270994,0.2,0.629765792730727,1.29599999999999,1
170,11,79,83,1291,1374,self,3.6087356716760457,3.175783796270994,0.2,0.629765792730727,0.5410000000000003,1
170,12,79,83,1291,1374,stranger,0.4579043177942651,3.175783796270994,0.2,0.629765792730727,1.4209999999999763,0
170,13,79,83,1291,1374,stranger,0.6832959869464389,3.175783796270994,0.2,0.629765792730727,1.0230000000000006,0
170,14,79,83,1291,1374,self,4.78187102842621,3.175783796270994,0.2,0.629765792730727,0.8840000000000006,1
170,15,79,83,1291,1374,self,4.025348909480872,3.175783796270994,0.2,0.629765792730727,1.6009999999999565,1
170,16,79,83,1291,1374,stranger,1.4191448965643798,3.175783796270994,0.2,0.629765792730727,1.374,0
170,17,79,83,1291,1374,self,3.40048424316868,3.175783796270994,0.2,0.629765792730727,1.3379999999999854,1
170,18,79,83,1291,1374,stranger,1.1303803893675792,3.175783796270994,0.2,0.629765792730727,0.9510000000000005,1
170,19,79,83,1291,1374,self,3.226763908525783,3.175783796270994,0.2,0.629765792730727,0.9060000000000006,1
170,20,79,83,1291,1374,self,3.447300189719149,3.175783796270994,0.2,0.629765792730727,0.6430000000000003,1
170,21,79,83,1291,1374,stranger,0.8496033339430017,3.175783796270994,0.2,0.629765792730727,0.7190000000000003,0
170,22,79,83,1291,1374,stranger,0.31854066135915315,3.175783796270994,0.2,0.629765792730727,0.8090000000000004,0
170,23,79,83,1291,1374,self,3.5741130773602348,3.175783796270994,0.2,0.629765792730727,0.7040000000000004,1
170,24,79,83,1291,1374,stranger,0.7124886325524645,3.175783796270994,0.2,0.629765792730727,2.120999999999899,1
170,25,79,83,1291,1374,self,2.710624057904538,3.175783796270994,0.2,0.629765792730727,1.4389999999999743,1
170,26,79,83,1291,1374,stranger,1.1515997489248002,3.175783796270994,0.2,0.629765792730727,1.374,0
170,27,79,83,1291,1374,self,4.326879581990654,3.175783796270994,0.2,0.629765792730727,0.6900000000000004,1
170,28,79,83,1291,1374,stranger,0.7564909608764454,3.175783796270994,0.2,0.629765792730727,1.677999999999948,0
170,29,79,83,1291,1374,stranger,0.7931284933282619,3.175783796270994,0.2,0.629765792730727,0.4800000000000002,0
170,30,79,83,1291,1374,stranger,0.7829744588948274,3.175783796270994,0.2,0.629765792730727,0.42200000000000015,0
170,31,79,83,1291,1374,stranger,1.8701763879349502,3.175783796270994,0.2,0.629765792730727,1.468999999999971,1
170,32,79,83,1291,1374,stranger,1.518026684741706,3.175783796270994,0.2,0.629765792730727,1.4609999999999719,1
170,33,79,83,1291,1374,stranger,1.772422440706693,3.175783796270994,0.2,0.629765792730727,1.3979999999999788,1
170,34,79,83,1291,1374,stranger,1.1630881829290334,3.175783796270994,0.2,0.629765792730727,1.2559999999999945,1
170,35,79,83,1291,1374,self,3.0934196387959645,3.175783796270994,0.2,0.629765792730727,1.404999999999978,1
170,36,79,83,1291,1374,stranger,1.5844667046814003,3.175783796270994,0.2,0.629765792730727,1.1170000000000007,1
170,37,79,83,1291,1374,stranger,0.5221949632628708,3.175783796270994,0.2,0.629765792730727,0.5860000000000003,0
170,38,79,83,1291,1374,self,3.426867540971812,3.175783796270994,0.2,0.629765792730727,0.7880000000000005,1
170,39,79,83,1291,1374,self,3.114417259986742,3.175783796270994,0.2,0.629765792730727,1.0130000000000006,1
170,40,79,83,1291,1374,self,3.020569469359697,3.175783796270994,0.2,0.629765792730727,1.4469999999999734,1
170,41,79,83,1291,1374,self,4.129614491275108,3.175783796270994,0.2,0.629765792730727,0.7890000000000004,1
170,42,79,83,1291,1374,self,3.89825625513209,3.175783796270994,0.2,0.629765792730727,0.9130000000000005,1
170,43,79,83,1291,1374,self,4.0840793055426925,3.175783796270994,0.2,0.629765792730727,0.7300000000000004,1
170,44,79,83,1291,1374,self,3.275603118915897,3.175783796270994,0.2,0.629765792730727,1.1020000000000008,1
170,45,79,83,1291,1374,stranger,0.7796680841877539,3.175783796270994,0.2,0.629765792730727,1.2949999999999902,1
170,46,79,83,1291,1374,stranger,0.38499559453992704,3.175783796270994,0.2,0.629765792730727,1.65899999999995,0
170,47,79,83,1291,1374,self,4.234917713058612,3.175783796270994,0.2,0.629765792730727,0.5880000000000003,1
170,48,79,83,1291,1374,self,3.857269679183342,3.175783796270994,0.2,0.629765792730727,0.7750000000000004,1
170,49,79,83,1291,1374,self,4.450969505895896,3.175783796270994,0.2,0.629765792730727,0.8890000000000005,1
170,50,79,83,1291,1374,stranger,1.4401229704813827,3.175783796270994,0.2,0.629765792730727,0.9500000000000006,1
170,51,79,83,1291,1374,self,3.8615931272111155,3.175783796270994,0.2,0.629765792730727,0.8180000000000005,1
170,52,79,83,1291,1374,self,3.6251332105472422,3.175783796270994,0.2,0.629765792730727,0.8660000000000005,1
170,53,79,83,1291,1374,self,4.055408306243801,3.175783796270994,0.2,0.629765792730727,0.8930000000000005,1
170,54,79,83,1291,1374,self,4.172862968598964,3.175783796270994,0.2,0.629765792730727,0.8700000000000006,1
170,55,79,83,1291,1374,self,3.8773580222420967,3.175783796270994,0.2,0.629765792730727,1.0650000000000006,1
170,56,79,83,1291,1374,stranger,1.2830436397372236,3.175783796270994,0.2,0.629765792730727,1.374,0
170,57,79,83,1291,1374,self,4.05136218516901,3.175783796270994,0.2,0.629765792730727,0.7690000000000003,1
170,58,79,83,1291,1374,self,3.8243475386977486,3.175783796270994,0.2,0.629765792730727,0.7230000000000003,1
170,59,79,83,1291,1374,self,3.5234879898512066,3.175783796270994,0.2,0.629765792730727,0.9230000000000005,1
170,60,79,83,1291,1374,stranger,0.8645298540158671,3.175783796270994,0.2,0.629765792730727,1.414999999999977,0
171,1,99,70,592,662,stranger,0.6544983641682135,2.0707473915753885,0.2,0.9658348517722555,1.5159999999999658,1
171,2,99,70,592,662,stranger,0.39592131068010894,2.0707473915753885,0.2,0.9658348517722555,2.1179999999998995,1
171,3,99,70,592,662,stranger,1.5351742398624766,2.0707473915753885,0.2,0.9658348517722555,1.1730000000000007,0
171,4,99,70,592,662,self,3.5884432873931846,2.0707473915753885,0.2,0.9658348517722555,0.6820000000000004,1
171,5,99,70,592,662,self,4.131429670435282,2.0707473915753885,0.2,0.9658348517722555,0.3660000000000001,1
171,6,99,70,592,662,stranger,0.5820475979021416,2.0707473915753885,0.2,0.9658348517722555,1.0250000000000006,1
171,7,99,70,592,662,stranger,1.9021415919436446,2.0707473915753885,0.2,0.9658348517722555,0.5700000000000003,1
171,8,99,70,592,662,self,3.1224536410273434,2.0707473915753885,0.2,0.9658348517722555,0.7440000000000004,1
171,9,99,70,592,662,self,4.064223003507039,2.0707473915753885,0.2,0.9658348517722555,0.3380000000000001,1
171,10,99,70,592,662,self,2.979542135943406,2.0707473915753885,0.2,0.9658348517722555,0.5290000000000002,1
171,11,99,70,592,662,self,3.110401903442865,2.0707473915753885,0.2,0.9658348517722555,0.6490000000000004,1
171,12,99,70,592,662,self,3.215466905568322,2.0707473915753885,0.2,0.9658348517722555,0.5120000000000002,1
171,13,99,70,592,662,stranger,0.4726568231210228,2.0707473915753885,0.2,0.9658348517722555,0.7090000000000003,1
171,14,99,70,592,662,self,2.668041081184678,2.0707473915753885,0.2,0.9658348517722555,0.6310000000000003,1
171,15,99,70,592,662,stranger,0.8866044024056925,2.0707473915753885,0.2,0.9658348517722555,1.7159999999999438,1
171,16,99,70,592,662,stranger,1.6977962041078514,2.0707473915753885,0.2,0.9658348517722555,0.5390000000000003,1
171,17,99,70,592,662,self,3.52194881803573,2.0707473915753885,0.2,0.9658348517722555,0.4810000000000002,1
171,18,99,70,592,662,self,3.6912351836991797,2.0707473915753885,0.2,0.9658348517722555,0.3830000000000001,1
171,19,99,70,592,662,stranger,0.7761602224414286,2.0707473915753885,0.2,0.9658348517722555,0.4840000000000002,1
171,20,99,70,592,662,self,4.147657615384775,2.0707473915753885,0.2,0.9658348517722555,0.3930000000000001,1
171,21,99,70,592,662,self,2.7962639613930507,2.0707473915753885,0.2,0.9658348517722555,0.42400000000000015,1
171,22,99,70,592,662,self,3.9335379477238575,2.0707473915753885,0.2,0.9658348517722555,0.3380000000000001,1
171,23,99,70,592,662,stranger,1.2812320251168359,2.0707473915753885,0.2,0.9658348517722555,0.7160000000000004,1
171,24,99,70,592,662,self,3.2948036141274653,2.0707473915753885,0.2,0.9658348517722555,0.6060000000000003,1
171,25,99,70,592,662,stranger,0.6227722685186563,2.0707473915753885,0.2,0.9658348517722555,0.5220000000000002,0
171,26,99,70,592,662,stranger,0.7982050656072658,2.0707473915753885,0.2,0.9658348517722555,1.1450000000000007,0
171,27,99,70,592,662,self,3.6447634246052445,2.0707473915753885,0.2,0.9658348517722555,0.6060000000000003,1
171,28,99,70,592,662,self,2.9962577684588614,2.0707473915753885,0.2,0.9658348517722555,0.6320000000000003,1
171,29,99,70,592,662,stranger,0.8123845594363981,2.0707473915753885,0.2,0.9658348517722555,0.6340000000000003,1
171,30,99,70,592,662,stranger,0.6062025406640767,2.0707473915753885,0.2,0.9658348517722555,1.9309999999999201,1
171,31,99,70,592,662,self,3.157152272806112,2.0707473915753885,0.2,0.9658348517722555,0.5270000000000002,1
171,32,99,70,592,662,self,3.172568632874734,2.0707473915753885,0.2,0.9658348517722555,0.6060000000000003,1
171,33,99,70,592,662,stranger,1.0017176524067009,2.0707473915753885,0.2,0.9658348517722555,0.5910000000000003,0
171,34,99,70,592,662,stranger,0.9783525665719552,2.0707473915753885,0.2,0.9658348517722555,0.662,0
171,35,99,70,592,662,stranger,0.8699975446689147,2.0707473915753885,0.2,0.9658348517722555,0.9880000000000007,1
171,36,99,70,592,662,stranger,0.8216494682972459,2.0707473915753885,0.2,0.9658348517722555,1.74999999999994,0
171,37,99,70,592,662,stranger,0.8731466815092093,2.0707473915753885,0.2,0.9658348517722555,0.9100000000000006,1
171,38,99,70,592,662,stranger,0.785512979779014,2.0707473915753885,0.2,0.9658348517722555,1.0740000000000007,1
171,39,99,70,592,662,self,3.820918289001111,2.0707473915753885,0.2,0.9658348517722555,0.40700000000000014,1
171,40,99,70,592,662,stranger,2.09899036021112,2.0707473915753885,0.2,0.9658348517722555,0.4460000000000002,1
171,41,99,70,592,662,stranger,0.5131355001142197,2.0707473915753885,0.2,0.9658348517722555,1.2469999999999954,1
171,42,99,70,592,662,self,3.0794281703208246,2.0707473915753885,0.2,0.9658348517722555,0.3230000000000001,1
171,43,99,70,592,662,stranger,0.2807096843108445,2.0707473915753885,0.2,0.9658348517722555,1.1530000000000007,0
171,44,99,70,592,662,stranger,1.058493701943393,2.0707473915753885,0.2,0.9658348517722555,1.5939999999999572,1
171,45,99,70,592,662,stranger,0.5576698636512034,2.0707473915753885,0.2,0.9658348517722555,0.9030000000000005,1
171,46,99,70,592,662,self,3.71552061443273,2.0707473915753885,0.2,0.9658348517722555,0.43300000000000016,1
171,47,99,70,592,662,self,3.090204630945093,2.0707473915753885,0.2,0.9658348517722555,0.5800000000000003,1
171,48,99,70,592,662,self,3.031535185171971,2.0707473915753885,0.2,0.9658348517722555,0.6640000000000004,1
171,49,99,70,592,662,stranger,0.701976152140713,2.0707473915753885,0.2,0.9658348517722555,1.4079999999999777,1
171,50,99,70,592,662,self,3.2805468301068936,2.0707473915753885,0.2,0.9658348517722555,0.5110000000000002,1
171,51,99,70,592,662,self,2.80181240541263,2.0707473915753885,0.2,0.9658348517722555,0.5750000000000003,1
171,52,99,70,592,662,self,2.2727172439181733,2.0707473915753885,0.2,0.9658348517722555,0.5720000000000003,1
171,53,99,70,592,662,stranger,1.088958322324092,2.0707473915753885,0.2,0.9658348517722555,1.3209999999999873,1
171,54,99,70,592,662,self,2.908871727664995,2.0707473915753885,0.2,0.9658348517722555,0.5910000000000003,1
171,55,99,70,592,662,stranger,1.6141458597215088,2.0707473915753885,0.2,0.9658348517722555,1.4069999999999778,1
171,56,99,70,592,662,stranger,0.49072350366680606,2.0707473915753885,0.2,0.9658348517722555,0.9880000000000007,1
171,57,99,70,592,662,self,2.863787023089623,2.0707473915753885,0.2,0.9658348517722555,0.9770000000000005,1
171,58,99,70,592,662,stranger,1.0965157399304686,2.0707473915753885,0.2,0.9658348517722555,0.41000000000000014,1
171,59,99,70,592,662,self,2.684377247001438,2.0707473915753885,0.2,0.9658348517722555,0.5000000000000002,1
171,60,99,70,592,662,self,2.354325447654421,2.0707473915753885,0.2,0.9658348517722555,0.7830000000000004,1
172,1,84,500,671,1171,self,6.505498475064358,3.335446605194824,0.2,0.5996198520717076,0.6080000000000003,1
172,2,84,500,671,1171,stranger,1.5616981323948533,3.335446605194824,0.2,0.5996198520717076,1.171,0
172,3,84,500,671,1171,stranger,0.5853824193317045,3.335446605194824,0.2,0.5996198520717076,1.171,0
172,4,84,500,671,1171,stranger,0.374840723151064,3.335446605194824,0.2,0.5996198520717076,1.994999999999913,1
172,5,84,500,671,1171,stranger,0.6797113995932533,3.335446605194824,0.2,0.5996198520717076,1.171,0
172,6,84,500,671,1171,self,5.891851135315924,3.335446605194824,0.2,0.5996198520717076,0.6360000000000003,1
172,7,84,500,671,1171,self,6.649273335978786,3.335446605194824,0.2,0.5996198520717076,0.5490000000000003,1
172,8,84,500,671,1171,stranger,0.5473270345565244,3.335446605194824,0.2,0.5996198520717076,0.3450000000000001,0
172,9,84,500,671,1171,stranger,1.649969202633778,3.335446605194824,0.2,0.5996198520717076,1.7309999999999421,1
172,10,84,500,671,1171,self,6.605995610346979,3.335446605194824,0.2,0.5996198520717076,0.5050000000000002,1
172,11,84,500,671,1171,self,6.310887359683897,3.335446605194824,0.2,0.5996198520717076,0.7220000000000004,1
172,12,84,500,671,1171,self,6.492090583491752,3.335446605194824,0.2,0.5996198520717076,0.6110000000000003,1
172,13,84,500,671,1171,stranger,0.6456908770618537,3.335446605194824,0.2,0.5996198520717076,1.7019999999999453,0
172,14,84,500,671,1171,self,6.698254980273488,3.335446605194824,0.2,0.5996198520717076,0.7110000000000003,1
172,15,84,500,671,1171,self,5.620816353928205,3.335446605194824,0.2,0.5996198520717076,0.6650000000000004,1
172,16,84,500,671,1171,stranger,1.1381159144215272,3.335446605194824,0.2,0.5996198520717076,0.3050000000000001,0
172,17,84,500,671,1171,stranger,0.3545619074127444,3.335446605194824,0.2,0.5996198520717076,0.41200000000000014,0
172,18,84,500,671,1171,stranger,1.2310239607278641,3.335446605194824,0.2,0.5996198520717076,1.171,0
172,19,84,500,671,1171,self,5.786047845486154,3.335446605194824,0.2,0.5996198520717076,0.7180000000000004,1
172,20,84,500,671,1171,self,6.934370350494433,3.335446605194824,0.2,0.5996198520717076,0.5440000000000003,1
172,21,84,500,671,1171,stranger,0.4102760343905356,3.335446605194824,0.2,0.5996198520717076,1.2429999999999959,0
172,22,84,500,671,1171,self,6.411725488085901,3.335446605194824,0.2,0.5996198520717076,0.5960000000000003,1
172,23,84,500,671,1171,stranger,0.37912068467117277,3.335446605194824,0.2,0.5996198520717076,1.2159999999999989,0
172,24,84,500,671,1171,stranger,0.15893221394411872,3.335446605194824,0.2,0.5996198520717076,1.171,0
172,25,84,500,671,1171,stranger,0.7320948058720433,3.335446605194824,0.2,0.5996198520717076,0.40700000000000014,0
172,26,84,500,671,1171,self,6.109485872520479,3.335446605194824,0.2,0.5996198520717076,0.7240000000000004,1
172,27,84,500,671,1171,stranger,1.281452931229034,3.335446605194824,0.2,0.5996198520717076,1.171,0
172,28,84,500,671,1171,self,6.227380956053656,3.335446605194824,0.2,0.5996198520717076,0.5140000000000002,1
172,29,84,500,671,1171,self,5.625553384815421,3.335446605194824,0.2,0.5996198520717076,0.7320000000000004,1
172,30,84,500,671,1171,self,7.014938112355935,3.335446605194824,0.2,0.5996198520717076,0.4710000000000002,1
172,31,84,500,671,1171,stranger,0.11247740418229157,3.335446605194824,0.2,0.5996198520717076,0.41500000000000015,0
172,32,84,500,671,1171,self,7.082936768036282,3.335446605194824,0.2,0.5996198520717076,0.5320000000000003,1
172,33,84,500,671,1171,stranger,0.3040970476519582,3.335446605194824,0.2,0.5996198520717076,1.171,0
172,34,84,500,671,1171,stranger,1.2286493265663394,3.335446605194824,0.2,0.5996198520717076,1.3539999999999837,0
172,35,84,500,671,1171,stranger,1.6254313700975234,3.335446605194824,0.2,0.5996198520717076,0.9090000000000005,1
172,36,84,500,671,1171,stranger,1.52823858833367,3.335446605194824,0.2,0.5996198520717076,2.1839999999998922,1
172,37,84,500,671,1171,self,6.366274457107859,3.335446605194824,0.2,0.5996198520717076,0.6050000000000003,1
172,38,84,500,671,1171,self,5.863258441525754,3.335446605194824,0.2,0.5996198520717076,0.7900000000000005,1
172,39,84,500,671,1171,self,6.18803858923535,3.335446605194824,0.2,0.5996198520717076,0.5250000000000002,1
172,40,84,500,671,1171,self,6.546514201823015,3.335446605194824,0.2,0.5996198520717076,0.4800000000000002,1
172,41,84,500,671,1171,self,4.690749129771898,3.335446605194824,0.2,0.5996198520717076,0.8350000000000004,1
172,42,84,500,671,1171,self,5.531283700409283,3.335446605194824,0.2,0.5996198520717076,0.8260000000000005,1
172,43,84,500,671,1171,stranger,0.14003292154749003,3.335446605194824,0.2,0.5996198520717076,0.3330000000000001,0
172,44,84,500,671,1171,stranger,0.016599500313161597,3.335446605194824,0.2,0.5996198520717076,1.171,0
172,45,84,500,671,1171,self,6.280422552834563,3.335446605194824,0.2,0.5996198520717076,0.7480000000000004,1
172,46,84,500,671,1171,stranger,0.11179419260732648,3.335446605194824,0.2,0.5996198520717076,1.171,0
172,47,84,500,671,1171,stranger,0.23831618058358273,3.335446605194824,0.2,0.5996198520717076,0.3890000000000001,0
172,48,84,500,671,1171,self,6.023810680967064,3.335446605194824,0.2,0.5996198520717076,0.6080000000000003,1
172,49,84,500,671,1171,self,6.4678278861487986,3.335446605194824,0.2,0.5996198520717076,0.5090000000000002,1
172,50,84,500,671,1171,stranger,1.0510481322389797,3.335446605194824,0.2,0.5996198520717076,2.1819999999998925,1
172,51,84,500,671,1171,self,5.5604867795840205,3.335446605194824,0.2,0.5996198520717076,0.8400000000000005,1
172,52,84,500,671,1171,self,5.830389375750147,3.335446605194824,0.2,0.5996198520717076,0.5860000000000003,1
172,53,84,500,671,1171,stranger,1.579959517527395,3.335446605194824,0.2,0.5996198520717076,1.685999999999947,1
172,54,84,500,671,1171,self,6.454139863973188,3.335446605194824,0.2,0.5996198520717076,0.5820000000000003,1
172,55,84,500,671,1171,self,6.407095726652222,3.335446605194824,0.2,0.5996198520717076,0.6820000000000004,1
172,56,84,500,671,1171,stranger,0.3980670646086035,3.335446605194824,0.2,0.5996198520717076,0.7380000000000004,0
172,57,84,500,671,1171,stranger,0.9315558299929945,3.335446605194824,0.2,0.5996198520717076,1.171,0
172,58,84,500,671,1171,stranger,0.45916702294363376,3.335446605194824,0.2,0.5996198520717076,1.171,0
172,59,84,500,671,1171,stranger,0.9025625201127956,3.335446605194824,0.2,0.5996198520717076,1.171,0
172,60,84,500,671,1171,self,7.028232193339935,3.335446605194824,0.2,0.5996198520717076,0.5500000000000003,1
173,1,33,518,974,1492,self,7.181835229003666,3.5377455134304325,0.2,0.5653317889620239,0.7080000000000004,1
173,2,33,518,974,1492,self,5.602056655488992,3.5377455134304325,0.2,0.5653317889620239,0.8540000000000005,1
173,3,33,518,974,1492,self,6.708993958036958,3.5377455134304325,0.2,0.5653317889620239,0.7830000000000004,1
173,4,33,518,974,1492,stranger,0.7134638497542332,3.5377455134304325,0.2,0.5653317889620239,1.492,0
173,5,33,518,974,1492,stranger,1.0856770561102214,3.5377455134304325,0.2,0.5653317889620239,1.492,0
173,6,33,518,974,1492,stranger,0.942044276007991,3.5377455134304325,0.2,0.5653317889620239,1.2569999999999943,1
173,7,33,518,974,1492,stranger,1.0606642514444498,3.5377455134304325,0.2,0.5653317889620239,1.492,0
173,8,33,518,974,1492,stranger,1.5045420649918002,3.5377455134304325,0.2,0.5653317889620239,1.4019999999999784,1
173,9,33,518,974,1492,stranger,1.9545328315337733,3.5377455134304325,0.2,0.5653317889620239,1.8279999999999315,1
173,10,33,518,974,1492,self,6.8771709090292745,3.5377455134304325,0.2,0.5653317889620239,0.5820000000000003,1
173,11,33,518,974,1492,stranger,0.576635525100258,3.5377455134304325,0.2,0.5653317889620239,0.6440000000000003,0
173,12,33,518,974,1492,self,7.28767500561164,3.5377455134304325,0.2,0.5653317889620239,0.5400000000000003,1
173,13,33,518,974,1492,self,6.5045424507282705,3.5377455134304325,0.2,0.5653317889620239,0.7660000000000005,1
173,14,33,518,974,1492,self,6.893937699142608,3.5377455134304325,0.2,0.5653317889620239,0.5970000000000003,1
173,15,33,518,974,1492,stranger,1.054996160492922,3.5377455134304325,0.2,0.5653317889620239,1.422999999999976,1
173,16,33,518,974,1492,stranger,1.3127957232423766,3.5377455134304325,0.2,0.5653317889620239,1.492,0
173,17,33,518,974,1492,stranger,2.2164323821043364,3.5377455134304325,0.2,0.5653317889620239,1.6649999999999494,1
173,18,33,518,974,1492,self,6.543532532050826,3.5377455134304325,0.2,0.5653317889620239,0.6110000000000003,1
173,19,33,518,974,1492,self,6.678538203219475,3.5377455134304325,0.2,0.5653317889620239,0.6540000000000004,1
173,20,33,518,974,1492,stranger,0.30425195158604573,3.5377455134304325,0.2,0.5653317889620239,1.259999999999994,1
173,21,33,518,974,1492,stranger,1.3138822764514342,3.5377455134304325,0.2,0.5653317889620239,2.176999999999893,1
173,22,33,518,974,1492,stranger,0.7140818685086652,3.5377455134304325,0.2,0.5653317889620239,1.0780000000000007,0
173,23,33,518,974,1492,stranger,1.4609087109047312,3.5377455134304325,0.2,0.5653317889620239,1.4399999999999742,1
173,24,33,518,974,1492,self,6.675518161467307,3.5377455134304325,0.2,0.5653317889620239,0.5820000000000003,1
173,25,33,518,974,1492,self,6.510274814548428,3.5377455134304325,0.2,0.5653317889620239,0.5530000000000003,1
173,26,33,518,974,1492,self,7.639967309813485,3.5377455134304325,0.2,0.5653317889620239,0.5980000000000003,1
173,27,33,518,974,1492,stranger,1.4768868126719223,3.5377455134304325,0.2,0.5653317889620239,1.492,0
173,28,33,518,974,1492,stranger,0.7764317099476914,3.5377455134304325,0.2,0.5653317889620239,1.6789999999999479,1
173,29,33,518,974,1492,self,7.043314216852254,3.5377455134304325,0.2,0.5653317889620239,0.5870000000000003,1
173,30,33,518,974,1492,stranger,1.046154494095428,3.5377455134304325,0.2,0.5653317889620239,1.492,0
173,31,33,518,974,1492,self,6.295195372978122,3.5377455134304325,0.2,0.5653317889620239,0.6880000000000004,1
173,32,33,518,974,1492,stranger,0.8745571360780837,3.5377455134304325,0.2,0.5653317889620239,1.685999999999947,1
173,33,33,518,974,1492,stranger,1.5735948586974735,3.5377455134304325,0.2,0.5653317889620239,0.4820000000000002,0
173,34,33,518,974,1492,self,7.279315724391224,3.5377455134304325,0.2,0.5653317889620239,0.5330000000000003,1
173,35,33,518,974,1492,self,7.105331141776956,3.5377455134304325,0.2,0.5653317889620239,0.9410000000000005,1
173,36,33,518,974,1492,stranger,1.0546277436708102,3.5377455134304325,0.2,0.5653317889620239,1.492,0
173,37,33,518,974,1492,self,7.399999173330524,3.5377455134304325,0.2,0.5653317889620239,0.4980000000000002,1
173,38,33,518,974,1492,stranger,1.4578510623068213,3.5377455134304325,0.2,0.5653317889620239,1.7469999999999404,1
173,39,33,518,974,1492,self,7.004475760228931,3.5377455134304325,0.2,0.5653317889620239,0.5530000000000003,1
173,40,33,518,974,1492,stranger,1.5779854368386945,3.5377455134304325,0.2,0.5653317889620239,2.057999999999906,1
173,41,33,518,974,1492,self,7.5221247248059155,3.5377455134304325,0.2,0.5653317889620239,0.4550000000000002,1
173,42,33,518,974,1492,self,6.904980839872089,3.5377455134304325,0.2,0.5653317889620239,0.9330000000000005,1
173,43,33,518,974,1492,stranger,0.7115291319187664,3.5377455134304325,0.2,0.5653317889620239,0.9520000000000006,0
173,44,33,518,974,1492,stranger,0.4469852948690847,3.5377455134304325,0.2,0.5653317889620239,1.1350000000000007,0
173,45,33,518,974,1492,self,6.621842868980659,3.5377455134304325,0.2,0.5653317889620239,0.8390000000000004,1
173,46,33,518,974,1492,self,7.168107630863892,3.5377455134304325,0.2,0.5653317889620239,0.7130000000000003,1
173,47,33,518,974,1492,self,6.863440697388564,3.5377455134304325,0.2,0.5653317889620239,0.5710000000000003,1
173,48,33,518,974,1492,self,7.499435070376856,3.5377455134304325,0.2,0.5653317889620239,0.5900000000000003,1
173,49,33,518,974,1492,stranger,0.750598089403578,3.5377455134304325,0.2,0.5653317889620239,1.492,0
173,50,33,518,974,1492,self,6.443534706012168,3.5377455134304325,0.2,0.5653317889620239,0.6830000000000004,1
173,51,33,518,974,1492,self,6.937286926694177,3.5377455134304325,0.2,0.5653317889620239,0.5510000000000003,1
173,52,33,518,974,1492,stranger,1.0768061588651208,3.5377455134304325,0.2,0.5653317889620239,1.9989999999999126,1
173,53,33,518,974,1492,stranger,2.0854291805936365,3.5377455134304325,0.2,0.5653317889620239,1.577999999999959,1
173,54,33,518,974,1492,self,6.82679852748021,3.5377455134304325,0.2,0.5653317889620239,0.4870000000000002,1
173,55,33,518,974,1492,stranger,1.4056467842142204,3.5377455134304325,0.2,0.5653317889620239,1.0490000000000006,1
173,56,33,518,974,1492,self,6.692366535720142,3.5377455134304325,0.2,0.5653317889620239,0.6390000000000003,1
173,57,33,518,974,1492,self,7.111087987089898,3.5377455134304325,0.2,0.5653317889620239,0.7390000000000003,1
173,58,33,518,974,1492,self,6.425557870819344,3.5377455134304325,0.2,0.5653317889620239,0.7230000000000003,1
173,59,33,518,974,1492,stranger,1.830899228466489,3.5377455134304325,0.2,0.5653317889620239,1.492,0
173,60,33,518,974,1492,stranger,0.6501791854255403,3.5377455134304325,0.2,0.5653317889620239,1.492,0
174,1,121,191,1252,1443,stranger,2.0741019475865605,2.4292184062937237,0.2,0.8233100798258048,0.7070000000000003,1
174,2,121,191,1252,1443,stranger,1.3355644463393126,2.4292184062937237,0.2,0.8233100798258048,0.7770000000000004,1
174,3,121,191,1252,1443,self,6.1708843903396176,2.4292184062937237,0.2,0.8233100798258048,0.41900000000000015,1
174,4,121,191,1252,1443,stranger,1.427490099475607,2.4292184062937237,0.2,0.8233100798258048,1.2549999999999946,1
174,5,121,191,1252,1443,stranger,1.3904488870432485,2.4292184062937237,0.2,0.8233100798258048,1.3129999999999882,1
174,6,121,191,1252,1443,stranger,1.3017975017763947,2.4292184062937237,0.2,0.8233100798258048,1.3389999999999853,1
174,7,121,191,1252,1443,stranger,1.7125222151640145,2.4292184062937237,0.2,0.8233100798258048,1.6739999999999484,1
174,8,121,191,1252,1443,self,5.852941028480473,2.4292184062937237,0.2,0.8233100798258048,0.44100000000000017,1
174,9,121,191,1252,1443,stranger,1.6735818587169111,2.4292184062937237,0.2,0.8233100798258048,0.7150000000000003,1
174,10,121,191,1252,1443,self,5.664324379097385,2.4292184062937237,0.2,0.8233100798258048,0.42500000000000016,1
174,11,121,191,1252,1443,self,6.606687747148728,2.4292184062937237,0.2,0.8233100798258048,0.5220000000000002,1
174,12,121,191,1252,1443,self,5.42620169046762,2.4292184062937237,0.2,0.8233100798258048,0.5620000000000003,1
174,13,121,191,1252,1443,self,5.528184366843379,2.4292184062937237,0.2,0.8233100798258048,0.5860000000000003,1
174,14,121,191,1252,1443,stranger,0.5634708846997765,2.4292184062937237,0.2,0.8233100798258048,0.7340000000000004,1
174,15,121,191,1252,1443,self,6.044800721568207,2.4292184062937237,0.2,0.8233100798258048,0.4640000000000002,1
174,16,121,191,1252,1443,stranger,2.38908189141006,2.4292184062937237,0.2,0.8233100798258048,0.40900000000000014,0
174,17,121,191,1252,1443,stranger,1.1910889737703096,2.4292184062937237,0.2,0.8233100798258048,1.443,0
174,18,121,191,1252,1443,stranger,1.2434589927040638,2.4292184062937237,0.2,0.8233100798258048,1.1680000000000008,1
174,19,121,191,1252,1443,stranger,1.4289810103617555,2.4292184062937237,0.2,0.8233100798258048,1.458999999999972,1
174,20,121,191,1252,1443,stranger,1.2254286490005653,2.4292184062937237,0.2,0.8233100798258048,2.130999999999898,1
174,21,121,191,1252,1443,stranger,1.924074466395512,2.4292184062937237,0.2,0.8233100798258048,0.9600000000000006,1
174,22,121,191,1252,1443,self,5.647740176784123,2.4292184062937237,0.2,0.8233100798258048,0.44200000000000017,1
174,23,121,191,1252,1443,self,6.201019461089916,2.4292184062937237,0.2,0.8233100798258048,0.4540000000000002,1
174,24,121,191,1252,1443,self,5.184180684013474,2.4292184062937237,0.2,0.8233100798258048,0.3150000000000001,1
174,25,121,191,1252,1443,self,6.1311098957982715,2.4292184062937237,0.2,0.8233100798258048,0.3590000000000001,1
174,26,121,191,1252,1443,stranger,1.1328027543866703,2.4292184062937237,0.2,0.8233100798258048,1.605999999999956,1
174,27,121,191,1252,1443,self,5.647276083963268,2.4292184062937237,0.2,0.8233100798258048,0.4530000000000002,1
174,28,121,191,1252,1443,self,5.7029474028139875,2.4292184062937237,0.2,0.8233100798258048,0.40700000000000014,1
174,29,121,191,1252,1443,stranger,0.6095203507190465,2.4292184062937237,0.2,0.8233100798258048,1.443,0
174,30,121,191,1252,1443,self,4.99793564114851,2.4292184062937237,0.2,0.8233100798258048,0.7960000000000005,1
174,31,121,191,1252,1443,self,4.664497138402432,2.4292184062937237,0.2,0.8233100798258048,0.42100000000000015,1
174,32,121,191,1252,1443,self,5.198075980504001,2.4292184062937237,0.2,0.8233100798258048,0.5880000000000003,1
174,33,121,191,1252,1443,self,5.480708384810212,2.4292184062937237,0.2,0.8233100798258048,0.41600000000000015,1
174,34,121,191,1252,1443,stranger,2.347836180545884,2.4292184062937237,0.2,0.8233100798258048,0.9190000000000005,1
174,35,121,191,1252,1443,self,5.52165796276415,2.4292184062937237,0.2,0.8233100798258048,0.5070000000000002,1
174,36,121,191,1252,1443,stranger,1.437425614313307,2.4292184062937237,0.2,0.8233100798258048,1.5109999999999664,1
174,37,121,191,1252,1443,self,6.085544481203347,2.4292184062937237,0.2,0.8233100798258048,0.5120000000000002,1
174,38,121,191,1252,1443,self,5.174422943638894,2.4292184062937237,0.2,0.8233100798258048,0.5700000000000003,1
174,39,121,191,1252,1443,self,5.463754322948463,2.4292184062937237,0.2,0.8233100798258048,0.5210000000000002,1
174,40,121,191,1252,1443,self,6.066844535957463,2.4292184062937237,0.2,0.8233100798258048,0.4700000000000002,1
174,41,121,191,1252,1443,stranger,1.8799412399044917,2.4292184062937237,0.2,0.8233100798258048,0.9830000000000005,1
174,42,121,191,1252,1443,stranger,1.141076656058459,2.4292184062937237,0.2,0.8233100798258048,0.4440000000000002,0
174,43,121,191,1252,1443,self,6.781591632664542,2.4292184062937237,0.2,0.8233100798258048,0.43700000000000017,1
174,44,121,191,1252,1443,self,5.822966476413089,2.4292184062937237,0.2,0.8233100798258048,0.5220000000000002,1
174,45,121,191,1252,1443,stranger,1.7797850307585774,2.4292184062937237,0.2,0.8233100798258048,0.6840000000000004,1
174,46,121,191,1252,1443,self,5.317250860715722,2.4292184062937237,0.2,0.8233100798258048,0.3370000000000001,1
174,47,121,191,1252,1443,stranger,1.9926628918469915,2.4292184062937237,0.2,0.8233100798258048,1.443,0
174,48,121,191,1252,1443,stranger,1.5867487943565357,2.4292184062937237,0.2,0.8233100798258048,0.9950000000000006,1
174,49,121,191,1252,1443,stranger,1.5232401785319927,2.4292184062937237,0.2,0.8233100798258048,1.6179999999999546,1
174,50,121,191,1252,1443,stranger,2.5828088695328173,2.4292184062937237,0.2,0.8233100798258048,0.9970000000000006,1
174,51,121,191,1252,1443,stranger,1.935877163172232,2.4292184062937237,0.2,0.8233100798258048,0.6850000000000004,1
174,52,121,191,1252,1443,self,5.701263743274942,2.4292184062937237,0.2,0.8233100798258048,0.4870000000000002,1
174,53,121,191,1252,1443,stranger,1.5236005108483954,2.4292184062937237,0.2,0.8233100798258048,1.443,0
174,54,121,191,1252,1443,self,6.42666253476249,2.4292184062937237,0.2,0.8233100798258048,0.5050000000000002,1
174,55,121,191,1252,1443,stranger,0.7735219756513363,2.4292184062937237,0.2,0.8233100798258048,1.222999999999998,1
174,56,121,191,1252,1443,stranger,0.9650284057449399,2.4292184062937237,0.2,0.8233100798258048,0.9340000000000006,0
174,57,121,191,1252,1443,stranger,0.8940456587589003,2.4292184062937237,0.2,0.8233100798258048,1.443,0
174,58,121,191,1252,1443,self,5.460517725197845,2.4292184062937237,0.2,0.8233100798258048,0.4560000000000002,1
174,59,121,191,1252,1443,self,6.297958890618429,2.4292184062937237,0.2,0.8233100798258048,0.5660000000000003,1
174,60,121,191,1252,1443,self,5.038577151085474,2.4292184062937237,0.2,0.8233100798258048,0.6240000000000003,1
175,1,66,155,321,476,stranger,0.29205147837319795,0.9653763616122921,0.2,2.071730860138076,0.201,1
175,2,66,155,321,476,stranger,0.5113006504954123,0.9653763616122921,0.2,2.071730860138076,0.201,1
175,3,66,155,321,476,stranger,0.3530114055676243,0.9653763616122921,0.2,2.071730860138076,0.201,1
175,4,66,155,321,476,stranger,-0.34908799480347624,0.9653763616122921,0.2,2.071730860138076,0.201,1
175,5,66,155,321,476,stranger,0.3509691275258428,0.9653763616122921,0.2,2.071730860138076,0.201,1
175,6,66,155,321,476,self,4.2226047000603835,0.9653763616122921,0.2,2.071730860138076,0.201,1
175,7,66,155,321,476,self,4.265975221782366,0.9653763616122921,0.2,2.071730860138076,0.201,1
175,8,66,155,321,476,stranger,0.1738092057670812,0.9653763616122921,0.2,2.071730860138076,0.201,1
175,9,66,155,321,476,stranger,0.7194724950295512,0.9653763616122921,0.2,2.071730860138076,0.201,1
175,10,66,155,321,476,stranger,0.3508190189973998,0.9653763616122921,0.2,2.071730860138076,0.201,1
175,11,66,155,321,476,stranger,0.5166866787709576,0.9653763616122921,0.2,2.071730860138076,0.201,1
175,12,66,155,321,476,stranger,1.165001582526638,0.9653763616122921,0.2,2.071730860138076,0.201,1
175,13,66,155,321,476,self,4.81637120183758,0.9653763616122921,0.2,2.071730860138076,0.201,1
175,14,66,155,321,476,self,4.270922964598472,0.9653763616122921,0.2,2.071730860138076,0.201,1
175,15,66,155,321,476,stranger,0.7246104601544723,0.9653763616122921,0.2,2.071730860138076,0.201,1
175,16,66,155,321,476,stranger,1.5428597685759715,0.9653763616122921,0.2,2.071730860138076,0.201,1
175,17,66,155,321,476,stranger,0.4226108922822596,0.9653763616122921,0.2,2.071730860138076,0.201,1
175,18,66,155,321,476,self,5.256830126704767,0.9653763616122921,0.2,2.071730860138076,0.201,1
175,19,66,155,321,476,self,3.7254551017212183,0.9653763616122921,0.2,2.071730860138076,0.201,1
175,20,66,155,321,476,self,4.150492820014693,0.9653763616122921,0.2,2.071730860138076,0.201,1
175,21,66,155,321,476,self,3.4576928577858403,0.9653763616122921,0.2,2.071730860138076,0.201,1
175,22,66,155,321,476,self,3.414183966855487,0.9653763616122921,0.2,2.071730860138076,0.201,1
175,23,66,155,321,476,self,4.252287980788186,0.9653763616122921,0.2,2.071730860138076,0.201,1
175,24,66,155,321,476,self,4.321310922213802,0.9653763616122921,0.2,2.071730860138076,0.201,1
175,25,66,155,321,476,stranger,1.1266108058385458,0.9653763616122921,0.2,2.071730860138076,0.201,1
175,26,66,155,321,476,stranger,0.2437274235687536,0.9653763616122921,0.2,2.071730860138076,0.201,1
175,27,66,155,321,476,self,4.0094746423704954,0.9653763616122921,0.2,2.071730860138076,0.201,1
175,28,66,155,321,476,stranger,1.3099876824376875,0.9653763616122921,0.2,2.071730860138076,0.201,1
175,29,66,155,321,476,stranger,1.2020081206537696,0.9653763616122921,0.2,2.071730860138076,0.201,1
175,30,66,155,321,476,self,4.486306715468793,0.9653763616122921,0.2,2.071730860138076,0.201,1
175,31,66,155,321,476,self,4.044236136476153,0.9653763616122921,0.2,2.071730860138076,0.201,1
175,32,66,155,321,476,self,4.86226192975221,0.9653763616122921,0.2,2.071730860138076,0.201,1
175,33,66,155,321,476,stranger,0.26611104221608944,0.9653763616122921,0.2,2.071730860138076,0.201,1
175,34,66,155,321,476,stranger,0.6226390334401559,0.9653763616122921,0.2,2.071730860138076,0.201,1
175,35,66,155,321,476,self,4.1446419636026395,0.9653763616122921,0.2,2.071730860138076,0.201,1
175,36,66,155,321,476,self,4.628508589156078,0.9653763616122921,0.2,2.071730860138076,0.201,1
175,37,66,155,321,476,self,4.0433376208414895,0.9653763616122921,0.2,2.071730860138076,0.201,1
175,38,66,155,321,476,self,3.7993245568098404,0.9653763616122921,0.2,2.071730860138076,0.201,1
175,39,66,155,321,476,stranger,0.8319826857667101,0.9653763616122921,0.2,2.071730860138076,0.201,1
175,40,66,155,321,476,self,3.5781782106493942,0.9653763616122921,0.2,2.071730860138076,0.201,1
175,41,66,155,321,476,stranger,1.0101386046765037,0.9653763616122921,0.2,2.071730860138076,0.201,1
175,42,66,155,321,476,self,4.467004842631984,0.9653763616122921,0.2,2.071730860138076,0.201,1
175,43,66,155,321,476,self,3.9391032684124694,0.9653763616122921,0.2,2.071730860138076,0.201,1
175,44,66,155,321,476,self,3.942892223628019,0.9653763616122921,0.2,2.071730860138076,0.201,1
175,45,66,155,321,476,stranger,0.8925655771079828,0.9653763616122921,0.2,2.071730860138076,0.201,1
175,46,66,155,321,476,stranger,1.499610655451448,0.9653763616122921,0.2,2.071730860138076,0.201,1
175,47,66,155,321,476,self,5.178228500122086,0.9653763616122921,0.2,2.071730860138076,0.201,1
175,48,66,155,321,476,self,3.2091870572798973,0.9653763616122921,0.2,2.071730860138076,0.201,1
175,49,66,155,321,476,self,4.26112125822131,0.9653763616122921,0.2,2.071730860138076,0.201,1
175,50,66,155,321,476,stranger,0.34246985815632464,0.9653763616122921,0.2,2.071730860138076,0.201,1
175,51,66,155,321,476,stranger,1.6423655538789392,0.9653763616122921,0.2,2.071730860138076,0.201,1
175,52,66,155,321,476,stranger,0.187255991706692,0.9653763616122921,0.2,2.071730860138076,0.201,1
175,53,66,155,321,476,stranger,0.8479011196759707,0.9653763616122921,0.2,2.071730860138076,0.201,1
175,54,66,155,321,476,stranger,0.3666394277458766,0.9653763616122921,0.2,2.071730860138076,0.201,1
175,55,66,155,321,476,self,4.615466768284376,0.9653763616122921,0.2,2.071730860138076,0.201,1
175,56,66,155,321,476,self,4.480671748298048,0.9653763616122921,0.2,2.071730860138076,0.201,1
175,57,66,155,321,476,stranger,1.4890290150712522,0.9653763616122921,0.2,2.071730860138076,0.201,1
175,58,66,155,321,476,self,5.148553066335175,0.9653763616122921,0.2,2.071730860138076,0.201,1
175,59,66,155,321,476,self,3.4658094547032308,0.9653763616122921,0.2,2.071730860138076,0.201,1
175,60,66,155,321,476,stranger,1.2129467625195491,0.9653763616122921,0.2,2.071730860138076,0.201,1
176,1,58,166,1056,1222,self,3.983892795146119,3.0632534758966052,0.2,0.6529005894344431,0.9770000000000005,1
176,2,58,166,1056,1222,stranger,-0.39225307248846664,3.0632534758966052,0.2,0.6529005894344431,0.26200000000000007,0
176,3,58,166,1056,1222,self,3.773116555418784,3.0632534758966052,0.2,0.6529005894344431,0.6870000000000004,1
176,4,58,166,1056,1222,stranger,-0.14693906106001298,3.0632534758966052,0.2,0.6529005894344431,1.222,0
176,5,58,166,1056,1222,stranger,-0.25823740081264024,3.0632534758966052,0.2,0.6529005894344431,1.2569999999999943,0
176,6,58,166,1056,1222,self,5.040991116974203,3.0632534758966052,0.2,0.6529005894344431,0.4960000000000002,1
176,7,58,166,1056,1222,self,3.961033407964193,3.0632534758966052,0.2,0.6529005894344431,0.4980000000000002,1
176,8,58,166,1056,1222,stranger,0.10539595799145107,3.0632534758966052,0.2,0.6529005894344431,1.222,0
176,9,58,166,1056,1222,stranger,0.9133040429676348,3.0632534758966052,0.2,0.6529005894344431,0.9560000000000006,0
176,10,58,166,1056,1222,stranger,-0.2572043636942216,3.0632534758966052,0.2,0.6529005894344431,1.0570000000000006,0
176,11,58,166,1056,1222,self,3.9852831194798255,3.0632534758966052,0.2,0.6529005894344431,0.9260000000000006,1
176,12,58,166,1056,1222,stranger,1.2861528404819795,3.0632534758966052,0.2,0.6529005894344431,1.222,0
176,13,58,166,1056,1222,stranger,-0.23955907779317887,3.0632534758966052,0.2,0.6529005894344431,0.6380000000000003,0
176,14,58,166,1056,1222,stranger,0.7004015011508228,3.0632534758966052,0.2,0.6529005894344431,0.5940000000000003,0
176,15,58,166,1056,1222,self,4.249110906295074,3.0632534758966052,0.2,0.6529005894344431,0.5560000000000003,1
176,16,58,166,1056,1222,stranger,0.9097737951324602,3.0632534758966052,0.2,0.6529005894344431,1.5179999999999656,1
176,17,58,166,1056,1222,stranger,0.9700944519909379,3.0632534758966052,0.2,0.6529005894344431,1.222,0
176,18,58,166,1056,1222,self,4.91044058966434,3.0632534758966052,0.2,0.6529005894344431,0.6530000000000004,1
176,19,58,166,1056,1222,stranger,0.2602694851875045,3.0632534758966052,0.2,0.6529005894344431,0.32500000000000007,0
176,20,58,166,1056,1222,stranger,0.5318508291273457,3.0632534758966052,0.2,0.6529005894344431,1.695999999999946,1
176,21,58,166,1056,1222,stranger,0.6044201391460396,3.0632534758966052,0.2,0.6529005894344431,0.3140000000000001,0
176,22,58,166,1056,1222,self,3.5163286958597193,3.0632534758966052,0.2,0.6529005894344431,0.8640000000000005,1
176,23,58,166,1056,1222,stranger,0.5132768109541231,3.0632534758966052,0.2,0.6529005894344431,1.222,0
176,24,58,166,1056,1222,stranger,-0.2609335863553105,3.0632534758966052,0.2,0.6529005894344431,0.7340000000000004,0
176,25,58,166,1056,1222,self,4.4451041625185175,3.0632534758966052,0.2,0.6529005894344431,0.7960000000000005,1
176,26,58,166,1056,1222,stranger,0.5477106367971046,3.0632534758966052,0.2,0.6529005894344431,2.1729999999998935,1
176,27,58,166,1056,1222,self,4.673923352585841,3.0632534758966052,0.2,0.6529005894344431,0.6080000000000003,1
176,28,58,166,1056,1222,self,2.926511141902061,3.0632534758966052,0.2,0.6529005894344431,1.0630000000000006,1
176,29,58,166,1056,1222,stranger,-0.15427185029742774,3.0632534758966052,0.2,0.6529005894344431,0.3150000000000001,0
176,30,58,166,1056,1222,self,4.977857507097903,3.0632534758966052,0.2,0.6529005894344431,0.5180000000000002,1
176,31,58,166,1056,1222,stranger,0.3411488368414318,3.0632534758966052,0.2,0.6529005894344431,1.495999999999968,1
176,32,58,166,1056,1222,self,3.833252574741946,3.0632534758966052,0.2,0.6529005894344431,0.5800000000000003,1
176,33,58,166,1056,1222,self,4.190559515339023,3.0632534758966052,0.2,0.6529005894344431,0.5270000000000002,1
176,34,58,166,1056,1222,stranger,0.7033359220502667,3.0632534758966052,0.2,0.6529005894344431,1.222,0
176,35,58,166,1056,1222,stranger,-0.17746719137822142,3.0632534758966052,0.2,0.6529005894344431,1.2269999999999976,0
176,36,58,166,1056,1222,self,3.976122615483431,3.0632534758966052,0.2,0.6529005894344431,0.4710000000000002,1
176,37,58,166,1056,1222,self,4.579868039590304,3.0632534758966052,0.2,0.6529005894344431,0.6700000000000004,1
176,38,58,166,1056,1222,self,3.925678744813663,3.0632534758966052,0.2,0.6529005894344431,0.6840000000000004,1
176,39,58,166,1056,1222,stranger,0.3424589842482283,3.0632534758966052,0.2,0.6529005894344431,0.5640000000000003,0
176,40,58,166,1056,1222,self,5.164161083355417,3.0632534758966052,0.2,0.6529005894344431,0.6530000000000004,1
176,41,58,166,1056,1222,self,4.483314016378137,3.0632534758966052,0.2,0.6529005894344431,0.5310000000000002,1
176,42,58,166,1056,1222,self,3.8837870194534045,3.0632534758966052,0.2,0.6529005894344431,0.6730000000000004,1
176,43,58,166,1056,1222,self,4.578698690405356,3.0632534758966052,0.2,0.6529005894344431,0.6980000000000004,1
176,44,58,166,1056,1222,self,3.9552078281455283,3.0632534758966052,0.2,0.6529005894344431,0.8850000000000005,1
176,45,58,166,1056,1222,self,5.514643854566498,3.0632534758966052,0.2,0.6529005894344431,0.6190000000000003,1
176,46,58,166,1056,1222,stranger,1.536769918203729,3.0632534758966052,0.2,0.6529005894344431,1.2669999999999932,1
176,47,58,166,1056,1222,stranger,0.2337233465124161,3.0632534758966052,0.2,0.6529005894344431,1.1850000000000007,1
176,48,58,166,1056,1222,stranger,0.08785998694601915,3.0632534758966052,0.2,0.6529005894344431,1.222,0
176,49,58,166,1056,1222,self,4.771804801232373,3.0632534758966052,0.2,0.6529005894344431,0.6970000000000004,1
176,50,58,166,1056,1222,stranger,-0.3169459853694101,3.0632534758966052,0.2,0.6529005894344431,1.222,0
176,51,58,166,1056,1222,self,3.912414340024321,3.0632534758966052,0.2,0.6529005894344431,0.7110000000000003,1
176,52,58,166,1056,1222,self,4.232084754644356,3.0632534758966052,0.2,0.6529005894344431,0.8880000000000006,1
176,53,58,166,1056,1222,stranger,0.5317275364381596,3.0632534758966052,0.2,0.6529005894344431,1.222,0
176,54,58,166,1056,1222,self,4.154408267769488,3.0632534758966052,0.2,0.6529005894344431,0.5100000000000002,1
176,55,58,166,1056,1222,stranger,0.18364373173975745,3.0632534758966052,0.2,0.6529005894344431,1.222,0
176,56,58,166,1056,1222,stranger,-0.11273567535358209,3.0632534758966052,0.2,0.6529005894344431,1.222,0
176,57,58,166,1056,1222,self,4.083102863020452,3.0632534758966052,0.2,0.6529005894344431,0.7390000000000003,1
176,58,58,166,1056,1222,self,4.732557346098976,3.0632534758966052,0.2,0.6529005894344431,0.6690000000000004,1
176,59,58,166,1056,1222,self,3.5968019176208412,3.0632534758966052,0.2,0.6529005894344431,0.8950000000000005,1
176,60,58,166,1056,1222,stranger,0.9019073811803894,3.0632534758966052,0.2,0.6529005894344431,1.458999999999972,0
177,1,118,446,580,1026,stranger,1.1073363742233198,3.5843567930887072,0.2,0.557980166443353,1.026,0
177,2,118,446,580,1026,stranger,1.4074975612182845,3.5843567930887072,0.2,0.557980166443353,1.7539999999999396,1
177,3,118,446,580,1026,stranger,1.6608937423390706,3.5843567930887072,0.2,0.557980166443353,1.7019999999999453,1
177,4,118,446,580,1026,stranger,2.9351008285119424,3.5843567930887072,0.2,0.557980166443353,0.6280000000000003,1
177,5,118,446,580,1026,self,7.470770153260111,3.5843567930887072,0.2,0.557980166443353,0.5710000000000003,1
177,6,118,446,580,1026,self,6.357073969337025,3.5843567930887072,0.2,0.557980166443353,0.7440000000000004,1
177,7,118,446,580,1026,self,6.739206996881817,3.5843567930887072,0.2,0.557980166443353,0.6090000000000003,1
177,8,118,446,580,1026,self,7.318647449753341,3.5843567930887072,0.2,0.557980166443353,0.5650000000000003,1
177,9,118,446,580,1026,self,6.332099893749188,3.5843567930887072,0.2,0.557980166443353,0.5490000000000003,1
177,10,118,446,580,1026,self,6.921822341650895,3.5843567930887072,0.2,0.557980166443353,0.6170000000000003,1
177,11,118,446,580,1026,stranger,1.7084980934031084,3.5843567930887072,0.2,0.557980166443353,0.9130000000000005,1
177,12,118,446,580,1026,self,7.074239732447127,3.5843567930887072,0.2,0.557980166443353,0.6600000000000004,1
177,13,118,446,580,1026,stranger,0.857054229162274,3.5843567930887072,0.2,0.557980166443353,1.026,0
177,14,118,446,580,1026,self,7.239680287547708,3.5843567930887072,0.2,0.557980166443353,0.7840000000000005,1
177,15,118,446,580,1026,stranger,1.4296366482676217,3.5843567930887072,0.2,0.557980166443353,0.3580000000000001,0
177,16,118,446,580,1026,self,7.9643815888897755,3.5843567930887072,0.2,0.557980166443353,0.7020000000000004,1
177,17,118,446,580,1026,stranger,0.8434578706126146,3.5843567930887072,0.2,0.557980166443353,0.7980000000000005,0
177,18,118,446,580,1026,stranger,2.2335785562873984,3.5843567930887072,0.2,0.557980166443353,2.129999999999898,1
177,19,118,446,580,1026,self,6.937522567987953,3.5843567930887072,0.2,0.557980166443353,0.6490000000000004,1
177,20,118,446,580,1026,self,7.093722532345154,3.5843567930887072,0.2,0.557980166443353,0.6280000000000003,1
177,21,118,446,580,1026,self,7.19276251562401,3.5843567930887072,0.2,0.557980166443353,0.6150000000000003,1
177,22,118,446,580,1026,stranger,2.2342916543812623,3.5843567930887072,0.2,0.557980166443353,0.9990000000000006,1
177,23,118,446,580,1026,stranger,0.42947416891744034,3.5843567930887072,0.2,0.557980166443353,1.8179999999999326,0
177,24,118,446,580,1026,self,7.8306267876415365,3.5843567930887072,0.2,0.557980166443353,0.5890000000000003,1
177,25,118,446,580,1026,stranger,1.1867032317711994,3.5843567930887072,0.2,0.557980166443353,1.9809999999999146,1
177,26,118,446,580,1026,self,6.785525505124066,3.5843567930887072,0.2,0.557980166443353,0.5670000000000003,1
177,27,118,446,580,1026,stranger,1.4504635190621173,3.5843567930887072,0.2,0.557980166443353,1.604999999999956,1
177,28,118,446,580,1026,stranger,1.7919265981310357,3.5843567930887072,0.2,0.557980166443353,1.259999999999994,1
177,29,118,446,580,1026,stranger,1.121854312112841,3.5843567930887072,0.2,0.557980166443353,0.8990000000000005,1
177,30,118,446,580,1026,stranger,1.5168166807692918,3.5843567930887072,0.2,0.557980166443353,1.4389999999999743,1
177,31,118,446,580,1026,stranger,1.3730337130216432,3.5843567930887072,0.2,0.557980166443353,1.84099999999993,1
177,32,118,446,580,1026,self,6.978477569894777,3.5843567930887072,0.2,0.557980166443353,0.7000000000000004,1
177,33,118,446,580,1026,stranger,1.2520653495159977,3.5843567930887072,0.2,0.557980166443353,2.1179999999998995,1
177,34,118,446,580,1026,stranger,1.7655651627808144,3.5843567930887072,0.2,0.557980166443353,0.3380000000000001,0
177,35,118,446,580,1026,stranger,1.5566469529230793,3.5843567930887072,0.2,0.557980166443353,2.1799999999998927,1
177,36,118,446,580,1026,self,8.007969479114903,3.5843567930887072,0.2,0.557980166443353,0.5710000000000003,1
177,37,118,446,580,1026,self,5.8250922563201115,3.5843567930887072,0.2,0.557980166443353,0.4860000000000002,1
177,38,118,446,580,1026,stranger,1.7760751015510692,3.5843567930887072,0.2,0.557980166443353,1.026,0
177,39,118,446,580,1026,self,6.884503352295192,3.5843567930887072,0.2,0.557980166443353,0.6560000000000004,1
177,40,118,446,580,1026,self,6.708378200786819,3.5843567930887072,0.2,0.557980166443353,0.6690000000000004,1
177,41,118,446,580,1026,self,7.220433905498139,3.5843567930887072,0.2,0.557980166443353,0.7270000000000003,1
177,42,118,446,580,1026,stranger,1.5728868890537806,3.5843567930887072,0.2,0.557980166443353,1.5539999999999616,1
177,43,118,446,580,1026,self,7.530057850129809,3.5843567930887072,0.2,0.557980166443353,0.8140000000000005,1
177,44,118,446,580,1026,stranger,2.2265185602843838,3.5843567930887072,0.2,0.557980166443353,0.41200000000000014,0
177,45,118,446,580,1026,stranger,1.174945011448347,3.5843567930887072,0.2,0.557980166443353,0.39400000000000013,0
177,46,118,446,580,1026,stranger,1.106831569329056,3.5843567930887072,0.2,0.557980166443353,1.026,0
177,47,118,446,580,1026,self,6.576949868019726,3.5843567930887072,0.2,0.557980166443353,0.6790000000000004,1
177,48,118,446,580,1026,self,6.863760048589265,3.5843567930887072,0.2,0.557980166443353,0.7730000000000004,1
177,49,118,446,580,1026,stranger,1.4628596683377224,3.5843567930887072,0.2,0.557980166443353,1.4459999999999735,1
177,50,118,446,580,1026,stranger,1.655182592451595,3.5843567930887072,0.2,0.557980166443353,1.0620000000000007,1
177,51,118,446,580,1026,self,7.016394420639746,3.5843567930887072,0.2,0.557980166443353,0.5270000000000002,1
177,52,118,446,580,1026,self,7.95000878968515,3.5843567930887072,0.2,0.557980166443353,0.4610000000000002,1
177,53,118,446,580,1026,stranger,1.6451526507318874,3.5843567930887072,0.2,0.557980166443353,1.026,0
177,54,118,446,580,1026,self,6.84458591194718,3.5843567930887072,0.2,0.557980166443353,0.5620000000000003,1
177,55,118,446,580,1026,self,7.466553650906428,3.5843567930887072,0.2,0.557980166443353,0.5810000000000003,1
177,56,118,446,580,1026,stranger,1.004662906949106,3.5843567930887072,0.2,0.557980166443353,1.6469999999999514,1
177,57,118,446,580,1026,self,6.349944078183247,3.5843567930887072,0.2,0.557980166443353,0.7680000000000005,1
177,58,118,446,580,1026,stranger,1.0881884417502323,3.5843567930887072,0.2,0.557980166443353,1.9839999999999143,1
177,59,118,446,580,1026,self,7.602886679954602,3.5843567930887072,0.2,0.557980166443353,0.6570000000000004,1
177,60,118,446,580,1026,self,6.317592371221059,3.5843567930887072,0.2,0.557980166443353,0.5280000000000002,1
178,1,135,151,375,526,self,5.145923451609686,0.8593914245072957,0.2,2.327228248928171,0.201,1
178,2,135,151,375,526,stranger,1.0066068212074262,0.8593914245072957,0.2,2.327228248928171,0.201,1
178,3,135,151,375,526,self,4.678979958938978,0.8593914245072957,0.2,2.327228248928171,0.201,1
178,4,135,151,375,526,stranger,0.7501688940625038,0.8593914245072957,0.2,2.327228248928171,0.201,1
178,5,135,151,375,526,stranger,0.11434778889100239,0.8593914245072957,0.2,2.327228248928171,0.201,1
178,6,135,151,375,526,self,4.261328431007049,0.8593914245072957,0.2,2.327228248928171,0.201,1
178,7,135,151,375,526,stranger,1.3023522521550923,0.8593914245072957,0.2,2.327228248928171,0.201,1
178,8,135,151,375,526,stranger,0.7782598005178242,0.8593914245072957,0.2,2.327228248928171,0.201,1
178,9,135,151,375,526,self,5.039759472134741,0.8593914245072957,0.2,2.327228248928171,0.201,1
178,10,135,151,375,526,self,4.429094289172276,0.8593914245072957,0.2,2.327228248928171,0.201,1
178,11,135,151,375,526,self,3.3910724661278087,0.8593914245072957,0.2,2.327228248928171,0.201,1
178,12,135,151,375,526,self,4.0800898715524365,0.8593914245072957,0.2,2.327228248928171,0.201,1
178,13,135,151,375,526,stranger,1.110975841102154,0.8593914245072957,0.2,2.327228248928171,0.201,1
178,14,135,151,375,526,self,4.588959890040898,0.8593914245072957,0.2,2.327228248928171,0.201,1
178,15,135,151,375,526,self,4.982207556842202,0.8593914245072957,0.2,2.327228248928171,0.201,1
178,16,135,151,375,526,self,4.744964277108,0.8593914245072957,0.2,2.327228248928171,0.201,1
178,17,135,151,375,526,stranger,1.8833493382554263,0.8593914245072957,0.2,2.327228248928171,0.201,1
178,18,135,151,375,526,stranger,0.8186175662508567,0.8593914245072957,0.2,2.327228248928171,0.201,1
178,19,135,151,375,526,stranger,0.3964953128885522,0.8593914245072957,0.2,2.327228248928171,0.201,1
178,20,135,151,375,526,stranger,1.481370752427941,0.8593914245072957,0.2,2.327228248928171,0.201,1
178,21,135,151,375,526,stranger,1.0332610431136433,0.8593914245072957,0.2,2.327228248928171,0.201,1
178,22,135,151,375,526,stranger,1.2874978611483248,0.8593914245072957,0.2,2.327228248928171,0.201,1
178,23,135,151,375,526,self,4.390587348067697,0.8593914245072957,0.2,2.327228248928171,0.201,1
178,24,135,151,375,526,stranger,0.8304824249932595,0.8593914245072957,0.2,2.327228248928171,0.201,1
178,25,135,151,375,526,self,5.617385760138572,0.8593914245072957,0.2,2.327228248928171,0.201,1
178,26,135,151,375,526,self,4.831220396452147,0.8593914245072957,0.2,2.327228248928171,0.201,1
178,27,135,151,375,526,stranger,0.8757448265999322,0.8593914245072957,0.2,2.327228248928171,0.201,1
178,28,135,151,375,526,stranger,1.1050406959437558,0.8593914245072957,0.2,2.327228248928171,0.201,1
178,29,135,151,375,526,stranger,1.128696601530124,0.8593914245072957,0.2,2.327228248928171,0.201,1
178,30,135,151,375,526,self,4.053967770999531,0.8593914245072957,0.2,2.327228248928171,0.201,1
178,31,135,151,375,526,self,3.591705420878447,0.8593914245072957,0.2,2.327228248928171,0.201,1
178,32,135,151,375,526,stranger,1.3277484226534035,0.8593914245072957,0.2,2.327228248928171,0.201,1
178,33,135,151,375,526,stranger,1.0438921743041387,0.8593914245072957,0.2,2.327228248928171,0.201,1
178,34,135,151,375,526,stranger,1.3529752733363143,0.8593914245072957,0.2,2.327228248928171,0.201,1
178,35,135,151,375,526,self,4.5249645737047315,0.8593914245072957,0.2,2.327228248928171,0.201,1
178,36,135,151,375,526,stranger,1.084742697439149,0.8593914245072957,0.2,2.327228248928171,0.201,1
178,37,135,151,375,526,self,5.320291846666589,0.8593914245072957,0.2,2.327228248928171,0.201,1
178,38,135,151,375,526,self,4.670057361556154,0.8593914245072957,0.2,2.327228248928171,0.201,1
178,39,135,151,375,526,stranger,0.94998116772474,0.8593914245072957,0.2,2.327228248928171,0.201,1
178,40,135,151,375,526,stranger,0.5727950227856333,0.8593914245072957,0.2,2.327228248928171,0.201,1
178,41,135,151,375,526,stranger,1.968476549043774,0.8593914245072957,0.2,2.327228248928171,0.201,1
178,42,135,151,375,526,self,4.735132766749177,0.8593914245072957,0.2,2.327228248928171,0.201,1
178,43,135,151,375,526,self,5.3828834453228405,0.8593914245072957,0.2,2.327228248928171,0.201,1
178,44,135,151,375,526,self,3.8151259598164016,0.8593914245072957,0.2,2.327228248928171,0.201,1
178,45,135,151,375,526,stranger,0.8871674883046404,0.8593914245072957,0.2,2.327228248928171,0.201,1
178,46,135,151,375,526,stranger,-0.02821021560642789,0.8593914245072957,0.2,2.327228248928171,0.201,1
178,47,135,151,375,526,stranger,0.7566685455268422,0.8593914245072957,0.2,2.327228248928171,0.201,1
178,48,135,151,375,526,stranger,1.2127452192052592,0.8593914245072957,0.2,2.327228248928171,0.201,1
178,49,135,151,375,526,stranger,0.7265894465515133,0.8593914245072957,0.2,2.327228248928171,0.201,1
178,50,135,151,375,526,self,3.8062884568569846,0.8593914245072957,0.2,2.327228248928171,0.201,1
178,51,135,151,375,526,self,4.097659908964524,0.8593914245072957,0.2,2.327228248928171,0.201,1
178,52,135,151,375,526,stranger,1.3497190410326398,0.8593914245072957,0.2,2.327228248928171,0.201,1
178,53,135,151,375,526,stranger,1.1790591623573445,0.8593914245072957,0.2,2.327228248928171,0.201,1
178,54,135,151,375,526,self,3.7836492700959754,0.8593914245072957,0.2,2.327228248928171,0.201,1
178,55,135,151,375,526,self,4.648081451284548,0.8593914245072957,0.2,2.327228248928171,0.201,1
178,56,135,151,375,526,self,5.138905116575993,0.8593914245072957,0.2,2.327228248928171,0.201,1
178,57,135,151,375,526,self,5.078755215672875,0.8593914245072957,0.2,2.327228248928171,0.201,1
178,58,135,151,375,526,self,5.000072371860115,0.8593914245072957,0.2,2.327228248928171,0.201,1
178,59,135,151,375,526,self,4.032052934206125,0.8593914245072957,0.2,2.327228248928171,0.201,1
178,60,135,151,375,526,self,4.13859852987566,0.8593914245072957,0.2,2.327228248928171,0.201,1
179,1,125,433,354,787,self,7.363387523590684,3.2953157827812256,0.2,0.6069221075717401,0.5590000000000003,1
179,2,125,433,354,787,self,6.856823725019495,3.2953157827812256,0.2,0.6069221075717401,0.6510000000000004,1
179,3,125,433,354,787,stranger,1.7983800837694792,3.2953157827812256,0.2,0.6069221075717401,2.0269999999999095,1
179,4,125,433,354,787,stranger,1.1091045820478265,3.2953157827812256,0.2,0.6069221075717401,0.787,0
179,5,125,433,354,787,stranger,1.9555509853858863,3.2953157827812256,0.2,0.6069221075717401,1.9239999999999209,1
179,6,125,433,354,787,stranger,1.4912395779374006,3.2953157827812256,0.2,0.6069221075717401,1.9389999999999192,1
179,7,125,433,354,787,self,7.219331762525522,3.2953157827812256,0.2,0.6069221075717401,0.6920000000000004,1
179,8,125,433,354,787,self,7.494694129869015,3.2953157827812256,0.2,0.6069221075717401,0.5070000000000002,1
179,9,125,433,354,787,self,7.862216739645632,3.2953157827812256,0.2,0.6069221075717401,0.4840000000000002,1
179,10,125,433,354,787,stranger,1.7474108150147893,3.2953157827812256,0.2,0.6069221075717401,0.42000000000000015,0
179,11,125,433,354,787,stranger,0.89934866370378,3.2953157827812256,0.2,0.6069221075717401,1.3439999999999848,1
179,12,125,433,354,787,self,7.287376344093628,3.2953157827812256,0.2,0.6069221075717401,0.5060000000000002,1
179,13,125,433,354,787,stranger,3.3334683845321806,3.2953157827812256,0.2,0.6069221075717401,0.9800000000000006,1
179,14,125,433,354,787,stranger,1.878037308058934,3.2953157827812256,0.2,0.6069221075717401,0.787,0
179,15,125,433,354,787,stranger,1.8306632936290208,3.2953157827812256,0.2,0.6069221075717401,1.8929999999999243,1
179,16,125,433,354,787,self,7.781734236569687,3.2953157827812256,0.2,0.6069221075717401,0.6220000000000003,1
179,17,125,433,354,787,self,7.3612962241265905,3.2953157827812256,0.2,0.6069221075717401,0.5500000000000003,1
179,18,125,433,354,787,stranger,2.723788186512893,3.2953157827812256,0.2,0.6069221075717401,1.1420000000000008,1
179,19,125,433,354,787,stranger,1.6094151028741417,3.2953157827812256,0.2,0.6069221075717401,0.787,0
179,20,125,433,354,787,stranger,2.7334908423448745,3.2953157827812256,0.2,0.6069221075717401,0.8800000000000006,1
179,21,125,433,354,787,stranger,1.7520062018149973,3.2953157827812256,0.2,0.6069221075717401,0.787,0
179,22,125,433,354,787,self,7.3368098024449955,3.2953157827812256,0.2,0.6069221075717401,0.5190000000000002,1
179,23,125,433,354,787,stranger,1.7715441323736925,3.2953157827812256,0.2,0.6069221075717401,0.8620000000000005,1
179,24,125,433,354,787,self,7.621336809465691,3.2953157827812256,0.2,0.6069221075717401,0.5330000000000003,1
179,25,125,433,354,787,self,7.407712382323745,3.2953157827812256,0.2,0.6069221075717401,0.5450000000000003,1
179,26,125,433,354,787,self,6.958982522217512,3.2953157827812256,0.2,0.6069221075717401,0.5410000000000003,1
179,27,125,433,354,787,self,6.828455300131023,3.2953157827812256,0.2,0.6069221075717401,0.6040000000000003,1
179,28,125,433,354,787,stranger,2.5709243584058514,3.2953157827812256,0.2,0.6069221075717401,1.2979999999999898,1
179,29,125,433,354,787,stranger,2.2444928308957275,3.2953157827812256,0.2,0.6069221075717401,1.0980000000000008,1
179,30,125,433,354,787,self,7.4589349094295985,3.2953157827812256,0.2,0.6069221075717401,0.6240000000000003,1
179,31,125,433,354,787,stranger,2.288154739757281,3.2953157827812256,0.2,0.6069221075717401,1.5649999999999604,1
179,32,125,433,354,787,self,7.858844497501333,3.2953157827812256,0.2,0.6069221075717401,0.5570000000000003,1
179,33,125,433,354,787,stranger,2.2357965839753158,3.2953157827812256,0.2,0.6069221075717401,1.6459999999999515,1
179,34,125,433,354,787,self,6.952274267975662,3.2953157827812256,0.2,0.6069221075717401,0.5670000000000003,1
179,35,125,433,354,787,stranger,1.797450047083835,3.2953157827812256,0.2,0.6069221075717401,1.5179999999999656,1
179,36,125,433,354,787,self,7.493396767910363,3.2953157827812256,0.2,0.6069221075717401,0.5600000000000003,1
179,37,125,433,354,787,stranger,1.7607625847835975,3.2953157827812256,0.2,0.6069221075717401,1.849999999999929,1
179,38,125,433,354,787,stranger,1.5958043691085226,3.2953157827812256,0.2,0.6069221075717401,0.7480000000000004,1
179,39,125,433,354,787,stranger,2.1369306567239823,3.2953157827812256,0.2,0.6069221075717401,2.002999999999912,1
179,40,125,433,354,787,self,7.732373238152189,3.2953157827812256,0.2,0.6069221075717401,0.5220000000000002,1
179,41,125,433,354,787,self,7.236832326603968,3.2953157827812256,0.2,0.6069221075717401,0.6510000000000004,1
179,42,125,433,354,787,stranger,2.112643251038672,3.2953157827812256,0.2,0.6069221075717401,0.8510000000000004,1
179,43,125,433,354,787,self,6.495170979911514,3.2953157827812256,0.2,0.6069221075717401,0.7260000000000004,1
179,44,125,433,354,787,self,7.02375104216242,3.2953157827812256,0.2,0.6069221075717401,0.6910000000000004,1
179,45,125,433,354,787,self,7.7862997252653035,3.2953157827812256,0.2,0.6069221075717401,0.6100000000000003,1
179,46,125,433,354,787,self,7.3039810914693195,3.2953157827812256,0.2,0.6069221075717401,0.5800000000000003,1
179,47,125,433,354,787,stranger,2.5264115970507306,3.2953157827812256,0.2,0.6069221075717401,0.9650000000000005,1
179,48,125,433,354,787,self,8.113938412888386,3.2953157827812256,0.2,0.6069221075717401,0.5020000000000002,1
179,49,125,433,354,787,stranger,1.3951769013984479,3.2953157827812256,0.2,0.6069221075717401,1.9929999999999133,1
179,50,125,433,354,787,self,7.324852793875515,3.2953157827812256,0.2,0.6069221075717401,0.4650000000000002,1
179,51,125,433,354,787,stranger,2.0495930736930235,3.2953157827812256,0.2,0.6069221075717401,2.1459999999998964,1
179,52,125,433,354,787,stranger,2.4111986933242173,3.2953157827812256,0.2,0.6069221075717401,1.6719999999999486,1
179,53,125,433,354,787,self,7.462142982083846,3.2953157827812256,0.2,0.6069221075717401,0.6330000000000003,1
179,54,125,433,354,787,stranger,1.812806378728879,3.2953157827812256,0.2,0.6069221075717401,1.1160000000000008,1
179,55,125,433,354,787,self,7.141288616160882,3.2953157827812256,0.2,0.6069221075717401,0.6240000000000003,1
179,56,125,433,354,787,self,8.120029968815052,3.2953157827812256,0.2,0.6069221075717401,0.5080000000000002,1
179,57,125,433,354,787,self,7.451992497962826,3.2953157827812256,0.2,0.6069221075717401,0.5200000000000002,1
179,58,125,433,354,787,stranger,2.239655099448192,3.2953157827812256,0.2,0.6069221075717401,1.5209999999999653,1
179,59,125,433,354,787,stranger,0.673300080998373,3.2953157827812256,0.2,0.6069221075717401,0.9430000000000005,1
179,60,125,433,354,787,self,7.154794890902009,3.2953157827812256,0.2,0.6069221075717401,0.7610000000000003,1
180,1,41,194,630,824,self,4.040549721060235,4.044774659219888,0.2,0.49446512315366864,0.8240000000000005,1
180,2,41,194,630,824,self,4.938099611998119,4.044774659219888,0.2,0.49446512315366864,0.8440000000000005,1
180,3,41,194,630,824,self,3.417938493380741,4.044774659219888,0.2,0.49446512315366864,1.5189999999999655,1
180,4,41,194,630,824,stranger,-0.01434646273541551,4.044774659219888,0.2,0.49446512315366864,0.8240000000000001,0
180,5,41,194,630,824,self,4.284840775236999,4.044774659219888,0.2,0.49446512315366864,1.0400000000000007,1
180,6,41,194,630,824,stranger,0.500704678224153,4.044774659219888,0.2,0.49446512315366864,0.3930000000000001,0
180,7,41,194,630,824,self,4.725522280068438,4.044774659219888,0.2,0.49446512315366864,0.6880000000000004,1
180,8,41,194,630,824,self,4.892293860256865,4.044774659219888,0.2,0.49446512315366864,0.7920000000000005,1
180,9,41,194,630,824,stranger,0.39730604795281776,4.044774659219888,0.2,0.49446512315366864,1.2979999999999898,0
180,10,41,194,630,824,self,5.173784975685164,4.044774659219888,0.2,0.49446512315366864,1.1380000000000008,1
180,11,41,194,630,824,self,4.281578503005466,4.044774659219888,0.2,0.49446512315366864,0.8020000000000005,1
180,12,41,194,630,824,self,4.813271420052122,4.044774659219888,0.2,0.49446512315366864,1.1740000000000008,1
180,13,41,194,630,824,stranger,0.4531862353300181,4.044774659219888,0.2,0.49446512315366864,0.8240000000000001,0
180,14,41,194,630,824,self,4.843420303739615,4.044774659219888,0.2,0.49446512315366864,1.0120000000000007,1
180,15,41,194,630,824,self,4.707834729101461,4.044774659219888,0.2,0.49446512315366864,0.9400000000000006,1
180,16,41,194,630,824,stranger,0.3620889855331083,4.044774659219888,0.2,0.49446512315366864,0.3510000000000001,0
180,17,41,194,630,824,stranger,0.9617777591674997,4.044774659219888,0.2,0.49446512315366864,0.8240000000000001,0
180,18,41,194,630,824,self,4.1219644951636445,4.044774659219888,0.2,0.49446512315366864,1.0070000000000006,1
180,19,41,194,630,824,self,4.240749711082449,4.044774659219888,0.2,0.49446512315366864,0.8110000000000004,1
180,20,41,194,630,824,self,4.63232662913871,4.044774659219888,0.2,0.49446512315366864,0.8720000000000006,1
180,21,41,194,630,824,stranger,1.5461010341795203,4.044774659219888,0.2,0.49446512315366864,0.8240000000000001,0
180,22,41,194,630,824,stranger,0.23392663038215122,4.044774659219888,0.2,0.49446512315366864,0.8240000000000001,0
180,23,41,194,630,824,stranger,0.02837584174628427,4.044774659219888,0.2,0.49446512315366864,0.5180000000000002,0
180,24,41,194,630,824,self,5.6789935219974605,4.044774659219888,0.2,0.49446512315366864,0.7300000000000004,1
180,25,41,194,630,824,stranger,0.33160978022604015,4.044774659219888,0.2,0.49446512315366864,0.8240000000000001,0
180,26,41,194,630,824,stranger,1.0016218237901087,4.044774659219888,0.2,0.49446512315366864,0.8240000000000001,0
180,27,41,194,630,824,stranger,0.8039839668417267,4.044774659219888,0.2,0.49446512315366864,0.8240000000000001,0
180,28,41,194,630,824,stranger,1.4918264093453022,4.044774659219888,0.2,0.49446512315366864,1.6169999999999547,1
180,29,41,194,630,824,stranger,1.3521682830925847,4.044774659219888,0.2,0.49446512315366864,0.8240000000000001,0
180,30,41,194,630,824,stranger,0.90014195654648,4.044774659219888,0.2,0.49446512315366864,1.313999999999988,1
180,31,41,194,630,824,self,5.93038665754589,4.044774659219888,0.2,0.49446512315366864,0.7940000000000005,1
180,32,41,194,630,824,stranger,0.9280780670689034,4.044774659219888,0.2,0.49446512315366864,1.0800000000000007,0
180,33,41,194,630,824,stranger,1.0776304220815778,4.044774659219888,0.2,0.49446512315366864,0.42200000000000015,0
180,34,41,194,630,824,self,4.391575497753231,4.044774659219888,0.2,0.49446512315366864,1.0150000000000006,1
180,35,41,194,630,824,stranger,0.6848066720089606,4.044774659219888,0.2,0.49446512315366864,0.8240000000000001,0
180,36,41,194,630,824,stranger,0.8868662157669057,4.044774659219888,0.2,0.49446512315366864,0.8240000000000001,0
180,37,41,194,630,824,self,4.854032969858413,4.044774659219888,0.2,0.49446512315366864,0.8250000000000004,1
180,38,41,194,630,824,stranger,0.0022612127219870937,4.044774659219888,0.2,0.49446512315366864,0.8780000000000006,0
180,39,41,194,630,824,self,4.533572637746377,4.044774659219888,0.2,0.49446512315366864,0.8810000000000004,1
180,40,41,194,630,824,self,4.831752237308332,4.044774659219888,0.2,0.49446512315366864,1.0100000000000007,1
180,41,41,194,630,824,self,4.56578508676379,4.044774659219888,0.2,0.49446512315366864,0.9590000000000005,1
180,42,41,194,630,824,stranger,0.6963628660566202,4.044774659219888,0.2,0.49446512315366864,0.2690000000000001,0
180,43,41,194,630,824,stranger,0.4004729933605716,4.044774659219888,0.2,0.49446512315366864,2.103999999999901,1
180,44,41,194,630,824,self,5.447217345640381,4.044774659219888,0.2,0.49446512315366864,0.7780000000000005,1
180,45,41,194,630,824,stranger,0.34465639851868324,4.044774659219888,0.2,0.49446512315366864,0.26400000000000007,0
180,46,41,194,630,824,stranger,0.6302225071133111,4.044774659219888,0.2,0.49446512315366864,1.2829999999999915,1
180,47,41,194,630,824,stranger,0.8170290093600857,4.044774659219888,0.2,0.49446512315366864,2.1289999999998983,0
180,48,41,194,630,824,self,6.067058244625134,4.044774659219888,0.2,0.49446512315366864,0.8660000000000005,1
180,49,41,194,630,824,stranger,0.1526916215306663,4.044774659219888,0.2,0.49446512315366864,1.0350000000000006,0
180,50,41,194,630,824,self,4.711543528216587,4.044774659219888,0.2,0.49446512315366864,1.0270000000000006,1
180,51,41,194,630,824,stranger,0.14744716630821741,4.044774659219888,0.2,0.49446512315366864,2.0639999999999055,1
180,52,41,194,630,824,self,4.815485896546217,4.044774659219888,0.2,0.49446512315366864,0.8630000000000004,1
180,53,41,194,630,824,stranger,1.3960387547578725,4.044774659219888,0.2,0.49446512315366864,1.7739999999999374,1
180,54,41,194,630,824,self,4.952175281002578,4.044774659219888,0.2,0.49446512315366864,0.7560000000000004,1
180,55,41,194,630,824,stranger,0.397885406304299,4.044774659219888,0.2,0.49446512315366864,0.8240000000000001,0
180,56,41,194,630,824,self,4.121307877259417,4.044774659219888,0.2,0.49446512315366864,1.4039999999999782,1
180,57,41,194,630,824,stranger,0.6328968783107908,4.044774659219888,0.2,0.49446512315366864,0.3430000000000001,0
180,58,41,194,630,824,self,4.948576881728739,4.044774659219888,0.2,0.49446512315366864,0.9510000000000005,1
180,59,41,194,630,824,self,5.077070221190662,4.044774659219888,0.2,0.49446512315366864,0.8280000000000005,1
180,60,41,194,630,824,self,4.234855707204616,4.044774659219888,0.2,0.49446512315366864,1.2089999999999996,1
181,1,42,158,956,1114,stranger,-0.15657736858493387,3.618627192417447,0.2,0.5526957859021357,1.1980000000000008,0
181,2,42,158,956,1114,stranger,0.32544279710113,3.618627192417447,0.2,0.5526957859021357,1.2709999999999928,0
181,3,42,158,956,1114,stranger,-0.30502908762113223,3.618627192417447,0.2,0.5526957859021357,0.5270000000000002,0
181,4,42,158,956,1114,self,3.506408672006282,3.618627192417447,0.2,0.5526957859021357,0.9620000000000006,1
181,5,42,158,956,1114,self,4.222083017413619,3.618627192417447,0.2,0.5526957859021357,0.8090000000000004,1
181,6,42,158,956,1114,self,4.205315115069628,3.618627192417447,0.2,0.5526957859021357,1.0500000000000007,1
181,7,42,158,956,1114,stranger,-0.36666643111282504,3.618627192417447,0.2,0.5526957859021357,0.6880000000000004,0
181,8,42,158,956,1114,self,4.568233528326552,3.618627192417447,0.2,0.5526957859021357,0.8600000000000005,1
181,9,42,158,956,1114,stranger,0.047349814151709246,3.618627192417447,0.2,0.5526957859021357,1.114,0
181,10,42,158,956,1114,self,3.3465106349318514,3.618627192417447,0.2,0.5526957859021357,0.9100000000000006,1
181,11,42,158,956,1114,self,3.991158641699447,3.618627192417447,0.2,0.5526957859021357,0.7080000000000004,1
181,12,42,158,956,1114,self,3.351267960191512,3.618627192417447,0.2,0.5526957859021357,0.9800000000000006,1
181,13,42,158,956,1114,stranger,-0.6464245472774883,3.618627192417447,0.2,0.5526957859021357,0.39900000000000013,0
181,14,42,158,956,1114,self,4.399628932366838,3.618627192417447,0.2,0.5526957859021357,0.9290000000000005,1
181,15,42,158,956,1114,stranger,-0.4086078187871227,3.618627192417447,0.2,0.5526957859021357,0.42400000000000015,0
181,16,42,158,956,1114,stranger,0.9638062177000986,3.618627192417447,0.2,0.5526957859021357,0.25800000000000006,0
181,17,42,158,956,1114,stranger,0.47472185452588045,3.618627192417447,0.2,0.5526957859021357,1.114,0
181,18,42,158,956,1114,self,3.959964857126031,3.618627192417447,0.2,0.5526957859021357,1.1730000000000007,1
181,19,42,158,956,1114,self,3.818840566236556,3.618627192417447,0.2,0.5526957859021357,0.8330000000000004,1
181,20,42,158,956,1114,self,4.116437086792692,3.618627192417447,0.2,0.5526957859021357,0.8000000000000005,1
181,21,42,158,956,1114,self,3.94229164701415,3.618627192417447,0.2,0.5526957859021357,0.7540000000000004,1
181,22,42,158,956,1114,self,2.9475871003333367,3.618627192417447,0.2,0.5526957859021357,1.422999999999976,1
181,23,42,158,956,1114,stranger,0.37017894763867476,3.618627192417447,0.2,0.5526957859021357,1.0840000000000007,0
181,24,42,158,956,1114,self,4.069192026072488,3.618627192417447,0.2,0.5526957859021357,0.7080000000000004,1
181,25,42,158,956,1114,stranger,0.33978322812451633,3.618627192417447,0.2,0.5526957859021357,0.7430000000000003,0
181,26,42,158,956,1114,stranger,0.47794813580418904,3.618627192417447,0.2,0.5526957859021357,1.6669999999999492,1
181,27,42,158,956,1114,stranger,0.33001275470592795,3.618627192417447,0.2,0.5526957859021357,0.6440000000000003,0
181,28,42,158,956,1114,self,3.802416885871022,3.618627192417447,0.2,0.5526957859021357,1.0160000000000007,1
181,29,42,158,956,1114,stranger,-0.26169796162043835,3.618627192417447,0.2,0.5526957859021357,0.7360000000000004,0
181,30,42,158,956,1114,stranger,-0.025718037818456052,3.618627192417447,0.2,0.5526957859021357,0.4990000000000002,0
181,31,42,158,956,1114,self,3.7854778915830707,3.618627192417447,0.2,0.5526957859021357,0.8140000000000005,1
181,32,42,158,956,1114,stranger,0.15373270700090824,3.618627192417447,0.2,0.5526957859021357,0.43200000000000016,0
181,33,42,158,956,1114,self,3.794436768239631,3.618627192417447,0.2,0.5526957859021357,1.1500000000000008,1
181,34,42,158,956,1114,stranger,-0.33193459789317914,3.618627192417447,0.2,0.5526957859021357,0.8570000000000004,0
181,35,42,158,956,1114,self,2.8392361920997358,3.618627192417447,0.2,0.5526957859021357,1.0010000000000006,1
181,36,42,158,956,1114,self,3.894453278521323,3.618627192417447,0.2,0.5526957859021357,1.0000000000000007,1
181,37,42,158,956,1114,stranger,0.006638462603390294,3.618627192417447,0.2,0.5526957859021357,0.8010000000000004,0
181,38,42,158,956,1114,stranger,0.48597022127064404,3.618627192417447,0.2,0.5526957859021357,1.114,0
181,39,42,158,956,1114,stranger,0.5723564117370261,3.618627192417447,0.2,0.5526957859021357,1.114,0
181,40,42,158,956,1114,stranger,-0.2611748266492796,3.618627192417447,0.2,0.5526957859021357,0.4860000000000002,0
181,41,42,158,956,1114,self,4.396295336813848,3.618627192417447,0.2,0.5526957859021357,0.7260000000000004,1
181,42,42,158,956,1114,stranger,0.6693861009567339,3.618627192417447,0.2,0.5526957859021357,1.114,0
181,43,42,158,956,1114,stranger,0.02268830422596313,3.618627192417447,0.2,0.5526957859021357,1.7019999999999453,1
181,44,42,158,956,1114,stranger,0.5478628039633302,3.618627192417447,0.2,0.5526957859021357,1.114,0
181,45,42,158,956,1114,stranger,0.1900359135012506,3.618627192417447,0.2,0.5526957859021357,0.3050000000000001,0
181,46,42,158,956,1114,self,4.135310963752251,3.618627192417447,0.2,0.5526957859021357,0.7510000000000003,1
181,47,42,158,956,1114,self,4.095674823907959,3.618627192417447,0.2,0.5526957859021357,1.2589999999999941,1
181,48,42,158,956,1114,stranger,0.324897286351036,3.618627192417447,0.2,0.5526957859021357,1.114,0
181,49,42,158,956,1114,stranger,-0.08464834332839533,3.618627192417447,0.2,0.5526957859021357,0.26500000000000007,0
181,50,42,158,956,1114,stranger,-0.487563828634201,3.618627192417447,0.2,0.5526957859021357,1.2209999999999983,0
181,51,42,158,956,1114,self,3.380167103715647,3.618627192417447,0.2,0.5526957859021357,0.9000000000000006,1
181,52,42,158,956,1114,self,3.278816909475573,3.618627192417447,0.2,0.5526957859021357,1.1770000000000007,1
181,53,42,158,956,1114,stranger,0.8243786228047867,3.618627192417447,0.2,0.5526957859021357,0.4670000000000002,0
181,54,42,158,956,1114,self,4.483600084727405,3.618627192417447,0.2,0.5526957859021357,0.7670000000000003,1
181,55,42,158,956,1114,self,3.952563232804575,3.618627192417447,0.2,0.5526957859021357,1.0650000000000006,1
181,56,42,158,956,1114,self,3.597980443254314,3.618627192417447,0.2,0.5526957859021357,0.9540000000000006,1
181,57,42,158,956,1114,self,4.679793872447845,3.618627192417447,0.2,0.5526957859021357,0.8050000000000004,1
181,58,42,158,956,1114,self,4.313967870000792,3.618627192417447,0.2,0.5526957859021357,0.8720000000000006,1
181,59,42,158,956,1114,stranger,0.5688812580524825,3.618627192417447,0.2,0.5526957859021357,1.114,0
181,60,42,158,956,1114,self,3.6739560375127667,3.618627192417447,0.2,0.5526957859021357,1.0270000000000006,1
182,1,128,280,259,539,stranger,0.22979153993272028,1.6399240484667277,0.2,1.2195686756773467,0.22900000000000004,1
182,2,128,280,259,539,stranger,2.3171499598482765,1.6399240484667277,0.2,1.2195686756773467,0.3430000000000001,1
182,3,128,280,259,539,stranger,-0.06150541978958679,1.6399240484667277,0.2,1.2195686756773467,0.32600000000000007,1
182,4,128,280,259,539,self,5.334902105161161,1.6399240484667277,0.2,1.2195686756773467,0.25200000000000006,1
182,5,128,280,259,539,self,5.341128319032249,1.6399240484667277,0.2,1.2195686756773467,0.25400000000000006,1
182,6,128,280,259,539,self,5.145426258518869,1.6399240484667277,0.2,1.2195686756773467,0.25300000000000006,1
182,7,128,280,259,539,stranger,1.5027894142537783,1.6399240484667277,0.2,1.2195686756773467,0.3140000000000001,1
182,8,128,280,259,539,stranger,0.48169292749282333,1.6399240484667277,0.2,1.2195686756773467,0.32600000000000007,1
182,9,128,280,259,539,stranger,-0.1428500263556518,1.6399240484667277,0.2,1.2195686756773467,0.2790000000000001,1
182,10,128,280,259,539,stranger,1.7105529990519464,1.6399240484667277,0.2,1.2195686756773467,0.4870000000000002,1
182,11,128,280,259,539,self,4.817402817823318,1.6399240484667277,0.2,1.2195686756773467,0.25100000000000006,1
182,12,128,280,259,539,stranger,0.8246755311045689,1.6399240484667277,0.2,1.2195686756773467,0.42900000000000016,1
182,13,128,280,259,539,self,6.135230320141303,1.6399240484667277,0.2,1.2195686756773467,0.23700000000000004,1
182,14,128,280,259,539,stranger,1.0982730515970571,1.6399240484667277,0.2,1.2195686756773467,0.4840000000000002,0
182,15,128,280,259,539,stranger,0.3718527772375181,1.6399240484667277,0.2,1.2195686756773467,1.1720000000000008,1
182,16,128,280,259,539,stranger,-0.19102268068285744,1.6399240484667277,0.2,1.2195686756773467,2.011999999999911,0
182,17,128,280,259,539,stranger,0.17168914162903748,1.6399240484667277,0.2,1.2195686756773467,0.5760000000000003,1
182,18,128,280,259,539,self,5.94789219010512,1.6399240484667277,0.2,1.2195686756773467,0.24300000000000005,1
182,19,128,280,259,539,self,5.744374467758337,1.6399240484667277,0.2,1.2195686756773467,0.26100000000000007,1
182,20,128,280,259,539,self,6.2049788097104575,1.6399240484667277,0.2,1.2195686756773467,0.25000000000000006,1
182,21,128,280,259,539,self,5.228802762863494,1.6399240484667277,0.2,1.2195686756773467,0.25600000000000006,1
182,22,128,280,259,539,stranger,1.5073075225279107,1.6399240484667277,0.2,1.2195686756773467,0.4840000000000002,1
182,23,128,280,259,539,self,5.243594468150128,1.6399240484667277,0.2,1.2195686756773467,0.3170000000000001,1
182,24,128,280,259,539,self,5.703203365146009,1.6399240484667277,0.2,1.2195686756773467,0.3020000000000001,1
182,25,128,280,259,539,stranger,1.3104131592547028,1.6399240484667277,0.2,1.2195686756773467,0.3620000000000001,1
182,26,128,280,259,539,self,6.14548387606916,1.6399240484667277,0.2,1.2195686756773467,0.22200000000000003,1
182,27,128,280,259,539,self,5.970317238543103,1.6399240484667277,0.2,1.2195686756773467,0.24200000000000005,1
182,28,128,280,259,539,self,6.056885005142841,1.6399240484667277,0.2,1.2195686756773467,0.3060000000000001,1
182,29,128,280,259,539,self,5.2040473674617225,1.6399240484667277,0.2,1.2195686756773467,0.25600000000000006,1
182,30,128,280,259,539,self,4.766182315874399,1.6399240484667277,0.2,1.2195686756773467,0.2990000000000001,1
182,31,128,280,259,539,self,5.108132030534884,1.6399240484667277,0.2,1.2195686756773467,0.3360000000000001,1
182,32,128,280,259,539,stranger,0.0812096435816928,1.6399240484667277,0.2,1.2195686756773467,0.7250000000000003,1
182,33,128,280,259,539,stranger,-0.08338741557309481,1.6399240484667277,0.2,1.2195686756773467,1.0180000000000007,0
182,34,128,280,259,539,self,5.651678241813575,1.6399240484667277,0.2,1.2195686756773467,0.22500000000000003,1
182,35,128,280,259,539,self,6.538734144064406,1.6399240484667277,0.2,1.2195686756773467,0.3100000000000001,1
182,36,128,280,259,539,self,5.989412921936231,1.6399240484667277,0.2,1.2195686756773467,0.25000000000000006,1
182,37,128,280,259,539,self,5.592724152980299,1.6399240484667277,0.2,1.2195686756773467,0.32500000000000007,1
182,38,128,280,259,539,stranger,0.5535929275443908,1.6399240484667277,0.2,1.2195686756773467,0.5900000000000003,1
182,39,128,280,259,539,stranger,0.5892885894583851,1.6399240484667277,0.2,1.2195686756773467,0.6200000000000003,1
182,40,128,280,259,539,stranger,0.6464388898099463,1.6399240484667277,0.2,1.2195686756773467,0.9870000000000005,1
182,41,128,280,259,539,stranger,0.562435446840638,1.6399240484667277,0.2,1.2195686756773467,1.4839999999999693,0
182,42,128,280,259,539,stranger,0.6186819624973717,1.6399240484667277,0.2,1.2195686756773467,0.7230000000000003,1
182,43,128,280,259,539,stranger,1.2956514807922552,1.6399240484667277,0.2,1.2195686756773467,0.3160000000000001,1
182,44,128,280,259,539,self,4.6646692896730135,1.6399240484667277,0.2,1.2195686756773467,0.39400000000000013,1
182,45,128,280,259,539,stranger,0.6985460670031439,1.6399240484667277,0.2,1.2195686756773467,0.7750000000000004,1
182,46,128,280,259,539,self,6.263214159294934,1.6399240484667277,0.2,1.2195686756773467,0.24400000000000005,1
182,47,128,280,259,539,self,6.932360026373054,1.6399240484667277,0.2,1.2195686756773467,0.25300000000000006,1
182,48,128,280,259,539,stranger,0.6762538142421587,1.6399240484667277,0.2,1.2195686756773467,0.5380000000000003,1
182,49,128,280,259,539,self,5.416264399838267,1.6399240484667277,0.2,1.2195686756773467,0.3090000000000001,1
182,50,128,280,259,539,self,5.815418211541663,1.6399240484667277,0.2,1.2195686756773467,0.2710000000000001,1
182,51,128,280,259,539,self,5.384609317688374,1.6399240484667277,0.2,1.2195686756773467,0.23100000000000004,1
182,52,128,280,259,539,stranger,1.863119956092481,1.6399240484667277,0.2,1.2195686756773467,0.6970000000000004,1
182,53,128,280,259,539,stranger,0.7208331972491958,1.6399240484667277,0.2,1.2195686756773467,0.25500000000000006,1
182,54,128,280,259,539,stranger,0.3209087347407843,1.6399240484667277,0.2,1.2195686756773467,0.7570000000000003,1
182,55,128,280,259,539,self,5.41605903339936,1.6399240484667277,0.2,1.2195686756773467,0.25100000000000006,1
182,56,128,280,259,539,stranger,0.8673004497432396,1.6399240484667277,0.2,1.2195686756773467,0.5080000000000002,1
182,57,128,280,259,539,self,5.462047460195545,1.6399240484667277,0.2,1.2195686756773467,0.22900000000000004,1
182,58,128,280,259,539,stranger,1.1055575183450763,1.6399240484667277,0.2,1.2195686756773467,0.7120000000000004,1
182,59,128,280,259,539,self,5.742884871917997,1.6399240484667277,0.2,1.2195686756773467,0.24400000000000005,1
182,60,128,280,259,539,stranger,0.5274312526377628,1.6399240484667277,0.2,1.2195686756773467,0.3100000000000001,1
183,1,133,44,474,518,self,2.777778395251958,0.9288874821152913,0.2,2.1531133086706458,0.201,1
183,2,133,44,474,518,self,3.595976380648179,0.9288874821152913,0.2,2.1531133086706458,0.201,1
183,3,133,44,474,518,stranger,2.7185300326877684,0.9288874821152913,0.2,2.1531133086706458,0.201,1
183,4,133,44,474,518,self,2.737282455766671,0.9288874821152913,0.2,2.1531133086706458,0.201,1
183,5,133,44,474,518,self,3.658983559002528,0.9288874821152913,0.2,2.1531133086706458,0.201,1
183,6,133,44,474,518,self,3.100051841235768,0.9288874821152913,0.2,2.1531133086706458,0.201,1
183,7,133,44,474,518,self,2.9907459641720244,0.9288874821152913,0.2,2.1531133086706458,0.201,1
183,8,133,44,474,518,stranger,1.2064402065189754,0.9288874821152913,0.2,2.1531133086706458,0.201,1
183,9,133,44,474,518,self,3.4500156990513817,0.9288874821152913,0.2,2.1531133086706458,0.201,1
183,10,133,44,474,518,stranger,1.6473782282167426,0.9288874821152913,0.2,2.1531133086706458,0.201,1
183,11,133,44,474,518,stranger,1.5806150322141366,0.9288874821152913,0.2,2.1531133086706458,0.201,1
183,12,133,44,474,518,stranger,1.2819423429038417,0.9288874821152913,0.2,2.1531133086706458,0.201,1
183,13,133,44,474,518,self,3.356424793624659,0.9288874821152913,0.2,2.1531133086706458,0.201,1
183,14,133,44,474,518,self,3.014885666338273,0.9288874821152913,0.2,2.1531133086706458,0.201,1
183,15,133,44,474,518,stranger,1.6213531131149082,0.9288874821152913,0.2,2.1531133086706458,0.201,1
183,16,133,44,474,518,stranger,1.3191887202720132,0.9288874821152913,0.2,2.1531133086706458,0.201,1
183,17,133,44,474,518,stranger,1.6977165778332697,0.9288874821152913,0.2,2.1531133086706458,0.201,1
183,18,133,44,474,518,stranger,1.0935808694522429,0.9288874821152913,0.2,2.1531133086706458,0.201,1
183,19,133,44,474,518,stranger,1.0741417265046915,0.9288874821152913,0.2,2.1531133086706458,0.201,1
183,20,133,44,474,518,stranger,0.9260862288106776,0.9288874821152913,0.2,2.1531133086706458,0.201,1
183,21,133,44,474,518,stranger,1.1066639842980686,0.9288874821152913,0.2,2.1531133086706458,0.201,1
183,22,133,44,474,518,stranger,1.3016846530408226,0.9288874821152913,0.2,2.1531133086706458,0.201,1
183,23,133,44,474,518,self,2.244570133244544,0.9288874821152913,0.2,2.1531133086706458,0.201,1
183,24,133,44,474,518,self,3.8348837529729005,0.9288874821152913,0.2,2.1531133086706458,0.201,1
183,25,133,44,474,518,stranger,1.164124540765148,0.9288874821152913,0.2,2.1531133086706458,0.201,1
183,26,133,44,474,518,self,3.0337867620278463,0.9288874821152913,0.2,2.1531133086706458,0.201,1
183,27,133,44,474,518,self,3.2796990785632367,0.9288874821152913,0.2,2.1531133086706458,0.201,1
183,28,133,44,474,518,stranger,1.0312204258926179,0.9288874821152913,0.2,2.1531133086706458,0.201,1
183,29,133,44,474,518,self,4.1195529083673845,0.9288874821152913,0.2,2.1531133086706458,0.201,1
183,30,133,44,474,518,stranger,1.7783804800119876,0.9288874821152913,0.2,2.1531133086706458,0.201,1
183,31,133,44,474,518,stranger,0.7523017365049237,0.9288874821152913,0.2,2.1531133086706458,0.201,1
183,32,133,44,474,518,self,3.2891064282965106,0.9288874821152913,0.2,2.1531133086706458,0.201,1
183,33,133,44,474,518,stranger,0.3485207418026086,0.9288874821152913,0.2,2.1531133086706458,0.201,1
183,34,133,44,474,518,stranger,1.3227292404699773,0.9288874821152913,0.2,2.1531133086706458,0.201,1
183,35,133,44,474,518,stranger,1.0361507427144965,0.9288874821152913,0.2,2.1531133086706458,0.201,1
183,36,133,44,474,518,stranger,1.6608762460056186,0.9288874821152913,0.2,2.1531133086706458,0.201,1
183,37,133,44,474,518,self,3.7206508219149335,0.9288874821152913,0.2,2.1531133086706458,0.201,1
183,38,133,44,474,518,self,3.308123522641588,0.9288874821152913,0.2,2.1531133086706458,0.201,1
183,39,133,44,474,518,stranger,0.5765166956845291,0.9288874821152913,0.2,2.1531133086706458,0.201,1
183,40,133,44,474,518,self,3.4684245781162772,0.9288874821152913,0.2,2.1531133086706458,0.201,1
183,41,133,44,474,518,self,2.9311676894855294,0.9288874821152913,0.2,2.1531133086706458,0.201,1
183,42,133,44,474,518,stranger,1.4594513809568812,0.9288874821152913,0.2,2.1531133086706458,0.201,1
183,43,133,44,474,518,self,3.6858830471358113,0.9288874821152913,0.2,2.1531133086706458,0.201,1
183,44,133,44,474,518,self,2.178522811913031,0.9288874821152913,0.2,2.1531133086706458,0.201,1
183,45,133,44,474,518,self,3.105512989519787,0.9288874821152913,0.2,2.1531133086706458,0.201,1
183,46,133,44,474,518,stranger,1.339978008231434,0.9288874821152913,0.2,2.1531133086706458,0.201,1
183,47,133,44,474,518,self,2.919514320232664,0.9288874821152913,0.2,2.1531133086706458,0.201,1
183,48,133,44,474,518,stranger,1.4774669264679217,0.9288874821152913,0.2,2.1531133086706458,0.201,1
183,49,133,44,474,518,self,3.2454238447695305,0.9288874821152913,0.2,2.1531133086706458,0.201,1
183,50,133,44,474,518,self,2.924672411362132,0.9288874821152913,0.2,2.1531133086706458,0.201,1
183,51,133,44,474,518,self,3.626811412227947,0.9288874821152913,0.2,2.1531133086706458,0.201,1
183,52,133,44,474,518,stranger,1.637451284226661,0.9288874821152913,0.2,2.1531133086706458,0.201,1
183,53,133,44,474,518,self,3.992175449631204,0.9288874821152913,0.2,2.1531133086706458,0.201,1
183,54,133,44,474,518,self,3.615757037608141,0.9288874821152913,0.2,2.1531133086706458,0.201,1
183,55,133,44,474,518,self,3.4488886018886094,0.9288874821152913,0.2,2.1531133086706458,0.201,1
183,56,133,44,474,518,self,3.103464032194398,0.9288874821152913,0.2,2.1531133086706458,0.201,1
183,57,133,44,474,518,stranger,1.0572108602090995,0.9288874821152913,0.2,2.1531133086706458,0.201,1
183,58,133,44,474,518,stranger,0.4973732400548151,0.9288874821152913,0.2,2.1531133086706458,0.201,1
183,59,133,44,474,518,stranger,1.6596108114395893,0.9288874821152913,0.2,2.1531133086706458,0.201,1
183,60,133,44,474,518,stranger,1.1891892512721083,0.9288874821152913,0.2,2.1531133086706458,0.201,1
184,1,91,341,432,773,stranger,1.52467041576021,2.988298309289633,0.2,0.6692772250289271,1.0110000000000006,1
184,2,91,341,432,773,stranger,1.994139680936419,2.988298309289633,0.2,0.6692772250289271,1.1010000000000006,1
184,3,91,341,432,773,self,6.852693887993873,2.988298309289633,0.2,0.6692772250289271,0.4490000000000002,1
184,4,91,341,432,773,self,7.262679504569878,2.988298309289633,0.2,0.6692772250289271,0.5200000000000002,1
184,5,91,341,432,773,stranger,2.294390988271126,2.988298309289633,0.2,0.6692772250289271,0.9750000000000005,1
184,6,91,341,432,773,self,6.9401829110156275,2.988298309289633,0.2,0.6692772250289271,0.5200000000000002,1
184,7,91,341,432,773,self,7.571660811528065,2.988298309289633,0.2,0.6692772250289271,0.42900000000000016,1
184,8,91,341,432,773,stranger,2.4014875671627163,2.988298309289633,0.2,0.6692772250289271,1.4519999999999729,1
184,9,91,341,432,773,self,7.190401445263485,2.988298309289633,0.2,0.6692772250289271,0.4870000000000002,1
184,10,91,341,432,773,stranger,2.5717471885743075,2.988298309289633,0.2,0.6692772250289271,0.8710000000000004,1
184,11,91,341,432,773,self,6.411161285951437,2.988298309289633,0.2,0.6692772250289271,0.6100000000000003,1
184,12,91,341,432,773,stranger,1.9547786520053831,2.988298309289633,0.2,0.6692772250289271,1.8099999999999334,1
184,13,91,341,432,773,self,6.623078318375774,2.988298309289633,0.2,0.6692772250289271,0.6730000000000004,1
184,14,91,341,432,773,self,7.007442711936968,2.988298309289633,0.2,0.6692772250289271,0.4950000000000002,1
184,15,91,341,432,773,self,7.8514723025052895,2.988298309289633,0.2,0.6692772250289271,0.4720000000000002,1
184,16,91,341,432,773,self,7.173688609669558,2.988298309289633,0.2,0.6692772250289271,0.42700000000000016,1
184,17,91,341,432,773,self,6.93841717770098,2.988298309289633,0.2,0.6692772250289271,0.4550000000000002,1
184,18,91,341,432,773,self,6.913066517412389,2.988298309289633,0.2,0.6692772250289271,0.5220000000000002,1
184,19,91,341,432,773,stranger,1.745946809698613,2.988298309289633,0.2,0.6692772250289271,1.8489999999999291,1
184,20,91,341,432,773,stranger,1.8574477828717948,2.988298309289633,0.2,0.6692772250289271,1.1730000000000007,1
184,21,91,341,432,773,stranger,2.0927986614671035,2.988298309289633,0.2,0.6692772250289271,0.773,0
184,22,91,341,432,773,self,7.244210735735587,2.988298309289633,0.2,0.6692772250289271,0.4500000000000002,1
184,23,91,341,432,773,self,6.760498064388086,2.988298309289633,0.2,0.6692772250289271,0.6120000000000003,1
184,24,91,341,432,773,stranger,1.7104409445267452,2.988298309289633,0.2,0.6692772250289271,0.773,0
184,25,91,341,432,773,stranger,2.5053908335771,2.988298309289633,0.2,0.6692772250289271,0.5110000000000002,1
184,26,91,341,432,773,stranger,1.2947465128449522,2.988298309289633,0.2,0.6692772250289271,1.6469999999999514,1
184,27,91,341,432,773,stranger,1.085008397993967,2.988298309289633,0.2,0.6692772250289271,0.773,0
184,28,91,341,432,773,stranger,2.256485041961379,2.988298309289633,0.2,0.6692772250289271,1.1660000000000008,1
184,29,91,341,432,773,self,7.745395261237475,2.988298309289633,0.2,0.6692772250289271,0.4720000000000002,1
184,30,91,341,432,773,self,7.237014815875432,2.988298309289633,0.2,0.6692772250289271,0.5480000000000003,1
184,31,91,341,432,773,stranger,1.9907617588922892,2.988298309289633,0.2,0.6692772250289271,1.5619999999999608,1
184,32,91,341,432,773,self,6.54663837550011,2.988298309289633,0.2,0.6692772250289271,0.5710000000000003,1
184,33,91,341,432,773,self,8.603822888183295,2.988298309289633,0.2,0.6692772250289271,0.44200000000000017,1
184,34,91,341,432,773,self,7.204434258462294,2.988298309289633,0.2,0.6692772250289271,0.4650000000000002,1
184,35,91,341,432,773,self,6.684459465261808,2.988298309289633,0.2,0.6692772250289271,0.6700000000000004,1
184,36,91,341,432,773,self,7.503025935903964,2.988298309289633,0.2,0.6692772250289271,0.5750000000000003,1
184,37,91,341,432,773,self,7.45332508932841,2.988298309289633,0.2,0.6692772250289271,0.5150000000000002,1
184,38,91,341,432,773,stranger,1.692634450065643,2.988298309289633,0.2,0.6692772250289271,0.7760000000000005,1
184,39,91,341,432,773,stranger,1.209065355638625,2.988298309289633,0.2,0.6692772250289271,1.0190000000000006,1
184,40,91,341,432,773,self,7.240516226914339,2.988298309289633,0.2,0.6692772250289271,0.4760000000000002,1
184,41,91,341,432,773,self,7.65820769441538,2.988298309289633,0.2,0.6692772250289271,0.5380000000000003,1
184,42,91,341,432,773,stranger,2.1596137919545253,2.988298309289633,0.2,0.6692772250289271,0.9620000000000006,1
184,43,91,341,432,773,stranger,0.8185908038684735,2.988298309289633,0.2,0.6692772250289271,1.968999999999916,1
184,44,91,341,432,773,stranger,1.319812893295133,2.988298309289633,0.2,0.6692772250289271,1.4219999999999762,1
184,45,91,341,432,773,stranger,2.191114965003206,2.988298309289633,0.2,0.6692772250289271,0.5510000000000003,0
184,46,91,341,432,773,stranger,1.9215753279884367,2.988298309289633,0.2,0.6692772250289271,0.9270000000000005,1
184,47,91,341,432,773,stranger,1.6859730397594004,2.988298309289633,0.2,0.6692772250289271,1.2829999999999915,1
184,48,91,341,432,773,self,6.9542853046260955,2.988298309289633,0.2,0.6692772250289271,0.40600000000000014,1
184,49,91,341,432,773,stranger,2.1037871373641615,2.988298309289633,0.2,0.6692772250289271,1.5699999999999599,1
184,50,91,341,432,773,self,7.011956612362488,2.988298309289633,0.2,0.6692772250289271,0.5310000000000002,1
184,51,91,341,432,773,self,7.1405549019619325,2.988298309289633,0.2,0.6692772250289271,0.4990000000000002,1
184,52,91,341,432,773,self,6.689549555943541,2.988298309289633,0.2,0.6692772250289271,0.4530000000000002,1
184,53,91,341,432,773,stranger,1.8654145253327405,2.988298309289633,0.2,0.6692772250289271,2.166999999999894,1
184,54,91,341,432,773,stranger,1.5336020227443532,2.988298309289633,0.2,0.6692772250289271,0.7930000000000004,0
184,55,91,341,432,773,stranger,1.3731867338690527,2.988298309289633,0.2,0.6692772250289271,0.3670000000000001,0
184,56,91,341,432,773,stranger,1.4102917256695575,2.988298309289633,0.2,0.6692772250289271,0.773,0
184,57,91,341,432,773,stranger,1.9894753511858496,2.988298309289633,0.2,0.6692772250289271,1.540999999999963,1
184,58,91,341,432,773,stranger,1.4549011002428063,2.988298309289633,0.2,0.6692772250289271,0.773,0
184,59,91,341,432,773,self,7.479552147099973,2.988298309289633,0.2,0.6692772250289271,0.5090000000000002,1
184,60,91,341,432,773,self,6.9175792790185175,2.988298309289633,0.2,0.6692772250289271,0.4740000000000002,1
185,1,51,514,1131,1645,stranger,2.101407780045968,3.650985634530296,0.2,0.5477972800233444,1.4929999999999684,1
185,2,51,514,1131,1645,stranger,1.5113336996941342,3.650985634530296,0.2,0.5477972800233444,1.645,0
185,3,51,514,1131,1645,self,7.681294032794894,3.650985634530296,0.2,0.5477972800233444,0.5080000000000002,1
185,4,51,514,1131,1645,stranger,2.0554154261341826,3.650985634530296,0.2,0.5477972800233444,1.645,0
185,5,51,514,1131,1645,self,6.6938204978968505,3.650985634530296,0.2,0.5477972800233444,0.7600000000000005,1
185,6,51,514,1131,1645,stranger,1.3556413269474412,3.650985634530296,0.2,0.5477972800233444,1.645,0
185,7,51,514,1131,1645,stranger,1.6075946927109608,3.650985634530296,0.2,0.5477972800233444,1.645,0
185,8,51,514,1131,1645,stranger,1.615129212842765,3.650985634530296,0.2,0.5477972800233444,0.44000000000000017,0
185,9,51,514,1131,1645,self,7.242610415158951,3.650985634530296,0.2,0.5477972800233444,0.5760000000000003,1
185,10,51,514,1131,1645,self,7.303760852058286,3.650985634530296,0.2,0.5477972800233444,0.6530000000000004,1
185,11,51,514,1131,1645,self,7.367172309039213,3.650985634530296,0.2,0.5477972800233444,0.5140000000000002,1
185,12,51,514,1131,1645,stranger,2.110833142975066,3.650985634530296,0.2,0.5477972800233444,1.7269999999999426,1
185,13,51,514,1131,1645,self,7.493678349829302,3.650985634530296,0.2,0.5477972800233444,0.6690000000000004,1
185,14,51,514,1131,1645,stranger,2.120246338397178,3.650985634530296,0.2,0.5477972800233444,1.5279999999999645,1
185,15,51,514,1131,1645,self,7.38269182272636,3.650985634530296,0.2,0.5477972800233444,0.5130000000000002,1
185,16,51,514,1131,1645,stranger,1.5308300950063245,3.650985634530296,0.2,0.5477972800233444,1.645,0
185,17,51,514,1131,1645,stranger,1.3896763513340236,3.650985634530296,0.2,0.5477972800233444,0.32600000000000007,0
185,18,51,514,1131,1645,stranger,1.7201356433213546,3.650985634530296,0.2,0.5477972800233444,0.4940000000000002,0
185,19,51,514,1131,1645,self,7.037967487355989,3.650985634530296,0.2,0.5477972800233444,0.5850000000000003,1
185,20,51,514,1131,1645,self,7.130901404936952,3.650985634530296,0.2,0.5477972800233444,0.6350000000000003,1
185,21,51,514,1131,1645,self,7.428249861970916,3.650985634530296,0.2,0.5477972800233444,0.5620000000000003,1
185,22,51,514,1131,1645,stranger,1.585946974718872,3.650985634530296,0.2,0.5477972800233444,1.9269999999999206,1
185,23,51,514,1131,1645,self,6.742937274538446,3.650985634530296,0.2,0.5477972800233444,0.5360000000000003,1
185,24,51,514,1131,1645,self,7.9281960084075225,3.650985634530296,0.2,0.5477972800233444,0.6620000000000004,1
185,25,51,514,1131,1645,self,7.198459458683448,3.650985634530296,0.2,0.5477972800233444,0.5100000000000002,1
185,26,51,514,1131,1645,stranger,0.9853070188725315,3.650985634530296,0.2,0.5477972800233444,0.3870000000000001,0
185,27,51,514,1131,1645,self,7.687449988312591,3.650985634530296,0.2,0.5477972800233444,0.6400000000000003,1
185,28,51,514,1131,1645,stranger,0.9240998535767251,3.650985634530296,0.2,0.5477972800233444,1.645,0
185,29,51,514,1131,1645,stranger,1.4661220957443195,3.650985634530296,0.2,0.5477972800233444,1.645,0
185,30,51,514,1131,1645,self,7.420415876326254,3.650985634530296,0.2,0.5477972800233444,0.9770000000000005,1
185,31,51,514,1131,1645,stranger,1.5909946702991318,3.650985634530296,0.2,0.5477972800233444,1.645,0
185,32,51,514,1131,1645,self,7.778047298551835,3.650985634530296,0.2,0.5477972800233444,0.5990000000000003,1
185,33,51,514,1131,1645,stranger,2.6947306184511675,3.650985634530296,0.2,0.5477972800233444,1.0360000000000007,1
185,34,51,514,1131,1645,stranger,1.8900905440081115,3.650985634530296,0.2,0.5477972800233444,1.5079999999999667,1
185,35,51,514,1131,1645,self,7.900531409134684,3.650985634530296,0.2,0.5477972800233444,0.7440000000000004,1
185,36,51,514,1131,1645,stranger,1.082791213501089,3.650985634530296,0.2,0.5477972800233444,2.0259999999999097,1
185,37,51,514,1131,1645,stranger,1.4546822046013996,3.650985634530296,0.2,0.5477972800233444,2.1199999999998993,1
185,38,51,514,1131,1645,stranger,1.2271205361156787,3.650985634530296,0.2,0.5477972800233444,2.252999999999885,1
185,39,51,514,1131,1645,self,7.4543349705505,3.650985634530296,0.2,0.5477972800233444,0.7020000000000004,1
185,40,51,514,1131,1645,self,7.341561421174118,3.650985634530296,0.2,0.5477972800233444,0.6040000000000003,1
185,41,51,514,1131,1645,stranger,1.807282834730586,3.650985634530296,0.2,0.5477972800233444,1.645,0
185,42,51,514,1131,1645,self,6.550033205048682,3.650985634530296,0.2,0.5477972800233444,0.6760000000000004,1
185,43,51,514,1131,1645,self,6.631391061451581,3.650985634530296,0.2,0.5477972800233444,0.7580000000000005,1
185,44,51,514,1131,1645,stranger,2.7197609814727812,3.650985634530296,0.2,0.5477972800233444,1.1780000000000008,1
185,45,51,514,1131,1645,stranger,2.82788586759489,3.650985634530296,0.2,0.5477972800233444,1.206,1
185,46,51,514,1131,1645,stranger,1.1368967833129682,3.650985634530296,0.2,0.5477972800233444,1.4729999999999706,1
185,47,51,514,1131,1645,self,7.49284704583659,3.650985634530296,0.2,0.5477972800233444,0.4840000000000002,1
185,48,51,514,1131,1645,self,6.3738058638245185,3.650985634530296,0.2,0.5477972800233444,0.6740000000000004,1
185,49,51,514,1131,1645,self,7.36341742066664,3.650985634530296,0.2,0.5477972800233444,0.6730000000000004,1
185,50,51,514,1131,1645,self,7.1163823733792,3.650985634530296,0.2,0.5477972800233444,0.7320000000000004,1
185,51,51,514,1131,1645,self,8.4511346216221,3.650985634530296,0.2,0.5477972800233444,0.5640000000000003,1
185,52,51,514,1131,1645,stranger,1.0065022575833786,3.650985634530296,0.2,0.5477972800233444,0.5990000000000003,0
185,53,51,514,1131,1645,stranger,1.3917221940152082,3.650985634530296,0.2,0.5477972800233444,0.44200000000000017,0
185,54,51,514,1131,1645,self,6.268000713053276,3.650985634530296,0.2,0.5477972800233444,0.5830000000000003,1
185,55,51,514,1131,1645,self,7.680694331030312,3.650985634530296,0.2,0.5477972800233444,0.6090000000000003,1
185,56,51,514,1131,1645,stranger,2.4647179129009014,3.650985634530296,0.2,0.5477972800233444,1.3649999999999824,1
185,57,51,514,1131,1645,stranger,2.347121235737343,3.650985634530296,0.2,0.5477972800233444,1.4399999999999742,1
185,58,51,514,1131,1645,stranger,1.9877538011121134,3.650985634530296,0.2,0.5477972800233444,1.822999999999932,1
185,59,51,514,1131,1645,self,7.2839330242036,3.650985634530296,0.2,0.5477972800233444,0.5630000000000003,1
185,60,51,514,1131,1645,self,6.265857843679899,3.650985634530296,0.2,0.5477972800233444,0.5800000000000003,1
186,1,95,318,385,703,self,6.860199113780203,2.984306278519705,0.2,0.6701725001872304,0.4720000000000002,1
186,2,95,318,385,703,stranger,0.5677692484119345,2.984306278519705,0.2,0.6701725001872304,1.5379999999999634,1
186,3,95,318,385,703,self,6.555484252003641,2.984306278519705,0.2,0.6701725001872304,0.5550000000000003,1
186,4,95,318,385,703,self,6.428640392296671,2.984306278519705,0.2,0.6701725001872304,0.5010000000000002,1
186,5,95,318,385,703,stranger,1.3648842518523374,2.984306278519705,0.2,0.6701725001872304,0.2690000000000001,0
186,6,95,318,385,703,stranger,2.3252680087870035,2.984306278519705,0.2,0.6701725001872304,1.3439999999999848,1
186,7,95,318,385,703,self,5.9276420915385,2.984306278519705,0.2,0.6701725001872304,0.9840000000000007,1
186,8,95,318,385,703,stranger,1.3102589657280408,2.984306278519705,0.2,0.6701725001872304,1.4549999999999725,1
186,9,95,318,385,703,stranger,1.398016995240799,2.984306278519705,0.2,0.6701725001872304,1.2659999999999934,1
186,10,95,318,385,703,self,6.455743983429947,2.984306278519705,0.2,0.6701725001872304,0.6520000000000004,1
186,11,95,318,385,703,self,6.2053089737921425,2.984306278519705,0.2,0.6701725001872304,0.4880000000000002,1
186,12,95,318,385,703,self,6.82052743407343,2.984306278519705,0.2,0.6701725001872304,0.7640000000000005,1
186,13,95,318,385,703,stranger,2.36692055565345,2.984306278519705,0.2,0.6701725001872304,0.9120000000000006,1
186,14,95,318,385,703,stranger,1.592882010825302,2.984306278519705,0.2,0.6701725001872304,1.1390000000000007,1
186,15,95,318,385,703,self,6.921956734116369,2.984306278519705,0.2,0.6701725001872304,0.7950000000000004,1
186,16,95,318,385,703,stranger,0.4669559853036557,2.984306278519705,0.2,0.6701725001872304,0.6870000000000004,0
186,17,95,318,385,703,self,5.986057798692947,2.984306278519705,0.2,0.6701725001872304,0.5930000000000003,1
186,18,95,318,385,703,stranger,1.581664350669398,2.984306278519705,0.2,0.6701725001872304,1.3009999999999895,1
186,19,95,318,385,703,stranger,1.5173940856969914,2.984306278519705,0.2,0.6701725001872304,1.2639999999999936,1
186,20,95,318,385,703,self,6.763904215053746,2.984306278519705,0.2,0.6701725001872304,0.6020000000000003,1
186,21,95,318,385,703,self,5.779648614904158,2.984306278519705,0.2,0.6701725001872304,0.6360000000000003,1
186,22,95,318,385,703,self,6.559911130635957,2.984306278519705,0.2,0.6701725001872304,0.43100000000000016,1
186,23,95,318,385,703,stranger,1.7361485254495208,2.984306278519705,0.2,0.6701725001872304,0.6220000000000003,1
186,24,95,318,385,703,self,6.018165011846381,2.984306278519705,0.2,0.6701725001872304,0.5640000000000003,1
186,25,95,318,385,703,self,7.178591179448837,2.984306278519705,0.2,0.6701725001872304,0.5430000000000003,1
186,26,95,318,385,703,stranger,2.155266771723268,2.984306278519705,0.2,0.6701725001872304,0.9240000000000006,1
186,27,95,318,385,703,self,5.216104284560069,2.984306278519705,0.2,0.6701725001872304,0.7760000000000005,1
186,28,95,318,385,703,stranger,0.695266321009425,2.984306278519705,0.2,0.6701725001872304,1.0250000000000006,1
186,29,95,318,385,703,stranger,1.5755251664359278,2.984306278519705,0.2,0.6701725001872304,1.0310000000000006,1
186,30,95,318,385,703,self,5.818367453067465,2.984306278519705,0.2,0.6701725001872304,0.4700000000000002,1
186,31,95,318,385,703,stranger,1.335374083423177,2.984306278519705,0.2,0.6701725001872304,0.9010000000000005,1
186,32,95,318,385,703,stranger,2.0643741309672854,2.984306278519705,0.2,0.6701725001872304,1.6759999999999482,1
186,33,95,318,385,703,self,6.8743033389077315,2.984306278519705,0.2,0.6701725001872304,0.4970000000000002,1
186,34,95,318,385,703,stranger,1.19839264540296,2.984306278519705,0.2,0.6701725001872304,1.5909999999999576,1
186,35,95,318,385,703,stranger,0.8059091995496921,2.984306278519705,0.2,0.6701725001872304,0.7030000000000001,0
186,36,95,318,385,703,stranger,1.2938979962536907,2.984306278519705,0.2,0.6701725001872304,0.6030000000000003,0
186,37,95,318,385,703,self,5.8762038435895345,2.984306278519705,0.2,0.6701725001872304,0.43700000000000017,1
186,38,95,318,385,703,stranger,1.0539637844824639,2.984306278519705,0.2,0.6701725001872304,0.7030000000000001,0
186,39,95,318,385,703,self,6.501753883425227,2.984306278519705,0.2,0.6701725001872304,0.5650000000000003,1
186,40,95,318,385,703,self,6.327240922056399,2.984306278519705,0.2,0.6701725001872304,0.5850000000000003,1
186,41,95,318,385,703,stranger,1.240054368602444,2.984306278519705,0.2,0.6701725001872304,0.7030000000000001,0
186,42,95,318,385,703,self,6.604321411413167,2.984306278519705,0.2,0.6701725001872304,0.41600000000000015,1
186,43,95,318,385,703,stranger,1.278740599716741,2.984306278519705,0.2,0.6701725001872304,1.6349999999999527,1
186,44,95,318,385,703,self,6.259465454135558,2.984306278519705,0.2,0.6701725001872304,0.4950000000000002,1
186,45,95,318,385,703,stranger,1.7999847682157397,2.984306278519705,0.2,0.6701725001872304,0.9260000000000006,1
186,46,95,318,385,703,self,6.9165385215099615,2.984306278519705,0.2,0.6701725001872304,0.4980000000000002,1
186,47,95,318,385,703,self,6.989231828404304,2.984306278519705,0.2,0.6701725001872304,0.4920000000000002,1
186,48,95,318,385,703,self,6.724531829953694,2.984306278519705,0.2,0.6701725001872304,0.5010000000000002,1
186,49,95,318,385,703,stranger,0.7898241710693621,2.984306278519705,0.2,0.6701725001872304,0.3750000000000001,0
186,50,95,318,385,703,stranger,2.1349532847416235,2.984306278519705,0.2,0.6701725001872304,0.7010000000000003,1
186,51,95,318,385,703,self,6.406904532663253,2.984306278519705,0.2,0.6701725001872304,0.5210000000000002,1
186,52,95,318,385,703,stranger,1.1366332014834226,2.984306278519705,0.2,0.6701725001872304,1.2649999999999935,1
186,53,95,318,385,703,self,7.500787286292583,2.984306278519705,0.2,0.6701725001872304,0.5340000000000003,1
186,54,95,318,385,703,stranger,1.1876151956394498,2.984306278519705,0.2,0.6701725001872304,1.6309999999999532,1
186,55,95,318,385,703,stranger,0.5805908896682522,2.984306278519705,0.2,0.6701725001872304,0.8050000000000004,1
186,56,95,318,385,703,stranger,1.6820202953638925,2.984306278519705,0.2,0.6701725001872304,0.3670000000000001,0
186,57,95,318,385,703,stranger,1.1051957100348375,2.984306278519705,0.2,0.6701725001872304,0.6300000000000003,0
186,58,95,318,385,703,self,5.784165061063213,2.984306278519705,0.2,0.6701725001872304,0.5740000000000003,1
186,59,95,318,385,703,self,6.477269657794007,2.984306278519705,0.2,0.6701725001872304,0.5630000000000003,1
186,60,95,318,385,703,self,5.6864253316335045,2.984306278519705,0.2,0.6701725001872304,0.5640000000000003,1
187,1,52,207,1095,1302,self,4.499920903839134,3.371323384574866,0.2,0.5932388477328484,1.0550000000000006,1
187,2,52,207,1095,1302,self,4.318291348704257,3.371323384574866,0.2,0.5932388477328484,0.7850000000000004,1
187,3,52,207,1095,1302,stranger,1.4569014798604305,3.371323384574866,0.2,0.5932388477328484,2.0819999999999035,1
187,4,52,207,1095,1302,stranger,0.2220849852803226,3.371323384574866,0.2,0.5932388477328484,0.5260000000000002,0
187,5,52,207,1095,1302,self,5.364652363424986,3.371323384574866,0.2,0.5932388477328484,0.7320000000000004,1
187,6,52,207,1095,1302,self,4.998212192174047,3.371323384574866,0.2,0.5932388477328484,0.9420000000000006,1
187,7,52,207,1095,1302,stranger,0.6890243960595241,3.371323384574866,0.2,0.5932388477328484,1.302,0
187,8,52,207,1095,1302,stranger,0.5123965427547303,3.371323384574866,0.2,0.5932388477328484,1.302,0
187,9,52,207,1095,1302,stranger,0.8586482779842584,3.371323384574866,0.2,0.5932388477328484,1.1130000000000007,1
187,10,52,207,1095,1302,self,4.799209237730233,3.371323384574866,0.2,0.5932388477328484,0.8490000000000004,1
187,11,52,207,1095,1302,stranger,0.8249390144213145,3.371323384574866,0.2,0.5932388477328484,1.302,0
187,12,52,207,1095,1302,stranger,0.44433331862631653,3.371323384574866,0.2,0.5932388477328484,0.3060000000000001,0
187,13,52,207,1095,1302,self,4.31918047680198,3.371323384574866,0.2,0.5932388477328484,1.0100000000000007,1
187,14,52,207,1095,1302,stranger,0.15521685264006713,3.371323384574866,0.2,0.5932388477328484,0.5330000000000003,0
187,15,52,207,1095,1302,self,4.466389390808412,3.371323384574866,0.2,0.5932388477328484,0.8630000000000004,1
187,16,52,207,1095,1302,self,5.505785539190293,3.371323384574866,0.2,0.5932388477328484,1.0330000000000006,1
187,17,52,207,1095,1302,self,4.040772289460899,3.371323384574866,0.2,0.5932388477328484,1.4839999999999693,1
187,18,52,207,1095,1302,self,4.937190842563564,3.371323384574866,0.2,0.5932388477328484,0.8270000000000004,1
187,19,52,207,1095,1302,self,5.141261020290699,3.371323384574866,0.2,0.5932388477328484,0.6960000000000004,1
187,20,52,207,1095,1302,stranger,0.1308977955022239,3.371323384574866,0.2,0.5932388477328484,1.302,0
187,21,52,207,1095,1302,stranger,1.2582099728539486,3.371323384574866,0.2,0.5932388477328484,1.302,0
187,22,52,207,1095,1302,stranger,0.5868099971275056,3.371323384574866,0.2,0.5932388477328484,1.302,0
187,23,52,207,1095,1302,stranger,1.288682992718899,3.371323384574866,0.2,0.5932388477328484,2.122999999999899,1
187,24,52,207,1095,1302,self,5.083399615453713,3.371323384574866,0.2,0.5932388477328484,0.6500000000000004,1
187,25,52,207,1095,1302,self,5.323803254577896,3.371323384574866,0.2,0.5932388477328484,0.6800000000000004,1
187,26,52,207,1095,1302,self,5.596379006942561,3.371323384574866,0.2,0.5932388477328484,0.5970000000000003,1
187,27,52,207,1095,1302,stranger,0.1719081326159777,3.371323384574866,0.2,0.5932388477328484,1.4259999999999757,1
187,28,52,207,1095,1302,self,4.955358701939061,3.371323384574866,0.2,0.5932388477328484,0.6850000000000004,1
187,29,52,207,1095,1302,self,4.792080341364567,3.371323384574866,0.2,0.5932388477328484,0.6360000000000003,1
187,30,52,207,1095,1302,self,4.611817251456148,3.371323384574866,0.2,0.5932388477328484,1.0510000000000006,1
187,31,52,207,1095,1302,self,5.115633339003129,3.371323384574866,0.2,0.5932388477328484,0.7280000000000004,1
187,32,52,207,1095,1302,stranger,0.5134512947944296,3.371323384574866,0.2,0.5932388477328484,1.587999999999958,1
187,33,52,207,1095,1302,self,5.789986045664553,3.371323384574866,0.2,0.5932388477328484,0.7910000000000004,1
187,34,52,207,1095,1302,self,4.476418682372812,3.371323384574866,0.2,0.5932388477328484,1.1230000000000007,1
187,35,52,207,1095,1302,self,4.85659917586163,3.371323384574866,0.2,0.5932388477328484,0.7420000000000004,1
187,36,52,207,1095,1302,stranger,0.7674398908109237,3.371323384574866,0.2,0.5932388477328484,0.3100000000000001,0
187,37,52,207,1095,1302,stranger,0.5291269115500616,3.371323384574866,0.2,0.5932388477328484,1.302,0
187,38,52,207,1095,1302,self,5.6518324734134975,3.371323384574866,0.2,0.5932388477328484,0.7840000000000005,1
187,39,52,207,1095,1302,self,5.874520829122493,3.371323384574866,0.2,0.5932388477328484,0.6310000000000003,1
187,40,52,207,1095,1302,stranger,0.5261968634064429,3.371323384574866,0.2,0.5932388477328484,0.5080000000000002,0
187,41,52,207,1095,1302,stranger,1.2779733847592143,3.371323384574866,0.2,0.5932388477328484,1.613999999999955,1
187,42,52,207,1095,1302,self,5.134096104077418,3.371323384574866,0.2,0.5932388477328484,1.0520000000000007,1
187,43,52,207,1095,1302,self,4.416239226004659,3.371323384574866,0.2,0.5932388477328484,0.9470000000000005,1
187,44,52,207,1095,1302,stranger,-0.12331031409096038,3.371323384574866,0.2,0.5932388477328484,1.6709999999999487,0
187,45,52,207,1095,1302,stranger,0.46001902736693534,3.371323384574866,0.2,0.5932388477328484,1.302,0
187,46,52,207,1095,1302,stranger,1.3613235851203627,3.371323384574866,0.2,0.5932388477328484,1.2179999999999986,0
187,47,52,207,1095,1302,stranger,0.9612327654250379,3.371323384574866,0.2,0.5932388477328484,1.302,0
187,48,52,207,1095,1302,stranger,1.4954141651235748,3.371323384574866,0.2,0.5932388477328484,1.8269999999999316,1
187,49,52,207,1095,1302,stranger,0.06110962063332348,3.371323384574866,0.2,0.5932388477328484,1.302,0
187,50,52,207,1095,1302,self,4.019329565913001,3.371323384574866,0.2,0.5932388477328484,0.7780000000000005,1
187,51,52,207,1095,1302,stranger,0.36361709744775217,3.371323384574866,0.2,0.5932388477328484,1.7909999999999355,1
187,52,52,207,1095,1302,self,4.784481843768713,3.371323384574866,0.2,0.5932388477328484,0.8330000000000004,1
187,53,52,207,1095,1302,stranger,0.37918523398900494,3.371323384574866,0.2,0.5932388477328484,0.3520000000000001,0
187,54,52,207,1095,1302,stranger,2.18472899257677,3.371323384574866,0.2,0.5932388477328484,0.2750000000000001,0
187,55,52,207,1095,1302,self,4.118801237113671,3.371323384574866,0.2,0.5932388477328484,0.8420000000000005,1
187,56,52,207,1095,1302,stranger,0.9633690672077462,3.371323384574866,0.2,0.5932388477328484,1.5939999999999572,1
187,57,52,207,1095,1302,self,4.462866433497818,3.371323384574866,0.2,0.5932388477328484,0.8020000000000005,1
187,58,52,207,1095,1302,stranger,-1.0596727174988294,3.371323384574866,0.2,0.5932388477328484,1.8349999999999307,0
187,59,52,207,1095,1302,self,4.241547715210876,3.371323384574866,0.2,0.5932388477328484,1.3569999999999833,1
187,60,52,207,1095,1302,stranger,0.7116297641371412,3.371323384574866,0.2,0.5932388477328484,1.1270000000000007,1
188,1,74,496,1473,1969,self,7.979672777798205,3.8235618563776392,0.2,0.5230724845379531,0.5040000000000002,1
188,2,74,496,1473,1969,stranger,2.843881857183007,3.8235618563776392,0.2,0.5230724845379531,1.341999999999985,1
188,3,74,496,1473,1969,self,8.279275330868698,3.8235618563776392,0.2,0.5230724845379531,0.6110000000000003,1
188,4,74,496,1473,1969,self,8.44461462515994,3.8235618563776392,0.2,0.5230724845379531,0.6080000000000003,1
188,5,74,496,1473,1969,self,7.755310043493026,3.8235618563776392,0.2,0.5230724845379531,0.5190000000000002,1
188,6,74,496,1473,1969,self,8.616793666777232,3.8235618563776392,0.2,0.5230724845379531,0.6020000000000003,1
188,7,74,496,1473,1969,stranger,2.447146430514687,3.8235618563776392,0.2,0.5230724845379531,1.1670000000000007,1
188,8,74,496,1473,1969,self,9.69255574429071,3.8235618563776392,0.2,0.5230724845379531,0.5690000000000003,1
188,9,74,496,1473,1969,self,8.122370881733621,3.8235618563776392,0.2,0.5230724845379531,0.5800000000000003,1
188,10,74,496,1473,1969,stranger,2.1570017129852204,3.8235618563776392,0.2,0.5230724845379531,1.5079999999999667,1
188,11,74,496,1473,1969,self,8.134765168832256,3.8235618563776392,0.2,0.5230724845379531,0.6160000000000003,1
188,12,74,496,1473,1969,stranger,2.801638593107567,3.8235618563776392,0.2,0.5230724845379531,2.0539999999999066,1
188,13,74,496,1473,1969,stranger,2.710190164500582,3.8235618563776392,0.2,0.5230724845379531,1.2769999999999921,1
188,14,74,496,1473,1969,stranger,2.496516161550546,3.8235618563776392,0.2,0.5230724845379531,1.7449999999999406,1
188,15,74,496,1473,1969,self,8.354007570146003,3.8235618563776392,0.2,0.5230724845379531,0.5130000000000002,1
188,16,74,496,1473,1969,stranger,2.3840708326622653,3.8235618563776392,0.2,0.5230724845379531,1.8889999999999247,1
188,17,74,496,1473,1969,stranger,3.1904609569191535,3.8235618563776392,0.2,0.5230724845379531,1.1030000000000006,1
188,18,74,496,1473,1969,self,8.883521030561798,3.8235618563776392,0.2,0.5230724845379531,0.5840000000000003,1
188,19,74,496,1473,1969,stranger,2.902270326636713,3.8235618563776392,0.2,0.5230724845379531,2.498999999999858,1
188,20,74,496,1473,1969,stranger,3.0921145224683273,3.8235618563776392,0.2,0.5230724845379531,1.2579999999999942,1
188,21,74,496,1473,1969,self,8.34361637198813,3.8235618563776392,0.2,0.5230724845379531,0.5700000000000003,1
188,22,74,496,1473,1969,stranger,2.3445733137962743,3.8235618563776392,0.2,0.5230724845379531,1.1930000000000007,1
188,23,74,496,1473,1969,self,7.673780594473247,3.8235618563776392,0.2,0.5230724845379531,0.6900000000000004,1
188,24,74,496,1473,1969,self,8.062713604976537,3.8235618563776392,0.2,0.5230724845379531,0.5560000000000003,1
188,25,74,496,1473,1969,self,8.603086969958209,3.8235618563776392,0.2,0.5230724845379531,0.5890000000000003,1
188,26,74,496,1473,1969,stranger,2.0354063909118727,3.8235618563776392,0.2,0.5230724845379531,1.6389999999999523,1
188,27,74,496,1473,1969,self,8.654716094761987,3.8235618563776392,0.2,0.5230724845379531,0.6140000000000003,1
188,28,74,496,1473,1969,self,8.928429109825279,3.8235618563776392,0.2,0.5230724845379531,0.5180000000000002,1
188,29,74,496,1473,1969,self,8.374144600238282,3.8235618563776392,0.2,0.5230724845379531,0.5790000000000003,1
188,30,74,496,1473,1969,self,8.244367827579083,3.8235618563776392,0.2,0.5230724845379531,0.6720000000000004,1
188,31,74,496,1473,1969,self,7.65708249608688,3.8235618563776392,0.2,0.5230724845379531,0.6640000000000004,1
188,32,74,496,1473,1969,self,8.186326581725108,3.8235618563776392,0.2,0.5230724845379531,0.5610000000000003,1
188,33,74,496,1473,1969,stranger,3.2229829612045244,3.8235618563776392,0.2,0.5230724845379531,1.368999999999982,1
188,34,74,496,1473,1969,stranger,2.2333127932281815,3.8235618563776392,0.2,0.5230724845379531,0.5930000000000003,0
188,35,74,496,1473,1969,self,7.247156885280624,3.8235618563776392,0.2,0.5230724845379531,0.6600000000000004,1
188,36,74,496,1473,1969,stranger,2.1616104687672983,3.8235618563776392,0.2,0.5230724845379531,1.0900000000000007,1
188,37,74,496,1473,1969,self,8.250173695251414,3.8235618563776392,0.2,0.5230724845379531,0.5610000000000003,1
188,38,74,496,1473,1969,stranger,3.3684922048420693,3.8235618563776392,0.2,0.5230724845379531,0.9650000000000005,1
188,39,74,496,1473,1969,self,7.4803272917357475,3.8235618563776392,0.2,0.5230724845379531,0.6850000000000004,1
188,40,74,496,1473,1969,stranger,2.662114715855538,3.8235618563776392,0.2,0.5230724845379531,0.42000000000000015,0
188,41,74,496,1473,1969,stranger,2.616856634581498,3.8235618563776392,0.2,0.5230724845379531,1.1150000000000007,1
188,42,74,496,1473,1969,self,8.259615106005803,3.8235618563776392,0.2,0.5230724845379531,0.5860000000000003,1
188,43,74,496,1473,1969,stranger,2.71689564952384,3.8235618563776392,0.2,0.5230724845379531,1.4309999999999752,1
188,44,74,496,1473,1969,self,7.620103723648026,3.8235618563776392,0.2,0.5230724845379531,0.6290000000000003,1
188,45,74,496,1473,1969,self,9.071688163172139,3.8235618563776392,0.2,0.5230724845379531,0.4780000000000002,1
188,46,74,496,1473,1969,stranger,3.055223947950934,3.8235618563776392,0.2,0.5230724845379531,0.8100000000000005,1
188,47,74,496,1473,1969,stranger,2.761294589004585,3.8235618563776392,0.2,0.5230724845379531,1.0740000000000007,1
188,48,74,496,1473,1969,self,7.798715493942185,3.8235618563776392,0.2,0.5230724845379531,0.6190000000000003,1
188,49,74,496,1473,1969,stranger,2.127883514808061,3.8235618563776392,0.2,0.5230724845379531,1.65999999999995,1
188,50,74,496,1473,1969,stranger,2.4057923678047057,3.8235618563776392,0.2,0.5230724845379531,1.4669999999999712,1
188,51,74,496,1473,1969,stranger,3.455100853482434,3.8235618563776392,0.2,0.5230724845379531,1.1030000000000006,1
188,52,74,496,1473,1969,self,9.478000839677193,3.8235618563776392,0.2,0.5230724845379531,0.6160000000000003,1
188,53,74,496,1473,1969,self,8.3216702146829,3.8235618563776392,0.2,0.5230724845379531,0.6680000000000004,1
188,54,74,496,1473,1969,stranger,1.8596817427015253,3.8235618563776392,0.2,0.5230724845379531,1.7969999999999349,1
188,55,74,496,1473,1969,stranger,2.2892356919981305,3.8235618563776392,0.2,0.5230724845379531,1.5339999999999638,1
188,56,74,496,1473,1969,stranger,1.9125639285937934,3.8235618563776392,0.2,0.5230724845379531,2.5019999999998577,1
188,57,74,496,1473,1969,stranger,2.216963032503478,3.8235618563776392,0.2,0.5230724845379531,1.206,1
188,58,74,496,1473,1969,stranger,1.9221933085197316,3.8235618563776392,0.2,0.5230724845379531,2.1909999999998915,1
188,59,74,496,1473,1969,self,8.335204693161934,3.8235618563776392,0.2,0.5230724845379531,0.4760000000000002,1
188,60,74,496,1473,1969,stranger,2.9440665914454605,3.8235618563776392,0.2,0.5230724845379531,1.1670000000000007,1
189,1,11,582,1464,2046,self,3.122796697814672,3.711684177915104,0.2,0.5388389486099604,0.7730000000000004,1
189,2,11,582,1464,2046,self,4.013630304443891,3.711684177915104,0.2,0.5388389486099604,0.8750000000000004,1
189,3,11,582,1464,2046,self,4.622113511176049,3.711684177915104,0.2,0.5388389486099604,0.7670000000000003,1
189,4,11,582,1464,2046,self,5.473563192008572,3.711684177915104,0.2,0.5388389486099604,0.9390000000000005,1
189,5,11,582,1464,2046,stranger,0.2561117523801365,3.711684177915104,0.2,0.5388389486099604,0.3100000000000001,0
189,6,11,582,1464,2046,self,4.01601475111821,3.711684177915104,0.2,0.5388389486099604,1.3289999999999864,1
189,7,11,582,1464,2046,self,4.933689140396057,3.711684177915104,0.2,0.5388389486099604,0.7270000000000003,1
189,8,11,582,1464,2046,stranger,1.0903626944153815,3.711684177915104,0.2,0.5388389486099604,1.8699999999999268,1
189,9,11,582,1464,2046,stranger,1.1527006809314237,3.711684177915104,0.2,0.5388389486099604,2.0460000000000003,0
189,10,11,582,1464,2046,self,4.289848122265632,3.711684177915104,0.2,0.5388389486099604,0.6790000000000004,1
189,11,11,582,1464,2046,self,4.993043606412682,3.711684177915104,0.2,0.5388389486099604,1.2159999999999989,1
189,12,11,582,1464,2046,stranger,0.8221627262166205,3.711684177915104,0.2,0.5388389486099604,0.5120000000000002,0
189,13,11,582,1464,2046,self,3.661615823816308,3.711684177915104,0.2,0.5388389486099604,0.8890000000000005,1
189,14,11,582,1464,2046,self,4.321781787196317,3.711684177915104,0.2,0.5388389486099604,0.8010000000000004,1
189,15,11,582,1464,2046,stranger,0.9666854926409756,3.711684177915104,0.2,0.5388389486099604,1.1160000000000008,0
189,16,11,582,1464,2046,self,2.9241166559203453,3.711684177915104,0.2,0.5388389486099604,0.2950000000000001,0
189,17,11,582,1464,2046,self,4.533335125929059,3.711684177915104,0.2,0.5388389486099604,0.6200000000000003,1
189,18,11,582,1464,2046,stranger,0.5246325874566647,3.711684177915104,0.2,0.5388389486099604,0.3330000000000001,0
189,19,11,582,1464,2046,self,4.31189321309982,3.711684177915104,0.2,0.5388389486099604,0.7360000000000004,1
189,20,11,582,1464,2046,self,4.119166632465778,3.711684177915104,0.2,0.5388389486099604,1.0980000000000008,1
189,21,11,582,1464,2046,self,5.102227025544323,3.711684177915104,0.2,0.5388389486099604,0.9730000000000005,1
189,22,11,582,1464,2046,stranger,2.4552809657939116,3.711684177915104,0.2,0.5388389486099604,0.9100000000000006,1
189,23,11,582,1464,2046,self,4.770625098590761,3.711684177915104,0.2,0.5388389486099604,0.8150000000000004,1
189,24,11,582,1464,2046,stranger,1.737888790681603,3.711684177915104,0.2,0.5388389486099604,2.186999999999892,1
189,25,11,582,1464,2046,stranger,0.93707077664995,3.711684177915104,0.2,0.5388389486099604,0.43700000000000017,0
189,26,11,582,1464,2046,stranger,0.39196191047484463,3.711684177915104,0.2,0.5388389486099604,0.9460000000000006,0
189,27,11,582,1464,2046,self,3.09148263930963,3.711684177915104,0.2,0.5388389486099604,1.1890000000000007,1
189,28,11,582,1464,2046,stranger,0.7138533865313581,3.711684177915104,0.2,0.5388389486099604,2.7399999999998315,1
189,29,11,582,1464,2046,self,4.3524295853226524,3.711684177915104,0.2,0.5388389486099604,0.8510000000000004,1
189,30,11,582,1464,2046,stranger,0.7120262906448745,3.711684177915104,0.2,0.5388389486099604,0.4500000000000002,0
189,31,11,582,1464,2046,self,4.704827163771065,3.711684177915104,0.2,0.5388389486099604,0.9360000000000006,1
189,32,11,582,1464,2046,self,4.066020887824631,3.711684177915104,0.2,0.5388389486099604,0.7670000000000003,1
189,33,11,582,1464,2046,self,5.088282684503227,3.711684177915104,0.2,0.5388389486099604,0.8010000000000004,1
189,34,11,582,1464,2046,stranger,0.094977793002881,3.711684177915104,0.2,0.5388389486099604,0.25600000000000006,0
189,35,11,582,1464,2046,stranger,0.8453201057035343,3.711684177915104,0.2,0.5388389486099604,2.0460000000000003,0
189,36,11,582,1464,2046,self,3.196652927953277,3.711684177915104,0.2,0.5388389486099604,1.0200000000000007,1
189,37,11,582,1464,2046,stranger,-0.008143768376824179,3.711684177915104,0.2,0.5388389486099604,2.0460000000000003,0
189,38,11,582,1464,2046,stranger,0.9466523665834496,3.711684177915104,0.2,0.5388389486099604,2.0460000000000003,0
189,39,11,582,1464,2046,stranger,0.397064343699186,3.711684177915104,0.2,0.5388389486099604,2.0460000000000003,0
189,40,11,582,1464,2046,stranger,1.4331366879197525,3.711684177915104,0.2,0.5388389486099604,2.012999999999911,1
189,41,11,582,1464,2046,stranger,1.0382025520012121,3.711684177915104,0.2,0.5388389486099604,1.4109999999999774,1
189,42,11,582,1464,2046,self,4.660419702495684,3.711684177915104,0.2,0.5388389486099604,1.0350000000000006,1
189,43,11,582,1464,2046,stranger,1.3670369487586502,3.711684177915104,0.2,0.5388389486099604,2.177999999999893,1
189,44,11,582,1464,2046,stranger,0.9842341406867173,3.711684177915104,0.2,0.5388389486099604,1.0630000000000006,0
189,45,11,582,1464,2046,stranger,0.6354548131650077,3.711684177915104,0.2,0.5388389486099604,1.9079999999999226,0
189,46,11,582,1464,2046,self,3.5222970105490177,3.711684177915104,0.2,0.5388389486099604,1.0050000000000006,1
189,47,11,582,1464,2046,self,4.110372934591571,3.711684177915104,0.2,0.5388389486099604,0.8570000000000004,1
189,48,11,582,1464,2046,self,4.638079187944234,3.711684177915104,0.2,0.5388389486099604,0.9290000000000005,1
189,49,11,582,1464,2046,stranger,0.8657499149055944,3.711684177915104,0.2,0.5388389486099604,0.3860000000000001,0
189,50,11,582,1464,2046,stranger,0.9276259392209765,3.711684177915104,0.2,0.5388389486099604,2.0460000000000003,0
189,51,11,582,1464,2046,stranger,1.1539095890222462,3.711684177915104,0.2,0.5388389486099604,2.0460000000000003,0
189,52,11,582,1464,2046,self,4.816638711732903,3.711684177915104,0.2,0.5388389486099604,0.7610000000000003,1
189,53,11,582,1464,2046,stranger,0.878789690120141,3.711684177915104,0.2,0.5388389486099604,2.243999999999886,1
189,54,11,582,1464,2046,stranger,0.487887316942886,3.711684177915104,0.2,0.5388389486099604,2.2749999999998827,1
189,55,11,582,1464,2046,stranger,0.9719454511940708,3.711684177915104,0.2,0.5388389486099604,2.0460000000000003,0
189,56,11,582,1464,2046,self,5.0017061468533655,3.711684177915104,0.2,0.5388389486099604,0.7960000000000005,1
189,57,11,582,1464,2046,stranger,1.0355977612648035,3.711684177915104,0.2,0.5388389486099604,1.8109999999999333,1
189,58,11,582,1464,2046,stranger,1.422627705602471,3.711684177915104,0.2,0.5388389486099604,2.1109999999999003,1
189,59,11,582,1464,2046,self,4.376628654398788,3.711684177915104,0.2,0.5388389486099604,0.7890000000000004,1
189,60,11,582,1464,2046,self,4.528744662460472,3.711684177915104,0.2,0.5388389486099604,0.7720000000000005,1
190,1,106,210,449,659,stranger,1.6561905790134803,2.6774734824807513,0.2,0.7469728507439581,0.6960000000000004,1
190,2,106,210,449,659,stranger,2.2131974199172744,2.6774734824807513,0.2,0.7469728507439581,0.5470000000000003,1
190,3,106,210,449,659,self,5.629509501668601,2.6774734824807513,0.2,0.7469728507439581,0.5100000000000002,1
190,4,106,210,449,659,stranger,1.1299793316151208,2.6774734824807513,0.2,0.7469728507439581,2.0009999999999124,1
190,5,106,210,449,659,stranger,1.034994943365213,2.6774734824807513,0.2,0.7469728507439581,1.5249999999999648,1
190,6,106,210,449,659,stranger,1.7161632921273102,2.6774734824807513,0.2,0.7469728507439581,1.0510000000000006,1
190,7,106,210,449,659,stranger,0.45265103956399244,2.6774734824807513,0.2,0.7469728507439581,0.659,0
190,8,106,210,449,659,self,5.558450278226281,2.6774734824807513,0.2,0.7469728507439581,0.3870000000000001,1
190,9,106,210,449,659,stranger,1.8320621094772072,2.6774734824807513,0.2,0.7469728507439581,1.0140000000000007,1
190,10,106,210,449,659,stranger,2.087410241670708,2.6774734824807513,0.2,0.7469728507439581,1.2989999999999897,1
190,11,106,210,449,659,stranger,1.1749338418689887,2.6774734824807513,0.2,0.7469728507439581,0.659,0
190,12,106,210,449,659,stranger,1.1265528065527997,2.6774734824807513,0.2,0.7469728507439581,1.0760000000000007,1
190,13,106,210,449,659,self,5.321705131272334,2.6774734824807513,0.2,0.7469728507439581,0.5130000000000002,1
190,14,106,210,449,659,self,5.409795212680427,2.6774734824807513,0.2,0.7469728507439581,0.6490000000000004,1
190,15,106,210,449,659,stranger,1.2403258816880356,2.6774734824807513,0.2,0.7469728507439581,1.2459999999999956,1
190,16,106,210,449,659,stranger,0.5738343978125732,2.6774734824807513,0.2,0.7469728507439581,0.659,0
190,17,106,210,449,659,stranger,1.9472390542095768,2.6774734824807513,0.2,0.7469728507439581,0.4460000000000002,0
190,18,106,210,449,659,stranger,1.9666568792180807,2.6774734824807513,0.2,0.7469728507439581,0.6650000000000004,1
190,19,106,210,449,659,self,6.033813445874964,2.6774734824807513,0.2,0.7469728507439581,0.6060000000000003,1
190,20,106,210,449,659,stranger,0.5775299729750616,2.6774734824807513,0.2,0.7469728507439581,0.41300000000000014,0
190,21,106,210,449,659,self,6.087031753624081,2.6774734824807513,0.2,0.7469728507439581,0.4910000000000002,1
190,22,106,210,449,659,self,5.402546358484023,2.6774734824807513,0.2,0.7469728507439581,0.6100000000000003,1
190,23,106,210,449,659,stranger,0.9748524084187876,2.6774734824807513,0.2,0.7469728507439581,1.4569999999999723,1
190,24,106,210,449,659,self,5.859821615085749,2.6774734824807513,0.2,0.7469728507439581,0.41000000000000014,1
190,25,106,210,449,659,stranger,1.4155114056861442,2.6774734824807513,0.2,0.7469728507439581,0.7150000000000003,1
190,26,106,210,449,659,self,5.622218646881992,2.6774734824807513,0.2,0.7469728507439581,0.6090000000000003,1
190,27,106,210,449,659,self,6.369059010792033,2.6774734824807513,0.2,0.7469728507439581,0.4880000000000002,1
190,28,106,210,449,659,self,4.911198674300666,2.6774734824807513,0.2,0.7469728507439581,0.4830000000000002,1
190,29,106,210,449,659,self,6.371034882370673,2.6774734824807513,0.2,0.7469728507439581,0.39600000000000013,1
190,30,106,210,449,659,self,5.2712151603101285,2.6774734824807513,0.2,0.7469728507439581,0.5800000000000003,1
190,31,106,210,449,659,self,6.03505714658732,2.6774734824807513,0.2,0.7469728507439581,0.4810000000000002,1
190,32,106,210,449,659,self,5.72967531912595,2.6774734824807513,0.2,0.7469728507439581,0.6010000000000003,1
190,33,106,210,449,659,stranger,1.7171414061323218,2.6774734824807513,0.2,0.7469728507439581,1.413999999999977,1
190,34,106,210,449,659,stranger,1.8234461466875311,2.6774734824807513,0.2,0.7469728507439581,0.5480000000000003,1
190,35,106,210,449,659,self,5.897282853653795,2.6774734824807513,0.2,0.7469728507439581,0.5160000000000002,1
190,36,106,210,449,659,self,5.259525118210517,2.6774734824807513,0.2,0.7469728507439581,0.6070000000000003,1
190,37,106,210,449,659,self,5.977931693351316,2.6774734824807513,0.2,0.7469728507439581,0.5780000000000003,1
190,38,106,210,449,659,self,5.775038435722198,2.6774734824807513,0.2,0.7469728507439581,0.6590000000000004,1
190,39,106,210,449,659,stranger,2.1057940551740324,2.6774734824807513,0.2,0.7469728507439581,0.8490000000000004,1
190,40,106,210,449,659,stranger,1.5851760695182318,2.6774734824807513,0.2,0.7469728507439581,0.5180000000000002,0
190,41,106,210,449,659,stranger,2.209840148569296,2.6774734824807513,0.2,0.7469728507439581,0.9450000000000005,1
190,42,106,210,449,659,self,5.231517837681623,2.6774734824807513,0.2,0.7469728507439581,0.4470000000000002,1
190,43,106,210,449,659,stranger,1.2599825239406444,2.6774734824807513,0.2,0.7469728507439581,0.32600000000000007,0
190,44,106,210,449,659,self,5.64687899670814,2.6774734824807513,0.2,0.7469728507439581,0.5550000000000003,1
190,45,106,210,449,659,self,4.8905847463146825,2.6774734824807513,0.2,0.7469728507439581,0.5440000000000003,1
190,46,106,210,449,659,self,6.29428460448418,2.6774734824807513,0.2,0.7469728507439581,0.5690000000000003,1
190,47,106,210,449,659,self,6.143586255560511,2.6774734824807513,0.2,0.7469728507439581,0.5280000000000002,1
190,48,106,210,449,659,self,6.184305438647384,2.6774734824807513,0.2,0.7469728507439581,0.4790000000000002,1
190,49,106,210,449,659,stranger,0.8498124734365339,2.6774734824807513,0.2,0.7469728507439581,0.659,0
190,50,106,210,449,659,self,6.032570733115541,2.6774734824807513,0.2,0.7469728507439581,0.4720000000000002,1
190,51,106,210,449,659,stranger,1.0372208214265495,2.6774734824807513,0.2,0.7469728507439581,1.1850000000000007,1
190,52,106,210,449,659,self,5.629249231952301,2.6774734824807513,0.2,0.7469728507439581,0.5310000000000002,1
190,53,106,210,449,659,stranger,2.3276674048448087,2.6774734824807513,0.2,0.7469728507439581,1.2369999999999965,1
190,54,106,210,449,659,stranger,1.4718627068553594,2.6774734824807513,0.2,0.7469728507439581,2.1799999999998927,1
190,55,106,210,449,659,self,5.840469964720188,2.6774734824807513,0.2,0.7469728507439581,0.5790000000000003,1
190,56,106,210,449,659,self,5.277240123814665,2.6774734824807513,0.2,0.7469728507439581,0.5440000000000003,1
190,57,106,210,449,659,stranger,1.2892037586848952,2.6774734824807513,0.2,0.7469728507439581,1.876999999999926,1
190,58,106,210,449,659,stranger,0.10756109059574749,2.6774734824807513,0.2,0.7469728507439581,0.4520000000000002,0
190,59,106,210,449,659,self,5.807583711568903,2.6774734824807513,0.2,0.7469728507439581,0.3520000000000001,1
190,60,106,210,449,659,stranger,2.270028406843875,2.6774734824807513,0.2,0.7469728507439581,1.1210000000000007,1
191,1,69,555,1240,1795,self,7.4657156737423005,3.704887172555233,0.2,0.5398275053597962,0.6060000000000003,1
191,2,69,555,1240,1795,self,7.35666397299536,3.704887172555233,0.2,0.5398275053597962,0.6880000000000004,1
191,3,69,555,1240,1795,self,7.640833990851206,3.704887172555233,0.2,0.5398275053597962,0.6340000000000003,1
191,4,69,555,1240,1795,stranger,1.9810142088175051,3.704887172555233,0.2,0.5398275053597962,0.5440000000000003,0
191,5,69,555,1240,1795,self,6.801322834846711,3.704887172555233,0.2,0.5398275053597962,0.5830000000000003,1
191,6,69,555,1240,1795,self,7.805994385073208,3.704887172555233,0.2,0.5398275053597962,0.7160000000000004,1
191,7,69,555,1240,1795,self,6.998633278197303,3.704887172555233,0.2,0.5398275053597962,0.6270000000000003,1
191,8,69,555,1240,1795,stranger,2.406393092059492,3.704887172555233,0.2,0.5398275053597962,1.5949999999999571,1
191,9,69,555,1240,1795,self,6.876156367894479,3.704887172555233,0.2,0.5398275053597962,0.5750000000000003,1
191,10,69,555,1240,1795,stranger,1.9593927392078783,3.704887172555233,0.2,0.5398275053597962,1.3389999999999853,1
191,11,69,555,1240,1795,stranger,2.230183606826184,3.704887172555233,0.2,0.5398275053597962,1.9029999999999232,1
191,12,69,555,1240,1795,stranger,1.4380765197137406,3.704887172555233,0.2,0.5398275053597962,1.795,0
191,13,69,555,1240,1795,stranger,1.653742366964265,3.704887172555233,0.2,0.5398275053597962,1.8639999999999275,1
191,14,69,555,1240,1795,self,7.3678361212983745,3.704887172555233,0.2,0.5398275053597962,0.5580000000000003,1
191,15,69,555,1240,1795,stranger,1.7594556066715854,3.704887172555233,0.2,0.5398275053597962,1.9439999999999187,1
191,16,69,555,1240,1795,stranger,3.3406967661805003,3.704887172555233,0.2,0.5398275053597962,0.9650000000000005,1
191,17,69,555,1240,1795,stranger,1.5919392831010044,3.704887172555233,0.2,0.5398275053597962,1.7909999999999355,1
191,18,69,555,1240,1795,stranger,1.8403779306291272,3.704887172555233,0.2,0.5398275053597962,1.513999999999966,1
191,19,69,555,1240,1795,stranger,1.0677374906519388,3.704887172555233,0.2,0.5398275053597962,1.795,0
191,20,69,555,1240,1795,stranger,1.6804011000711747,3.704887172555233,0.2,0.5398275053597962,1.994999999999913,1
191,21,69,555,1240,1795,self,7.624169541164423,3.704887172555233,0.2,0.5398275053597962,0.6820000000000004,1
191,22,69,555,1240,1795,self,7.773594150585921,3.704887172555233,0.2,0.5398275053597962,0.5930000000000003,1
191,23,69,555,1240,1795,self,7.750662079109912,3.704887172555233,0.2,0.5398275053597962,0.5470000000000003,1
191,24,69,555,1240,1795,self,7.812948624300187,3.704887172555233,0.2,0.5398275053597962,0.5930000000000003,1
191,25,69,555,1240,1795,stranger,0.8449692830612924,3.704887172555233,0.2,0.5398275053597962,0.3080000000000001,0
191,26,69,555,1240,1795,self,7.473837230043844,3.704887172555233,0.2,0.5398275053597962,0.6170000000000003,1
191,27,69,555,1240,1795,stranger,1.7535278113783788,3.704887172555233,0.2,0.5398275053597962,0.5270000000000002,0
191,28,69,555,1240,1795,self,7.257425019748293,3.704887172555233,0.2,0.5398275053597962,0.4630000000000002,1
191,29,69,555,1240,1795,self,6.8472770351603485,3.704887172555233,0.2,0.5398275053597962,0.7280000000000004,1
191,30,69,555,1240,1795,stranger,0.6021468226747039,3.704887172555233,0.2,0.5398275053597962,0.3190000000000001,0
191,31,69,555,1240,1795,stranger,1.4822293010655674,3.704887172555233,0.2,0.5398275053597962,0.3900000000000001,0
191,32,69,555,1240,1795,stranger,1.7860510023125777,3.704887172555233,0.2,0.5398275053597962,0.41600000000000015,0
191,33,69,555,1240,1795,stranger,1.370192032412568,3.704887172555233,0.2,0.5398275053597962,0.4570000000000002,0
191,34,69,555,1240,1795,self,8.391643879078478,3.704887172555233,0.2,0.5398275053597962,0.6570000000000004,1
191,35,69,555,1240,1795,stranger,1.7498517834951879,3.704887172555233,0.2,0.5398275053597962,1.795,0
191,36,69,555,1240,1795,self,8.016232856505981,3.704887172555233,0.2,0.5398275053597962,0.6320000000000003,1
191,37,69,555,1240,1795,stranger,1.9362308964122574,3.704887172555233,0.2,0.5398275053597962,0.5730000000000003,0
191,38,69,555,1240,1795,self,7.116136980738717,3.704887172555233,0.2,0.5398275053597962,0.7920000000000005,1
191,39,69,555,1240,1795,stranger,2.2122573699858816,3.704887172555233,0.2,0.5398275053597962,0.9380000000000006,1
191,40,69,555,1240,1795,stranger,1.7820697838466257,3.704887172555233,0.2,0.5398275053597962,1.2819999999999916,1
191,41,69,555,1240,1795,self,7.249746820139825,3.704887172555233,0.2,0.5398275053597962,0.5670000000000003,1
191,42,69,555,1240,1795,stranger,1.836494701114857,3.704887172555233,0.2,0.5398275053597962,1.795,0
191,43,69,555,1240,1795,stranger,0.8821793233484353,3.704887172555233,0.2,0.5398275053597962,1.795,0
191,44,69,555,1240,1795,self,7.465268587206603,3.704887172555233,0.2,0.5398275053597962,0.7260000000000004,1
191,45,69,555,1240,1795,self,7.517485994878991,3.704887172555233,0.2,0.5398275053597962,0.6880000000000004,1
191,46,69,555,1240,1795,self,7.669625077823535,3.704887172555233,0.2,0.5398275053597962,0.5710000000000003,1
191,47,69,555,1240,1795,self,7.6088909407167735,3.704887172555233,0.2,0.5398275053597962,0.7220000000000004,1
191,48,69,555,1240,1795,stranger,1.749796517301962,3.704887172555233,0.2,0.5398275053597962,1.795,0
191,49,69,555,1240,1795,self,7.309892825445767,3.704887172555233,0.2,0.5398275053597962,0.6430000000000003,1
191,50,69,555,1240,1795,self,7.556768449621803,3.704887172555233,0.2,0.5398275053597962,0.7260000000000004,1
191,51,69,555,1240,1795,self,7.03748677822087,3.704887172555233,0.2,0.5398275053597962,0.6730000000000004,1
191,52,69,555,1240,1795,stranger,1.1245077591876824,3.704887172555233,0.2,0.5398275053597962,1.795,0
191,53,69,555,1240,1795,stranger,1.5602619222146288,3.704887172555233,0.2,0.5398275053597962,0.41100000000000014,0
191,54,69,555,1240,1795,self,7.7445838940571425,3.704887172555233,0.2,0.5398275053597962,0.8100000000000005,1
191,55,69,555,1240,1795,self,7.383885447838738,3.704887172555233,0.2,0.5398275053597962,0.7960000000000005,1
191,56,69,555,1240,1795,self,6.891678752626458,3.704887172555233,0.2,0.5398275053597962,0.6880000000000004,1
191,57,69,555,1240,1795,self,7.200681849865357,3.704887172555233,0.2,0.5398275053597962,0.6280000000000003,1
191,58,69,555,1240,1795,stranger,2.016262057016924,3.704887172555233,0.2,0.5398275053597962,1.7299999999999423,1
191,59,69,555,1240,1795,stranger,1.3833474561029364,3.704887172555233,0.2,0.5398275053597962,1.795,0
191,60,69,555,1240,1795,stranger,1.2078640356266375,3.704887172555233,0.2,0.5398275053597962,1.0770000000000006,1
192,1,93,35,675,710,stranger,0.32373838214921785,2.0559731782617137,0.2,0.9727753363450792,0.9190000000000005,1
192,2,93,35,675,710,stranger,0.9229161413551753,2.0559731782617137,0.2,0.9727753363450792,1.1240000000000008,1
192,3,93,35,675,710,self,2.6581241196845324,2.0559731782617137,0.2,0.9727753363450792,0.39800000000000013,1
192,4,93,35,675,710,self,1.9967037799446703,2.0559731782617137,0.2,0.9727753363450792,0.32800000000000007,1
192,5,93,35,675,710,self,3.190362644112076,2.0559731782617137,0.2,0.9727753363450792,0.4900000000000002,1
192,6,93,35,675,710,self,2.197293515993536,2.0559731782617137,0.2,0.9727753363450792,0.9390000000000005,1
192,7,93,35,675,710,stranger,1.0069891947733185,2.0559731782617137,0.2,0.9727753363450792,0.4440000000000002,1
192,8,93,35,675,710,self,2.7048222069567647,2.0559731782617137,0.2,0.9727753363450792,0.6840000000000004,1
192,9,93,35,675,710,stranger,0.1990249593073372,2.0559731782617137,0.2,0.9727753363450792,0.7840000000000005,0
192,10,93,35,675,710,stranger,0.6021988403542553,2.0559731782617137,0.2,0.9727753363450792,0.8490000000000004,1
192,11,93,35,675,710,stranger,-0.020353815021103783,2.0559731782617137,0.2,0.9727753363450792,1.1620000000000008,1
192,12,93,35,675,710,self,2.3675837410121887,2.0559731782617137,0.2,0.9727753363450792,0.5450000000000003,1
192,13,93,35,675,710,stranger,0.4504045052503245,2.0559731782617137,0.2,0.9727753363450792,0.3650000000000001,1
192,14,93,35,675,710,self,3.4395113913749578,2.0559731782617137,0.2,0.9727753363450792,0.5180000000000002,1
192,15,93,35,675,710,stranger,0.6980469141589325,2.0559731782617137,0.2,0.9727753363450792,0.9360000000000006,1
192,16,93,35,675,710,stranger,0.16541156996357242,2.0559731782617137,0.2,0.9727753363450792,0.7980000000000005,0
192,17,93,35,675,710,stranger,0.8759651691089494,2.0559731782617137,0.2,0.9727753363450792,0.8070000000000004,1
192,18,93,35,675,710,self,1.7320292268638822,2.0559731782617137,0.2,0.9727753363450792,1.913999999999922,1
192,19,93,35,675,710,stranger,0.5759255423174722,2.0559731782617137,0.2,0.9727753363450792,0.7230000000000003,1
192,20,93,35,675,710,self,2.4839217033680856,2.0559731782617137,0.2,0.9727753363450792,0.39900000000000013,1
192,21,93,35,675,710,stranger,0.9482015378082117,2.0559731782617137,0.2,0.9727753363450792,0.8910000000000005,1
192,22,93,35,675,710,stranger,0.6612471086381054,2.0559731782617137,0.2,0.9727753363450792,0.71,0
192,23,93,35,675,710,self,2.565140227198104,2.0559731782617137,0.2,0.9727753363450792,0.5610000000000003,1
192,24,93,35,675,710,stranger,1.1391713877365421,2.0559731782617137,0.2,0.9727753363450792,0.71,0
192,25,93,35,675,710,self,1.6436045841367934,2.0559731782617137,0.2,0.9727753363450792,0.4550000000000002,1
192,26,93,35,675,710,self,3.5227287338314035,2.0559731782617137,0.2,0.9727753363450792,0.5650000000000003,1
192,27,93,35,675,710,self,2.4202526336346857,2.0559731782617137,0.2,0.9727753363450792,0.5320000000000003,1
192,28,93,35,675,710,self,2.8465094670911237,2.0559731782617137,0.2,0.9727753363450792,0.6100000000000003,1
192,29,93,35,675,710,self,2.1334937398079274,2.0559731782617137,0.2,0.9727753363450792,1.5259999999999647,1
192,30,93,35,675,710,stranger,0.3146853217148779,2.0559731782617137,0.2,0.9727753363450792,0.3830000000000001,0
192,31,93,35,675,710,stranger,2.050805745188876,2.0559731782617137,0.2,0.9727753363450792,1.1060000000000008,1
192,32,93,35,675,710,stranger,0.14536024858180963,2.0559731782617137,0.2,0.9727753363450792,1.1500000000000008,1
192,33,93,35,675,710,self,2.259508262696729,2.0559731782617137,0.2,0.9727753363450792,0.7060000000000004,1
192,34,93,35,675,710,self,1.7958211861413549,2.0559731782617137,0.2,0.9727753363450792,0.4840000000000002,1
192,35,93,35,675,710,self,3.1271524873635554,2.0559731782617137,0.2,0.9727753363450792,0.7080000000000004,1
192,36,93,35,675,710,self,2.06661300690369,2.0559731782617137,0.2,0.9727753363450792,0.6360000000000003,1
192,37,93,35,675,710,stranger,0.7068255455413239,2.0559731782617137,0.2,0.9727753363450792,0.71,0
192,38,93,35,675,710,self,2.789299820048671,2.0559731782617137,0.2,0.9727753363450792,0.3150000000000001,1
192,39,93,35,675,710,self,2.501875395242713,2.0559731782617137,0.2,0.9727753363450792,0.3550000000000001,1
192,40,93,35,675,710,self,3.0292519867011527,2.0559731782617137,0.2,0.9727753363450792,0.4480000000000002,1
192,41,93,35,675,710,stranger,0.5224890722961884,2.0559731782617137,0.2,0.9727753363450792,1.5399999999999632,0
192,42,93,35,675,710,stranger,1.0254761537627743,2.0559731782617137,0.2,0.9727753363450792,0.8030000000000004,1
192,43,93,35,675,710,stranger,0.6085585024547003,2.0559731782617137,0.2,0.9727753363450792,0.5960000000000003,1
192,44,93,35,675,710,stranger,1.5732988824000578,2.0559731782617137,0.2,0.9727753363450792,0.7000000000000004,1
192,45,93,35,675,710,self,2.775761210281029,2.0559731782617137,0.2,0.9727753363450792,0.6710000000000004,1
192,46,93,35,675,710,stranger,1.2883690890480848,2.0559731782617137,0.2,0.9727753363450792,1.2739999999999925,1
192,47,93,35,675,710,stranger,0.24206930857190168,2.0559731782617137,0.2,0.9727753363450792,1.0710000000000006,1
192,48,93,35,675,710,self,3.2850191850694976,2.0559731782617137,0.2,0.9727753363450792,0.4590000000000002,1
192,49,93,35,675,710,self,2.9969049546230115,2.0559731782617137,0.2,0.9727753363450792,0.4890000000000002,1
192,50,93,35,675,710,self,2.001075386695031,2.0559731782617137,0.2,0.9727753363450792,0.7970000000000004,1
192,51,93,35,675,710,stranger,0.9276791869378392,2.0559731782617137,0.2,0.9727753363450792,0.4840000000000002,1
192,52,93,35,675,710,self,2.1519118347962953,2.0559731782617137,0.2,0.9727753363450792,0.41000000000000014,1
192,53,93,35,675,710,stranger,0.5191126505517367,2.0559731782617137,0.2,0.9727753363450792,0.8270000000000004,0
192,54,93,35,675,710,stranger,0.5173964152645956,2.0559731782617137,0.2,0.9727753363450792,1.5699999999999599,0
192,55,93,35,675,710,stranger,0.6578876123910297,2.0559731782617137,0.2,0.9727753363450792,1.4559999999999724,1
192,56,93,35,675,710,self,2.2367762294209217,2.0559731782617137,0.2,0.9727753363450792,0.6580000000000004,1
192,57,93,35,675,710,self,3.114691081401395,2.0559731782617137,0.2,0.9727753363450792,1.29599999999999,1
192,58,93,35,675,710,stranger,0.3714125872379732,2.0559731782617137,0.2,0.9727753363450792,1.2309999999999972,1
192,59,93,35,675,710,self,2.251848769287934,2.0559731782617137,0.2,0.9727753363450792,0.6050000000000003,1
192,60,93,35,675,710,stranger,0.7261908358157624,2.0559731782617137,0.2,0.9727753363450792,0.7050000000000003,1
193,1,145,133,1500,1633,stranger,1.5764721251194418,4.181558916904183,0.2,0.47829052268398986,1.894999999999924,1
193,2,145,133,1500,1633,stranger,1.4477533871846113,4.181558916904183,0.2,0.47829052268398986,1.731999999999942,1
193,3,145,133,1500,1633,stranger,0.980027476941957,4.181558916904183,0.2,0.47829052268398986,0.7950000000000004,0
193,4,145,133,1500,1633,self,4.367211027519516,4.181558916904183,0.2,0.47829052268398986,1.514999999999966,1
193,5,145,133,1500,1633,self,3.953008770910604,4.181558916904183,0.2,0.47829052268398986,0.5500000000000003,0
193,6,145,133,1500,1633,self,4.046254058374865,4.181558916904183,0.2,0.47829052268398986,1.4169999999999767,1
193,7,145,133,1500,1633,stranger,0.4789965399724221,4.181558916904183,0.2,0.47829052268398986,1.47899999999997,0
193,8,145,133,1500,1633,self,3.174511493557026,4.181558916904183,0.2,0.47829052268398986,1.5839999999999583,1
193,9,145,133,1500,1633,stranger,1.8498072078344674,4.181558916904183,0.2,0.47829052268398986,1.633,0
193,10,145,133,1500,1633,stranger,1.2812558376015468,4.181558916904183,0.2,0.47829052268398986,2.1709999999998937,1
193,11,145,133,1500,1633,stranger,0.9430612306628622,4.181558916904183,0.2,0.47829052268398986,0.2950000000000001,0
193,12,145,133,1500,1633,self,4.183093121794026,4.181558916904183,0.2,0.47829052268398986,1.0040000000000007,1
193,13,145,133,1500,1633,self,4.665738226876403,4.181558916904183,0.2,0.47829052268398986,0.9980000000000007,1
193,14,145,133,1500,1633,stranger,1.4938330783721883,4.181558916904183,0.2,0.47829052268398986,1.633,0
193,15,145,133,1500,1633,self,4.3540889522060935,4.181558916904183,0.2,0.47829052268398986,0.8970000000000005,1
193,16,145,133,1500,1633,self,4.464408041867535,4.181558916904183,0.2,0.47829052268398986,1.0140000000000007,1
193,17,145,133,1500,1633,stranger,1.4317587914637886,4.181558916904183,0.2,0.47829052268398986,2.1009999999999014,1
193,18,145,133,1500,1633,stranger,1.6469473956789051,4.181558916904183,0.2,0.47829052268398986,1.633,0
193,19,145,133,1500,1633,stranger,1.0651556347868016,4.181558916904183,0.2,0.47829052268398986,1.633,0
193,20,145,133,1500,1633,self,4.221470734936926,4.181558916904183,0.2,0.47829052268398986,1.4249999999999758,1
193,21,145,133,1500,1633,stranger,0.5946293664291937,4.181558916904183,0.2,0.47829052268398986,0.6070000000000003,0
193,22,145,133,1500,1633,self,4.898265087227252,4.181558916904183,0.2,0.47829052268398986,0.9300000000000006,1
193,23,145,133,1500,1633,self,3.6353294851169053,4.181558916904183,0.2,0.47829052268398986,1.0670000000000006,1
193,24,145,133,1500,1633,stranger,1.3438639030243076,4.181558916904183,0.2,0.47829052268398986,0.4920000000000002,0
193,25,145,133,1500,1633,stranger,1.2858465924019307,4.181558916904183,0.2,0.47829052268398986,0.3450000000000001,0
193,26,145,133,1500,1633,stranger,0.6650798206513757,4.181558916904183,0.2,0.47829052268398986,1.904999999999923,1
193,27,145,133,1500,1633,stranger,0.2546135199847558,4.181558916904183,0.2,0.47829052268398986,0.7270000000000003,0
193,28,145,133,1500,1633,stranger,1.7860648120149105,4.181558916904183,0.2,0.47829052268398986,0.3060000000000001,0
193,29,145,133,1500,1633,self,4.63975643707397,4.181558916904183,0.2,0.47829052268398986,0.8990000000000005,1
193,30,145,133,1500,1633,self,4.59411427200979,4.181558916904183,0.2,0.47829052268398986,1.0140000000000007,1
193,31,145,133,1500,1633,self,4.425058411357332,4.181558916904183,0.2,0.47829052268398986,1.0030000000000006,1
193,32,145,133,1500,1633,self,4.267254293132759,4.181558916904183,0.2,0.47829052268398986,1.0770000000000006,1
193,33,145,133,1500,1633,self,3.230972667927211,4.181558916904183,0.2,0.47829052268398986,1.0920000000000007,1
193,34,145,133,1500,1633,self,4.461759984033532,4.181558916904183,0.2,0.47829052268398986,0.7820000000000005,1
193,35,145,133,1500,1633,stranger,0.6387537017992669,4.181558916904183,0.2,0.47829052268398986,1.633,0
193,36,145,133,1500,1633,self,4.978137199493199,4.181558916904183,0.2,0.47829052268398986,0.9290000000000005,1
193,37,145,133,1500,1633,self,4.59259524569587,4.181558916904183,0.2,0.47829052268398986,1.1040000000000008,1
193,38,145,133,1500,1633,stranger,1.2690057383703084,4.181558916904183,0.2,0.47829052268398986,1.633,0
193,39,145,133,1500,1633,self,4.920426878920433,4.181558916904183,0.2,0.47829052268398986,0.8250000000000004,1
193,40,145,133,1500,1633,self,3.8278566060859753,4.181558916904183,0.2,0.47829052268398986,0.9970000000000006,1
193,41,145,133,1500,1633,stranger,1.057114538682745,4.181558916904183,0.2,0.47829052268398986,1.633,0
193,42,145,133,1500,1633,stranger,1.0392583330247072,4.181558916904183,0.2,0.47829052268398986,1.633,0
193,43,145,133,1500,1633,stranger,0.5995305631098043,4.181558916904183,0.2,0.47829052268398986,1.633,0
193,44,145,133,1500,1633,stranger,1.1013697603677808,4.181558916904183,0.2,0.47829052268398986,0.2730000000000001,0
193,45,145,133,1500,1633,stranger,0.7377845084440716,4.181558916904183,0.2,0.47829052268398986,1.633,0
193,46,145,133,1500,1633,stranger,0.5968910801956033,4.181558916904183,0.2,0.47829052268398986,1.633,0
193,47,145,133,1500,1633,self,4.422472566638401,4.181558916904183,0.2,0.47829052268398986,0.9170000000000005,1
193,48,145,133,1500,1633,self,4.933730624220732,4.181558916904183,0.2,0.47829052268398986,1.1370000000000007,1
193,49,145,133,1500,1633,stranger,1.293335617637419,4.181558916904183,0.2,0.47829052268398986,1.5629999999999606,1
193,50,145,133,1500,1633,self,4.637575739115072,4.181558916904183,0.2,0.47829052268398986,0.8440000000000005,1
193,51,145,133,1500,1633,self,4.106974615613656,4.181558916904183,0.2,0.47829052268398986,1.5029999999999673,1
193,52,145,133,1500,1633,self,4.974742141267076,4.181558916904183,0.2,0.47829052268398986,1.0100000000000007,1
193,53,145,133,1500,1633,stranger,1.3682908493946149,4.181558916904183,0.2,0.47829052268398986,1.504999999999967,1
193,54,145,133,1500,1633,self,4.712352400992619,4.181558916904183,0.2,0.47829052268398986,0.8720000000000006,1
193,55,145,133,1500,1633,self,4.5418167111660255,4.181558916904183,0.2,0.47829052268398986,0.9300000000000006,1
193,56,145,133,1500,1633,stranger,0.6232515472853812,4.181558916904183,0.2,0.47829052268398986,0.22700000000000004,0
193,57,145,133,1500,1633,stranger,-0.20043200199373312,4.181558916904183,0.2,0.47829052268398986,0.22100000000000003,0
193,58,145,133,1500,1633,self,3.401548378930002,4.181558916904183,0.2,0.47829052268398986,1.0490000000000006,1
193,59,145,133,1500,1633,self,3.978757079863152,4.181558916904183,0.2,0.47829052268398986,0.2800000000000001,0
193,60,145,133,1500,1633,stranger,1.3786147485348066,4.181558916904183,0.2,0.47829052268398986,2.326999999999877,1
194,1,51,439,849,1288,stranger,1.4295623804278552,3.0551349995263255,0.2,0.6546355563044134,1.288,0
194,2,51,439,849,1288,stranger,1.0760315127251205,3.0551349995263255,0.2,0.6546355563044134,1.4889999999999688,1
194,3,51,439,849,1288,self,7.027951943585867,3.0551349995263255,0.2,0.6546355563044134,0.6000000000000003,1
194,4,51,439,849,1288,stranger,0.3193396739280262,3.0551349995263255,0.2,0.6546355563044134,0.9270000000000005,0
194,5,51,439,849,1288,self,6.069696684212938,3.0551349995263255,0.2,0.6546355563044134,0.5030000000000002,1
194,6,51,439,849,1288,stranger,1.7023319801769912,3.0551349995263255,0.2,0.6546355563044134,1.1540000000000008,1
194,7,51,439,849,1288,stranger,1.6397038549228027,3.0551349995263255,0.2,0.6546355563044134,1.0360000000000007,1
194,8,51,439,849,1288,self,6.018354638647133,3.0551349995263255,0.2,0.6546355563044134,0.8130000000000004,1
194,9,51,439,849,1288,stranger,1.273973398386595,3.0551349995263255,0.2,0.6546355563044134,1.2259999999999978,1
194,10,51,439,849,1288,self,6.402338038579126,3.0551349995263255,0.2,0.6546355563044134,0.6450000000000004,1
194,11,51,439,849,1288,stranger,1.5060378983563885,3.0551349995263255,0.2,0.6546355563044134,1.941999999999919,1
194,12,51,439,849,1288,stranger,0.9972222274967928,3.0551349995263255,0.2,0.6546355563044134,1.2159999999999989,0
194,13,51,439,849,1288,stranger,1.3998104048287328,3.0551349995263255,0.2,0.6546355563044134,0.8040000000000005,0
194,14,51,439,849,1288,self,7.367558114756134,3.0551349995263255,0.2,0.6546355563044134,0.5180000000000002,1
194,15,51,439,849,1288,self,5.548301985511774,3.0551349995263255,0.2,0.6546355563044134,0.7630000000000003,1
194,16,51,439,849,1288,self,5.086918444741709,3.0551349995263255,0.2,0.6546355563044134,0.6850000000000004,1
194,17,51,439,849,1288,self,6.1978764915128925,3.0551349995263255,0.2,0.6546355563044134,0.4980000000000002,1
194,18,51,439,849,1288,self,7.610108773210763,3.0551349995263255,0.2,0.6546355563044134,0.6280000000000003,1
194,19,51,439,849,1288,stranger,1.5377898742786416,3.0551349995263255,0.2,0.6546355563044134,1.8079999999999337,1
194,20,51,439,849,1288,self,7.022640988042746,3.0551349995263255,0.2,0.6546355563044134,0.4610000000000002,1
194,21,51,439,849,1288,self,6.097558104975887,3.0551349995263255,0.2,0.6546355563044134,0.8490000000000004,1
194,22,51,439,849,1288,stranger,0.9418547704646267,3.0551349995263255,0.2,0.6546355563044134,1.278999999999992,1
194,23,51,439,849,1288,stranger,1.2099295815480573,3.0551349995263255,0.2,0.6546355563044134,1.4609999999999719,1
194,24,51,439,849,1288,self,5.826172260768889,3.0551349995263255,0.2,0.6546355563044134,0.5490000000000003,1
194,25,51,439,849,1288,self,7.441505860315376,3.0551349995263255,0.2,0.6546355563044134,0.4790000000000002,1
194,26,51,439,849,1288,stranger,1.250263377901617,3.0551349995263255,0.2,0.6546355563044134,1.4569999999999723,1
194,27,51,439,849,1288,self,6.516580900485718,3.0551349995263255,0.2,0.6546355563044134,0.5800000000000003,1
194,28,51,439,849,1288,stranger,0.7990541456350844,3.0551349995263255,0.2,0.6546355563044134,1.288,0
194,29,51,439,849,1288,self,7.114009216021405,3.0551349995263255,0.2,0.6546355563044134,0.6170000000000003,1
194,30,51,439,849,1288,self,6.669787978282782,3.0551349995263255,0.2,0.6546355563044134,0.6960000000000004,1
194,31,51,439,849,1288,self,6.036665751682776,3.0551349995263255,0.2,0.6546355563044134,0.5540000000000003,1
194,32,51,439,849,1288,self,6.230005113870043,3.0551349995263255,0.2,0.6546355563044134,0.6900000000000004,1
194,33,51,439,849,1288,stranger,0.4381805165404731,3.0551349995263255,0.2,0.6546355563044134,0.6520000000000004,0
194,34,51,439,849,1288,self,7.185295028287243,3.0551349995263255,0.2,0.6546355563044134,0.5460000000000003,1
194,35,51,439,849,1288,stranger,0.7659218536437309,3.0551349995263255,0.2,0.6546355563044134,1.288,0
194,36,51,439,849,1288,stranger,1.1362097767826604,3.0551349995263255,0.2,0.6546355563044134,0.7110000000000003,1
194,37,51,439,849,1288,self,7.300269855878186,3.0551349995263255,0.2,0.6546355563044134,0.4560000000000002,1
194,38,51,439,849,1288,stranger,0.27269153580466143,3.0551349995263255,0.2,0.6546355563044134,1.288,0
194,39,51,439,849,1288,stranger,1.512491478559213,3.0551349995263255,0.2,0.6546355563044134,0.3190000000000001,0
194,40,51,439,849,1288,stranger,0.6991551920618706,3.0551349995263255,0.2,0.6546355563044134,1.288,0
194,41,51,439,849,1288,self,6.871176296202536,3.0551349995263255,0.2,0.6546355563044134,0.5080000000000002,1
194,42,51,439,849,1288,stranger,0.6543003691491964,3.0551349995263255,0.2,0.6546355563044134,1.288,0
194,43,51,439,849,1288,self,5.9881064765925185,3.0551349995263255,0.2,0.6546355563044134,0.7340000000000004,1
194,44,51,439,849,1288,self,7.47573098655554,3.0551349995263255,0.2,0.6546355563044134,0.5270000000000002,1
194,45,51,439,849,1288,stranger,1.409281724391736,3.0551349995263255,0.2,0.6546355563044134,1.288,0
194,46,51,439,849,1288,self,6.453044011217289,3.0551349995263255,0.2,0.6546355563044134,0.4440000000000002,1
194,47,51,439,849,1288,stranger,0.7562383330285174,3.0551349995263255,0.2,0.6546355563044134,1.7339999999999418,1
194,48,51,439,849,1288,self,6.597718623530211,3.0551349995263255,0.2,0.6546355563044134,0.5140000000000002,1
194,49,51,439,849,1288,stranger,-0.21653370429505014,3.0551349995263255,0.2,0.6546355563044134,1.288,0
194,50,51,439,849,1288,self,6.161670599586658,3.0551349995263255,0.2,0.6546355563044134,0.6190000000000003,1
194,51,51,439,849,1288,self,6.254515866044993,3.0551349995263255,0.2,0.6546355563044134,0.5990000000000003,1
194,52,51,439,849,1288,self,6.620774057255335,3.0551349995263255,0.2,0.6546355563044134,0.5890000000000003,1
194,53,51,439,849,1288,stranger,1.5264439900843358,3.0551349995263255,0.2,0.6546355563044134,0.8190000000000004,1
194,54,51,439,849,1288,stranger,1.7322804755374337,3.0551349995263255,0.2,0.6546355563044134,1.2079999999999997,1
194,55,51,439,849,1288,stranger,0.9532457181915888,3.0551349995263255,0.2,0.6546355563044134,1.288,0
194,56,51,439,849,1288,self,6.720551901721007,3.0551349995263255,0.2,0.6546355563044134,0.8830000000000005,1
194,57,51,439,849,1288,stranger,1.0199471348985356,3.0551349995263255,0.2,0.6546355563044134,1.288,0
194,58,51,439,849,1288,stranger,0.6805980572267218,3.0551349995263255,0.2,0.6546355563044134,1.3359999999999856,1
194,59,51,439,849,1288,self,7.048794413904356,3.0551349995263255,0.2,0.6546355563044134,0.5560000000000003,1
194,60,51,439,849,1288,stranger,0.8218214345448829,3.0551349995263255,0.2,0.6546355563044134,1.288,0
195,1,19,282,202,484,self,4.1215475892818025,0.8288849772118226,0.2,2.4128800195263973,0.201,1
195,2,19,282,202,484,stranger,1.3385632788494939,0.8288849772118226,0.2,2.4128800195263973,0.201,1
195,3,19,282,202,484,stranger,0.51300842839629,0.8288849772118226,0.2,2.4128800195263973,0.201,1
195,4,19,282,202,484,self,4.111200034499337,0.8288849772118226,0.2,2.4128800195263973,0.201,1
195,5,19,282,202,484,stranger,1.4397190252104946,0.8288849772118226,0.2,2.4128800195263973,0.201,1
195,6,19,282,202,484,self,3.0967425360654532,0.8288849772118226,0.2,2.4128800195263973,0.201,1
195,7,19,282,202,484,self,4.155711607690288,0.8288849772118226,0.2,2.4128800195263973,0.201,1
195,8,19,282,202,484,self,5.39990073043161,0.8288849772118226,0.2,2.4128800195263973,0.201,1
195,9,19,282,202,484,stranger,1.2363039651209784,0.8288849772118226,0.2,2.4128800195263973,0.201,1
195,10,19,282,202,484,self,4.5597280065280685,0.8288849772118226,0.2,2.4128800195263973,0.201,1
195,11,19,282,202,484,stranger,0.878442490933492,0.8288849772118226,0.2,2.4128800195263973,0.201,1
195,12,19,282,202,484,stranger,1.1602054818335568,0.8288849772118226,0.2,2.4128800195263973,0.201,1
195,13,19,282,202,484,self,4.2077267060371115,0.8288849772118226,0.2,2.4128800195263973,0.201,1
195,14,19,282,202,484,self,4.961265493819724,0.8288849772118226,0.2,2.4128800195263973,0.201,1
195,15,19,282,202,484,stranger,0.868617487494524,0.8288849772118226,0.2,2.4128800195263973,0.201,1
195,16,19,282,202,484,stranger,0.9482742410795362,0.8288849772118226,0.2,2.4128800195263973,0.201,1
195,17,19,282,202,484,stranger,1.961768411167507,0.8288849772118226,0.2,2.4128800195263973,0.201,1
195,18,19,282,202,484,self,3.7815223359416827,0.8288849772118226,0.2,2.4128800195263973,0.201,1
195,19,19,282,202,484,stranger,1.0723524757063665,0.8288849772118226,0.2,2.4128800195263973,0.201,1
195,20,19,282,202,484,stranger,1.0507960369048936,0.8288849772118226,0.2,2.4128800195263973,0.201,1
195,21,19,282,202,484,stranger,1.5116956048367072,0.8288849772118226,0.2,2.4128800195263973,0.201,1
195,22,19,282,202,484,self,5.160322944804736,0.8288849772118226,0.2,2.4128800195263973,0.201,1
195,23,19,282,202,484,stranger,0.5649124574634611,0.8288849772118226,0.2,2.4128800195263973,0.201,1
195,24,19,282,202,484,stranger,1.2655318056028404,0.8288849772118226,0.2,2.4128800195263973,0.201,1
195,25,19,282,202,484,stranger,1.1208168374750864,0.8288849772118226,0.2,2.4128800195263973,0.201,1
195,26,19,282,202,484,self,4.568941858352038,0.8288849772118226,0.2,2.4128800195263973,0.201,1
195,27,19,282,202,484,stranger,1.3555876876968658,0.8288849772118226,0.2,2.4128800195263973,0.201,1
195,28,19,282,202,484,self,3.817343389583195,0.8288849772118226,0.2,2.4128800195263973,0.201,1
195,29,19,282,202,484,self,4.438455217380121,0.8288849772118226,0.2,2.4128800195263973,0.201,1
195,30,19,282,202,484,self,4.721337369800667,0.8288849772118226,0.2,2.4128800195263973,0.201,1
195,31,19,282,202,484,self,5.216376485317105,0.8288849772118226,0.2,2.4128800195263973,0.201,1
195,32,19,282,202,484,self,4.6952644891116755,0.8288849772118226,0.2,2.4128800195263973,0.201,1
195,33,19,282,202,484,self,5.682200927131317,0.8288849772118226,0.2,2.4128800195263973,0.201,1
195,34,19,282,202,484,self,4.406275090545655,0.8288849772118226,0.2,2.4128800195263973,0.201,1
195,35,19,282,202,484,self,5.132048398875556,0.8288849772118226,0.2,2.4128800195263973,0.201,1
195,36,19,282,202,484,stranger,2.0409928021910573,0.8288849772118226,0.2,2.4128800195263973,0.201,1
195,37,19,282,202,484,self,4.4731363676291025,0.8288849772118226,0.2,2.4128800195263973,0.201,1
195,38,19,282,202,484,self,4.683400919498692,0.8288849772118226,0.2,2.4128800195263973,0.201,1
195,39,19,282,202,484,stranger,0.34618467455249524,0.8288849772118226,0.2,2.4128800195263973,0.201,1
195,40,19,282,202,484,stranger,0.9084549156497193,0.8288849772118226,0.2,2.4128800195263973,0.201,1
195,41,19,282,202,484,stranger,1.5650636278942933,0.8288849772118226,0.2,2.4128800195263973,0.201,1
195,42,19,282,202,484,self,4.9288216950549675,0.8288849772118226,0.2,2.4128800195263973,0.201,1
195,43,19,282,202,484,stranger,1.2382517252101377,0.8288849772118226,0.2,2.4128800195263973,0.201,1
195,44,19,282,202,484,stranger,1.2071135765498664,0.8288849772118226,0.2,2.4128800195263973,0.201,1
195,45,19,282,202,484,stranger,1.3448285674919394,0.8288849772118226,0.2,2.4128800195263973,0.201,1
195,46,19,282,202,484,self,3.750456984052902,0.8288849772118226,0.2,2.4128800195263973,0.201,1
195,47,19,282,202,484,stranger,-0.033542481391757084,0.8288849772118226,0.2,2.4128800195263973,0.201,1
195,48,19,282,202,484,stranger,0.7681362249718565,0.8288849772118226,0.2,2.4128800195263973,0.201,1
195,49,19,282,202,484,stranger,1.5888926192108528,0.8288849772118226,0.2,2.4128800195263973,0.201,1
195,50,19,282,202,484,self,4.604369122111978,0.8288849772118226,0.2,2.4128800195263973,0.201,1
195,51,19,282,202,484,self,4.854033573030025,0.8288849772118226,0.2,2.4128800195263973,0.201,1
195,52,19,282,202,484,self,4.959596240429688,0.8288849772118226,0.2,2.4128800195263973,0.201,1
195,53,19,282,202,484,stranger,0.6072808878997217,0.8288849772118226,0.2,2.4128800195263973,0.201,1
195,54,19,282,202,484,self,4.4416582980351205,0.8288849772118226,0.2,2.4128800195263973,0.201,1
195,55,19,282,202,484,self,5.155441540301423,0.8288849772118226,0.2,2.4128800195263973,0.201,1
195,56,19,282,202,484,stranger,0.44669842389248815,0.8288849772118226,0.2,2.4128800195263973,0.201,1
195,57,19,282,202,484,stranger,0.682000318356552,0.8288849772118226,0.2,2.4128800195263973,0.201,1
195,58,19,282,202,484,self,4.891338947854356,0.8288849772118226,0.2,2.4128800195263973,0.201,1
195,59,19,282,202,484,self,3.8312842484610843,0.8288849772118226,0.2,2.4128800195263973,0.201,1
195,60,19,282,202,484,stranger,2.334337482321818,0.8288849772118226,0.2,2.4128800195263973,0.201,1
196,1,31,364,1197,1561,self,4.913275356152718,3.633517998796651,0.2,0.5504307397575463,1.0110000000000006,1
196,2,31,364,1197,1561,stranger,1.116436588701527,3.633517998796651,0.2,0.5504307397575463,1.561,0
196,3,31,364,1197,1561,stranger,1.664016294459785,3.633517998796651,0.2,0.5504307397575463,1.9429999999999188,1
196,4,31,364,1197,1561,self,6.468548179991061,3.633517998796651,0.2,0.5504307397575463,0.9630000000000005,1
196,5,31,364,1197,1561,stranger,0.2599248995671195,3.633517998796651,0.2,0.5504307397575463,1.0540000000000007,0
196,6,31,364,1197,1561,self,6.476547167278665,3.633517998796651,0.2,0.5504307397575463,0.5540000000000003,1
196,7,31,364,1197,1561,stranger,0.9321966367642642,3.633517998796651,0.2,0.5504307397575463,0.5870000000000003,0
196,8,31,364,1197,1561,stranger,0.8594437474800078,3.633517998796651,0.2,0.5504307397575463,2.0629999999999056,1
196,9,31,364,1197,1561,self,7.159207993455392,3.633517998796651,0.2,0.5504307397575463,0.6080000000000003,1
196,10,31,364,1197,1561,self,5.883987665399892,3.633517998796651,0.2,0.5504307397575463,0.9120000000000006,1
196,11,31,364,1197,1561,self,5.270695708591474,3.633517998796651,0.2,0.5504307397575463,0.9630000000000005,1
196,12,31,364,1197,1561,self,6.184510377927347,3.633517998796651,0.2,0.5504307397575463,0.6900000000000004,1
196,13,31,364,1197,1561,self,6.250496723346721,3.633517998796651,0.2,0.5504307397575463,0.7990000000000004,1
196,14,31,364,1197,1561,self,6.392343440096793,3.633517998796651,0.2,0.5504307397575463,0.6820000000000004,1
196,15,31,364,1197,1561,self,6.142148456728778,3.633517998796651,0.2,0.5504307397575463,0.7510000000000003,1
196,16,31,364,1197,1561,self,5.473610426741991,3.633517998796651,0.2,0.5504307397575463,0.6230000000000003,1
196,17,31,364,1197,1561,self,6.433489451042377,3.633517998796651,0.2,0.5504307397575463,0.7300000000000004,1
196,18,31,364,1197,1561,stranger,1.5081618066995124,3.633517998796651,0.2,0.5504307397575463,1.5939999999999572,1
196,19,31,364,1197,1561,stranger,1.2876236348184147,3.633517998796651,0.2,0.5504307397575463,1.561,0
196,20,31,364,1197,1561,self,5.649936584273011,3.633517998796651,0.2,0.5504307397575463,0.6870000000000004,1
196,21,31,364,1197,1561,stranger,1.1090716331416939,3.633517998796651,0.2,0.5504307397575463,2.0919999999999024,1
196,22,31,364,1197,1561,stranger,1.1413982182683657,3.633517998796651,0.2,0.5504307397575463,0.6550000000000004,0
196,23,31,364,1197,1561,self,5.964399721069886,3.633517998796651,0.2,0.5504307397575463,0.6110000000000003,1
196,24,31,364,1197,1561,stranger,1.5514191281176137,3.633517998796651,0.2,0.5504307397575463,1.6639999999999495,1
196,25,31,364,1197,1561,stranger,1.2037262903798684,3.633517998796651,0.2,0.5504307397575463,1.4949999999999681,1
196,26,31,364,1197,1561,stranger,0.8453214106747042,3.633517998796651,0.2,0.5504307397575463,1.287999999999991,1
196,27,31,364,1197,1561,self,5.7094810848464235,3.633517998796651,0.2,0.5504307397575463,0.6780000000000004,1
196,28,31,364,1197,1561,stranger,1.3218917195180033,3.633517998796651,0.2,0.5504307397575463,1.56899999999996,1
196,29,31,364,1197,1561,stranger,1.8010398831517764,3.633517998796651,0.2,0.5504307397575463,0.9640000000000006,1
196,30,31,364,1197,1561,self,6.869019485512199,3.633517998796651,0.2,0.5504307397575463,0.8700000000000006,1
196,31,31,364,1197,1561,stranger,1.3281018468377506,3.633517998796651,0.2,0.5504307397575463,1.561,0
196,32,31,364,1197,1561,self,6.220582675518854,3.633517998796651,0.2,0.5504307397575463,0.6610000000000004,1
196,33,31,364,1197,1561,self,6.664101459238027,3.633517998796651,0.2,0.5504307397575463,0.6570000000000004,1
196,34,31,364,1197,1561,self,6.438203955048933,3.633517998796651,0.2,0.5504307397575463,0.6670000000000004,1
196,35,31,364,1197,1561,self,5.997745364349638,3.633517998796651,0.2,0.5504307397575463,0.7350000000000003,1
196,36,31,364,1197,1561,stranger,1.5936844532394012,3.633517998796651,0.2,0.5504307397575463,1.561,0
196,37,31,364,1197,1561,self,6.710130581941166,3.633517998796651,0.2,0.5504307397575463,0.7290000000000003,1
196,38,31,364,1197,1561,self,6.99672048337258,3.633517998796651,0.2,0.5504307397575463,0.6540000000000004,1
196,39,31,364,1197,1561,self,6.475903417477144,3.633517998796651,0.2,0.5504307397575463,0.6760000000000004,1
196,40,31,364,1197,1561,stranger,0.88594161664174,3.633517998796651,0.2,0.5504307397575463,0.3490000000000001,0
196,41,31,364,1197,1561,stranger,1.6808554735074996,3.633517998796651,0.2,0.5504307397575463,1.561,0
196,42,31,364,1197,1561,self,5.997435050488729,3.633517998796651,0.2,0.5504307397575463,0.6820000000000004,1
196,43,31,364,1197,1561,self,5.596993948216557,3.633517998796651,0.2,0.5504307397575463,0.7690000000000003,1
196,44,31,364,1197,1561,stranger,2.027511935148393,3.633517998796651,0.2,0.5504307397575463,1.3539999999999837,1
196,45,31,364,1197,1561,stranger,1.4525245328333718,3.633517998796651,0.2,0.5504307397575463,0.2950000000000001,0
196,46,31,364,1197,1561,stranger,1.148254760199122,3.633517998796651,0.2,0.5504307397575463,1.561,0
196,47,31,364,1197,1561,stranger,1.6336639518492675,3.633517998796651,0.2,0.5504307397575463,1.561,0
196,48,31,364,1197,1561,self,5.72641955056323,3.633517998796651,0.2,0.5504307397575463,0.7440000000000004,1
196,49,31,364,1197,1561,stranger,0.908207168504819,3.633517998796651,0.2,0.5504307397575463,1.0930000000000006,0
196,50,31,364,1197,1561,self,5.45861674670443,3.633517998796651,0.2,0.5504307397575463,0.6490000000000004,1
196,51,31,364,1197,1561,stranger,0.14021517580322485,3.633517998796651,0.2,0.5504307397575463,1.561,0
196,52,31,364,1197,1561,stranger,0.2894983031556747,3.633517998796651,0.2,0.5504307397575463,1.561,0
196,53,31,364,1197,1561,stranger,1.8014547097492049,3.633517998796651,0.2,0.5504307397575463,2.0249999999999098,1
196,54,31,364,1197,1561,stranger,1.4392484025899435,3.633517998796651,0.2,0.5504307397575463,1.561,0
196,55,31,364,1197,1561,stranger,1.6614886691349922,3.633517998796651,0.2,0.5504307397575463,1.9009999999999234,1
196,56,31,364,1197,1561,stranger,1.0365069423726891,3.633517998796651,0.2,0.5504307397575463,0.7980000000000005,0
196,57,31,364,1197,1561,self,6.099343085281474,3.633517998796651,0.2,0.5504307397575463,0.5830000000000003,1
196,58,31,364,1197,1561,self,6.486999400531687,3.633517998796651,0.2,0.5504307397575463,0.6830000000000004,1
196,59,31,364,1197,1561,stranger,1.2478026625681171,3.633517998796651,0.2,0.5504307397575463,1.6909999999999465,1
196,60,31,364,1197,1561,self,5.216616281718784,3.633517998796651,0.2,0.5504307397575463,0.6750000000000004,1
197,1,89,124,1435,1559,self,4.958846559426909,3.786900563854925,0.2,0.5281363918264793,0.8820000000000006,1
197,2,89,124,1435,1559,self,4.413251403591035,3.786900563854925,0.2,0.5281363918264793,1.1790000000000007,1
197,3,89,124,1435,1559,stranger,1.1699432107810324,3.786900563854925,0.2,0.5281363918264793,1.251999999999995,1
197,4,89,124,1435,1559,self,4.533292300513384,3.786900563854925,0.2,0.5281363918264793,0.7670000000000003,1
197,5,89,124,1435,1559,stranger,0.325241107523334,3.786900563854925,0.2,0.5281363918264793,1.559,0
197,6,89,124,1435,1559,stranger,1.57832602555724,3.786900563854925,0.2,0.5281363918264793,2.030999999999909,1
197,7,89,124,1435,1559,stranger,1.1766228673917671,3.786900563854925,0.2,0.5281363918264793,0.6070000000000003,0
197,8,89,124,1435,1559,stranger,1.2389639678614455,3.786900563854925,0.2,0.5281363918264793,1.9099999999999224,1
197,9,89,124,1435,1559,stranger,0.811114324174904,3.786900563854925,0.2,0.5281363918264793,2.102999999999901,1
197,10,89,124,1435,1559,stranger,0.5720119128687116,3.786900563854925,0.2,0.5281363918264793,1.9089999999999225,0
197,11,89,124,1435,1559,self,4.527926398615311,3.786900563854925,0.2,0.5281363918264793,1.1000000000000008,1
197,12,89,124,1435,1559,self,3.920167829171187,3.786900563854925,0.2,0.5281363918264793,1.0430000000000006,1
197,13,89,124,1435,1559,self,4.374003848774645,3.786900563854925,0.2,0.5281363918264793,0.7890000000000004,1
197,14,89,124,1435,1559,self,4.051492333328648,3.786900563854925,0.2,0.5281363918264793,0.6970000000000004,1
197,15,89,124,1435,1559,stranger,1.585791659834496,3.786900563854925,0.2,0.5281363918264793,1.7129999999999441,1
197,16,89,124,1435,1559,stranger,0.2641490889817376,3.786900563854925,0.2,0.5281363918264793,2.1819999999998925,0
197,17,89,124,1435,1559,stranger,0.9863331981587042,3.786900563854925,0.2,0.5281363918264793,1.559,0
197,18,89,124,1435,1559,self,3.5978016577355056,3.786900563854925,0.2,0.5281363918264793,1.6389999999999523,1
197,19,89,124,1435,1559,self,4.592687989041494,3.786900563854925,0.2,0.5281363918264793,0.8100000000000005,1
197,20,89,124,1435,1559,stranger,0.44971129590996806,3.786900563854925,0.2,0.5281363918264793,1.559,0
197,21,89,124,1435,1559,self,3.3215420520905408,3.786900563854925,0.2,0.5281363918264793,0.9860000000000007,1
197,22,89,124,1435,1559,self,4.346453407691194,3.786900563854925,0.2,0.5281363918264793,1.3079999999999887,1
197,23,89,124,1435,1559,stranger,1.565789412132754,3.786900563854925,0.2,0.5281363918264793,1.559,0
197,24,89,124,1435,1559,stranger,1.0289648781173915,3.786900563854925,0.2,0.5281363918264793,1.559,0
197,25,89,124,1435,1559,stranger,0.5420987949246732,3.786900563854925,0.2,0.5281363918264793,1.3279999999999865,0
197,26,89,124,1435,1559,stranger,1.1639995664917577,3.786900563854925,0.2,0.5281363918264793,2.224999999999888,1
197,27,89,124,1435,1559,self,4.409731547276647,3.786900563854925,0.2,0.5281363918264793,0.9030000000000005,1
197,28,89,124,1435,1559,stranger,0.539363960206982,3.786900563854925,0.2,0.5281363918264793,1.559,0
197,29,89,124,1435,1559,stranger,1.2935409136086984,3.786900563854925,0.2,0.5281363918264793,1.559,0
197,30,89,124,1435,1559,self,4.639866256795331,3.786900563854925,0.2,0.5281363918264793,0.9550000000000005,1
197,31,89,124,1435,1559,stranger,1.0429117070959084,3.786900563854925,0.2,0.5281363918264793,0.4820000000000002,0
197,32,89,124,1435,1559,stranger,0.6856844367056355,3.786900563854925,0.2,0.5281363918264793,1.559,0
197,33,89,124,1435,1559,stranger,1.8062215490870341,3.786900563854925,0.2,0.5281363918264793,1.559,0
197,34,89,124,1435,1559,self,3.3928990814522706,3.786900563854925,0.2,0.5281363918264793,0.7880000000000005,1
197,35,89,124,1435,1559,stranger,1.0539829077637026,3.786900563854925,0.2,0.5281363918264793,1.559,0
197,36,89,124,1435,1559,stranger,0.9950519636412307,3.786900563854925,0.2,0.5281363918264793,1.559,0
197,37,89,124,1435,1559,self,4.469672878549033,3.786900563854925,0.2,0.5281363918264793,0.8220000000000005,1
197,38,89,124,1435,1559,stranger,0.4488918824088587,3.786900563854925,0.2,0.5281363918264793,0.2740000000000001,0
197,39,89,124,1435,1559,self,2.859251229516463,3.786900563854925,0.2,0.5281363918264793,0.9630000000000005,1
197,40,89,124,1435,1559,self,4.0017419908821505,3.786900563854925,0.2,0.5281363918264793,0.9040000000000006,1
197,41,89,124,1435,1559,self,3.5621347009558564,3.786900563854925,0.2,0.5281363918264793,0.8330000000000004,1
197,42,89,124,1435,1559,stranger,1.0200578881191866,3.786900563854925,0.2,0.5281363918264793,1.559,0
197,43,89,124,1435,1559,self,4.225509752247337,3.786900563854925,0.2,0.5281363918264793,0.8430000000000004,1
197,44,89,124,1435,1559,self,3.4215172503757225,3.786900563854925,0.2,0.5281363918264793,1.1340000000000008,1
197,45,89,124,1435,1559,stranger,1.6881450520283872,3.786900563854925,0.2,0.5281363918264793,0.3710000000000001,0
197,46,89,124,1435,1559,self,4.3296645217773655,3.786900563854925,0.2,0.5281363918264793,0.8720000000000006,1
197,47,89,124,1435,1559,self,3.682844515377127,3.786900563854925,0.2,0.5281363918264793,1.277999999999992,1
197,48,89,124,1435,1559,stranger,0.7291485160377174,3.786900563854925,0.2,0.5281363918264793,2.1089999999999005,1
197,49,89,124,1435,1559,self,4.7597693930867315,3.786900563854925,0.2,0.5281363918264793,0.6520000000000004,1
197,50,89,124,1435,1559,self,4.323057174081905,3.786900563854925,0.2,0.5281363918264793,0.9790000000000005,1
197,51,89,124,1435,1559,self,4.147959175537597,3.786900563854925,0.2,0.5281363918264793,0.8480000000000005,1
197,52,89,124,1435,1559,self,4.759696725947553,3.786900563854925,0.2,0.5281363918264793,0.7730000000000004,1
197,53,89,124,1435,1559,self,3.5891386443003777,3.786900563854925,0.2,0.5281363918264793,1.2289999999999974,1
197,54,89,124,1435,1559,stranger,0.911745978400863,3.786900563854925,0.2,0.5281363918264793,1.559,0
197,55,89,124,1435,1559,stranger,1.7115672540224303,3.786900563854925,0.2,0.5281363918264793,1.559,0
197,56,89,124,1435,1559,stranger,0.6377028501783216,3.786900563854925,0.2,0.5281363918264793,0.2740000000000001,0
197,57,89,124,1435,1559,self,4.081066959480379,3.786900563854925,0.2,0.5281363918264793,0.9170000000000005,1
197,58,89,124,1435,1559,self,4.29021151001415,3.786900563854925,0.2,0.5281363918264793,0.8550000000000004,1
197,59,89,124,1435,1559,self,5.03570456462741,3.786900563854925,0.2,0.5281363918264793,1.1640000000000008,1
197,60,89,124,1435,1559,stranger,0.014475610127314464,3.786900563854925,0.2,0.5281363918264793,1.1500000000000008,0
198,1,148,426,1250,1676,self,7.163764686617785,3.980905212768246,0.2,0.5023982971474064,0.7060000000000004,1
198,2,148,426,1250,1676,stranger,2.733223354743465,3.980905212768246,0.2,0.5023982971474064,0.9840000000000007,1
198,3,148,426,1250,1676,stranger,2.618413547873728,3.980905212768246,0.2,0.5023982971474064,1.1040000000000008,1
198,4,148,426,1250,1676,stranger,2.500458643703595,3.980905212768246,0.2,0.5023982971474064,1.8399999999999301,1
198,5,148,426,1250,1676,self,6.4021961198775,3.980905212768246,0.2,0.5023982971474064,0.6850000000000004,1
198,6,148,426,1250,1676,stranger,1.1752074473097665,3.980905212768246,0.2,0.5023982971474064,1.676,0
198,7,148,426,1250,1676,stranger,1.8780448815947177,3.980905212768246,0.2,0.5023982971474064,1.768999999999938,1
198,8,148,426,1250,1676,self,7.824328401436161,3.980905212768246,0.2,0.5023982971474064,0.7140000000000004,1
198,9,148,426,1250,1676,self,7.288696101997804,3.980905212768246,0.2,0.5023982971474064,0.5550000000000003,1
198,10,148,426,1250,1676,self,7.786120814901828,3.980905212768246,0.2,0.5023982971474064,0.5610000000000003,1
198,11,148,426,1250,1676,stranger,2.10797903599203,3.980905212768246,0.2,0.5023982971474064,1.4489999999999732,1
198,12,148,426,1250,1676,self,6.696982326422689,3.980905212768246,0.2,0.5023982971474064,0.7650000000000003,1
198,13,148,426,1250,1676,self,6.764504872695026,3.980905212768246,0.2,0.5023982971474064,0.6430000000000003,1
198,14,148,426,1250,1676,stranger,1.3792398827332426,3.980905212768246,0.2,0.5023982971474064,1.714999999999944,1
198,15,148,426,1250,1676,stranger,2.6724335716001777,3.980905212768246,0.2,0.5023982971474064,1.3339999999999859,1
198,16,148,426,1250,1676,self,7.282509744975643,3.980905212768246,0.2,0.5023982971474064,0.9190000000000005,1
198,17,148,426,1250,1676,self,7.987265104085068,3.980905212768246,0.2,0.5023982971474064,0.7460000000000004,1
198,18,148,426,1250,1676,self,7.279434934705865,3.980905212768246,0.2,0.5023982971474064,0.7950000000000004,1
198,19,148,426,1250,1676,stranger,2.348892828981626,3.980905212768246,0.2,0.5023982971474064,1.558999999999961,1
198,20,148,426,1250,1676,stranger,2.5154995679970904,3.980905212768246,0.2,0.5023982971474064,1.994999999999913,1
198,21,148,426,1250,1676,self,7.242416689731786,3.980905212768246,0.2,0.5023982971474064,0.5880000000000003,1
198,22,148,426,1250,1676,stranger,2.2920024207973047,3.980905212768246,0.2,0.5023982971474064,2.0199999999999103,1
198,23,148,426,1250,1676,stranger,2.764681305712511,3.980905212768246,0.2,0.5023982971474064,1.7879999999999359,1
198,24,148,426,1250,1676,self,7.058662855909637,3.980905212768246,0.2,0.5023982971474064,0.9190000000000005,1
198,25,148,426,1250,1676,self,7.163365543648438,3.980905212768246,0.2,0.5023982971474064,0.7310000000000003,1
198,26,148,426,1250,1676,stranger,2.1589255786062167,3.980905212768246,0.2,0.5023982971474064,1.6639999999999495,1
198,27,148,426,1250,1676,stranger,0.9016564301833578,3.980905212768246,0.2,0.5023982971474064,1.360999999999983,0
198,28,148,426,1250,1676,stranger,0.8062383837526872,3.980905212768246,0.2,0.5023982971474064,0.3660000000000001,0
198,29,148,426,1250,1676,stranger,1.411652246265099,3.980905212768246,0.2,0.5023982971474064,0.7030000000000003,0
198,30,148,426,1250,1676,self,7.332194605248382,3.980905212768246,0.2,0.5023982971474064,0.8910000000000005,1
198,31,148,426,1250,1676,stranger,2.442038106720828,3.980905212768246,0.2,0.5023982971474064,1.0760000000000007,1
198,32,148,426,1250,1676,self,6.839795002191166,3.980905212768246,0.2,0.5023982971474064,0.6480000000000004,1
198,33,148,426,1250,1676,stranger,1.8528938006834625,3.980905212768246,0.2,0.5023982971474064,1.0800000000000007,1
198,34,148,426,1250,1676,self,6.570657174484632,3.980905212768246,0.2,0.5023982971474064,0.7350000000000003,1
198,35,148,426,1250,1676,stranger,0.9959399293392711,3.980905212768246,0.2,0.5023982971474064,1.676,0
198,36,148,426,1250,1676,stranger,1.866664116267053,3.980905212768246,0.2,0.5023982971474064,1.3189999999999875,1
198,37,148,426,1250,1676,self,6.188656291975238,3.980905212768246,0.2,0.5023982971474064,0.7350000000000003,1
198,38,148,426,1250,1676,stranger,0.7943645352250235,3.980905212768246,0.2,0.5023982971474064,0.6130000000000003,0
198,39,148,426,1250,1676,stranger,2.1015429347126022,3.980905212768246,0.2,0.5023982971474064,2.0349999999999087,1
198,40,148,426,1250,1676,stranger,1.8614877293067151,3.980905212768246,0.2,0.5023982971474064,1.8659999999999273,1
198,41,148,426,1250,1676,self,6.6972197133995985,3.980905212768246,0.2,0.5023982971474064,0.8190000000000004,1
198,42,148,426,1250,1676,self,8.440052187429579,3.980905212768246,0.2,0.5023982971474064,0.6190000000000003,1
198,43,148,426,1250,1676,self,7.441502937823627,3.980905212768246,0.2,0.5023982971474064,0.7580000000000005,1
198,44,148,426,1250,1676,self,7.187864867289204,3.980905212768246,0.2,0.5023982971474064,0.6490000000000004,1
198,45,148,426,1250,1676,stranger,1.956588984617912,3.980905212768246,0.2,0.5023982971474064,1.676,0
198,46,148,426,1250,1676,stranger,2.24390191923104,3.980905212768246,0.2,0.5023982971474064,1.4729999999999706,1
198,47,148,426,1250,1676,stranger,1.8099052893174166,3.980905212768246,0.2,0.5023982971474064,1.9099999999999224,1
198,48,148,426,1250,1676,self,8.281614794329409,3.980905212768246,0.2,0.5023982971474064,0.6040000000000003,1
198,49,148,426,1250,1676,stranger,1.4898306529058554,3.980905212768246,0.2,0.5023982971474064,1.8309999999999311,1
198,50,148,426,1250,1676,self,7.697577327356365,3.980905212768246,0.2,0.5023982971474064,0.5050000000000002,1
198,51,148,426,1250,1676,self,7.606797066012333,3.980905212768246,0.2,0.5023982971474064,0.7940000000000005,1
198,52,148,426,1250,1676,self,7.514272725578865,3.980905212768246,0.2,0.5023982971474064,0.6890000000000004,1
198,53,148,426,1250,1676,self,7.182209127146946,3.980905212768246,0.2,0.5023982971474064,0.6570000000000004,1
198,54,148,426,1250,1676,self,7.330001682593746,3.980905212768246,0.2,0.5023982971474064,0.6030000000000003,1
198,55,148,426,1250,1676,self,6.755907738399732,3.980905212768246,0.2,0.5023982971474064,0.6680000000000004,1
198,56,148,426,1250,1676,stranger,1.364535556667068,3.980905212768246,0.2,0.5023982971474064,1.676,0
198,57,148,426,1250,1676,stranger,1.1179440848247144,3.980905212768246,0.2,0.5023982971474064,1.676,0
198,58,148,426,1250,1676,stranger,2.057368770715689,3.980905212768246,0.2,0.5023982971474064,1.676,0
198,59,148,426,1250,1676,self,7.010050242224603,3.980905212768246,0.2,0.5023982971474064,0.6360000000000003,1
198,60,148,426,1250,1676,self,8.352839057201447,3.980905212768246,0.2,0.5023982971474064,0.6050000000000003,1
199,1,130,146,417,563,self,5.217298361029444,1.8035587989749282,0.2,1.108918656345843,0.3210000000000001,1
199,2,130,146,417,563,self,5.3328980934096135,1.8035587989749282,0.2,1.108918656345843,0.40000000000000013,1
199,3,130,146,417,563,self,4.844688237968894,1.8035587989749282,0.2,1.108918656345843,0.5490000000000003,1
199,4,130,146,417,563,stranger,0.9804945586292043,1.8035587989749282,0.2,1.108918656345843,0.40700000000000014,1
199,5,130,146,417,563,stranger,1.2744587366397848,1.8035587989749282,0.2,1.108918656345843,1.5839999999999583,1
199,6,130,146,417,563,stranger,0.4535053157713075,1.8035587989749282,0.2,1.108918656345843,0.3370000000000001,0
199,7,130,146,417,563,self,3.2957916825747193,1.8035587989749282,0.2,1.108918656345843,0.3760000000000001,1
199,8,130,146,417,563,stranger,2.3074803569190396,1.8035587989749282,0.2,1.108918656345843,0.3040000000000001,1
199,9,130,146,417,563,stranger,1.4128428255732737,1.8035587989749282,0.2,1.108918656345843,0.42600000000000016,0
199,10,130,146,417,563,self,4.914200987428573,1.8035587989749282,0.2,1.108918656345843,0.4760000000000002,1
199,11,130,146,417,563,stranger,0.4608098853892493,1.8035587989749282,0.2,1.108918656345843,0.7920000000000005,1
199,12,130,146,417,563,self,4.841023063701406,1.8035587989749282,0.2,1.108918656345843,0.3570000000000001,1
199,13,130,146,417,563,stranger,1.8994282283991497,1.8035587989749282,0.2,1.108918656345843,0.3490000000000001,1
199,14,130,146,417,563,self,5.0316676053245715,1.8035587989749282,0.2,1.108918656345843,0.24900000000000005,1
199,15,130,146,417,563,stranger,1.5921224003324608,1.8035587989749282,0.2,1.108918656345843,0.4870000000000002,1
199,16,130,146,417,563,self,4.821238346364673,1.8035587989749282,0.2,1.108918656345843,0.3570000000000001,1
199,17,130,146,417,563,stranger,1.7521806854066733,1.8035587989749282,0.2,1.108918656345843,0.4950000000000002,0
199,18,130,146,417,563,stranger,1.4453342161329235,1.8035587989749282,0.2,1.108918656345843,0.3190000000000001,1
199,19,130,146,417,563,stranger,1.4906044491604535,1.8035587989749282,0.2,1.108918656345843,0.39600000000000013,1
199,20,130,146,417,563,self,4.107969733335329,1.8035587989749282,0.2,1.108918656345843,0.3850000000000001,1
199,21,130,146,417,563,self,4.115407493330909,1.8035587989749282,0.2,1.108918656345843,0.3890000000000001,1
199,22,130,146,417,563,self,4.915402509021021,1.8035587989749282,0.2,1.108918656345843,0.3370000000000001,1
199,23,130,146,417,563,stranger,0.6597328684310296,1.8035587989749282,0.2,1.108918656345843,1.3349999999999858,1
199,24,130,146,417,563,self,4.894331287294842,1.8035587989749282,0.2,1.108918656345843,0.42000000000000015,1
199,25,130,146,417,563,self,5.091848796193736,1.8035587989749282,0.2,1.108918656345843,0.3110000000000001,1
199,26,130,146,417,563,stranger,2.1577649274135338,1.8035587989749282,0.2,1.108918656345843,0.7520000000000004,1
199,27,130,146,417,563,self,4.958687505871861,1.8035587989749282,0.2,1.108918656345843,0.2950000000000001,1
199,28,130,146,417,563,stranger,0.8943805714489715,1.8035587989749282,0.2,1.108918656345843,0.7890000000000004,1
199,29,130,146,417,563,stranger,0.9870325369228496,1.8035587989749282,0.2,1.108918656345843,0.5780000000000003,1
199,30,130,146,417,563,self,3.6322830956710357,1.8035587989749282,0.2,1.108918656345843,0.6770000000000004,1
199,31,130,146,417,563,stranger,2.0543364236793433,1.8035587989749282,0.2,1.108918656345843,0.2730000000000001,1
199,32,130,146,417,563,self,4.2035165254444005,1.8035587989749282,0.2,1.108918656345843,0.3040000000000001,1
199,33,130,146,417,563,self,5.022979449666242,1.8035587989749282,0.2,1.108918656345843,0.3850000000000001,1
199,34,130,146,417,563,stranger,2.241196708238818,1.8035587989749282,0.2,1.108918656345843,0.4460000000000002,1
199,35,130,146,417,563,stranger,1.3893873118792706,1.8035587989749282,0.2,1.108918656345843,0.5660000000000003,1
199,36,130,146,417,563,self,4.488068955916335,1.8035587989749282,0.2,1.108918656345843,0.2940000000000001,1
199,37,130,146,417,563,self,4.590123703108968,1.8035587989749282,0.2,1.108918656345843,0.3570000000000001,1
199,38,130,146,417,563,self,4.688122164013308,1.8035587989749282,0.2,1.108918656345843,0.42100000000000015,1
199,39,130,146,417,563,self,4.155223695929716,1.8035587989749282,0.2,1.108918656345843,0.25100000000000006,1
199,40,130,146,417,563,stranger,0.9511101767178569,1.8035587989749282,0.2,1.108918656345843,1.2439999999999958,0
199,41,130,146,417,563,stranger,1.2254787847190198,1.8035587989749282,0.2,1.108918656345843,0.5620000000000003,1
199,42,130,146,417,563,self,3.4507005313687626,1.8035587989749282,0.2,1.108918656345843,0.3520000000000001,1
199,43,130,146,417,563,self,3.1567921480057297,1.8035587989749282,0.2,1.108918656345843,0.41000000000000014,1
199,44,130,146,417,563,self,4.148913711479146,1.8035587989749282,0.2,1.108918656345843,0.32700000000000007,1
199,45,130,146,417,563,self,5.469803778659385,1.8035587989749282,0.2,1.108918656345843,0.4530000000000002,1
199,46,130,146,417,563,stranger,0.8998627342095125,1.8035587989749282,0.2,1.108918656345843,0.6790000000000004,1
199,47,130,146,417,563,stranger,1.6417252857533629,1.8035587989749282,0.2,1.108918656345843,0.4920000000000002,1
199,48,130,146,417,563,stranger,1.5455927511272725,1.8035587989749282,0.2,1.108918656345843,0.6100000000000003,1
199,49,130,146,417,563,self,4.84616821886996,1.8035587989749282,0.2,1.108918656345843,0.2930000000000001,1
199,50,130,146,417,563,self,4.406331604775986,1.8035587989749282,0.2,1.108918656345843,0.3530000000000001,1
199,51,130,146,417,563,stranger,1.1100318445995514,1.8035587989749282,0.2,1.108918656345843,0.43500000000000016,1
199,52,130,146,417,563,stranger,1.2218224948031273,1.8035587989749282,0.2,1.108918656345843,0.5350000000000003,1
199,53,130,146,417,563,self,5.257875883613205,1.8035587989749282,0.2,1.108918656345843,0.3630000000000001,1
199,54,130,146,417,563,stranger,1.6599900784070813,1.8035587989749282,0.2,1.108918656345843,0.7010000000000003,1
199,55,130,146,417,563,self,4.486200449564426,1.8035587989749282,0.2,1.108918656345843,0.3200000000000001,1
199,56,130,146,417,563,stranger,1.7914119870587673,1.8035587989749282,0.2,1.108918656345843,0.5590000000000003,1
199,57,130,146,417,563,stranger,1.3745468602884965,1.8035587989749282,0.2,1.108918656345843,0.41200000000000014,1
199,58,130,146,417,563,self,5.927111944959915,1.8035587989749282,0.2,1.108918656345843,0.24700000000000005,1
199,59,130,146,417,563,stranger,1.1479593846468479,1.8035587989749282,0.2,1.108918656345843,0.5240000000000002,1
199,60,130,146,417,563,stranger,1.7384768193189557,1.8035587989749282,0.2,1.108918656345843,0.43200000000000016,1
200,1,66,345,1166,1511,stranger,1.3066362641963707,3.587044342929796,0.2,0.5575621065131459,2.1199999999998993,1
200,2,66,345,1166,1511,stranger,1.6506517495177206,3.587044342929796,0.2,0.5575621065131459,0.3240000000000001,0
200,3,66,345,1166,1511,self,6.679816815245328,3.587044342929796,0.2,0.5575621065131459,0.5840000000000003,1
200,4,66,345,1166,1511,stranger,1.9763905784680285,3.587044342929796,0.2,0.5575621065131459,2.0169999999999106,1
200,5,66,345,1166,1511,self,5.788698488171168,3.587044342929796,0.2,0.5575621065131459,0.5670000000000003,1
200,6,66,345,1166,1511,self,7.199266989813477,3.587044342929796,0.2,0.5575621065131459,0.6500000000000004,1
200,7,66,345,1166,1511,self,6.472233233385037,3.587044342929796,0.2,0.5575621065131459,0.7240000000000004,1
200,8,66,345,1166,1511,stranger,1.4133779869417387,3.587044342929796,0.2,0.5575621065131459,1.9919999999999134,1
200,9,66,345,1166,1511,stranger,1.5896591568887501,3.587044342929796,0.2,0.5575621065131459,1.0600000000000007,0
200,10,66,345,1166,1511,stranger,1.7356942418631571,3.587044342929796,0.2,0.5575621065131459,2.167999999999894,1
200,11,66,345,1166,1511,self,7.035290625063151,3.587044342929796,0.2,0.5575621065131459,0.5760000000000003,1
200,12,66,345,1166,1511,self,7.9763036619714445,3.587044342929796,0.2,0.5575621065131459,0.6190000000000003,1
200,13,66,345,1166,1511,stranger,1.6151120806618466,3.587044342929796,0.2,0.5575621065131459,0.3770000000000001,0
200,14,66,345,1166,1511,stranger,1.650398409055735,3.587044342929796,0.2,0.5575621065131459,2.0269999999999095,1
200,15,66,345,1166,1511,self,6.799576287474048,3.587044342929796,0.2,0.5575621065131459,0.6550000000000004,1
200,16,66,345,1166,1511,self,6.305097001025578,3.587044342929796,0.2,0.5575621065131459,0.6260000000000003,1
200,17,66,345,1166,1511,self,6.958053548827509,3.587044342929796,0.2,0.5575621065131459,0.8100000000000005,1
200,18,66,345,1166,1511,stranger,1.0913645867694033,3.587044342929796,0.2,0.5575621065131459,1.5110000000000001,0
200,19,66,345,1166,1511,stranger,2.0577336809154665,3.587044342929796,0.2,0.5575621065131459,1.6309999999999532,1
200,20,66,345,1166,1511,self,7.224577510563748,3.587044342929796,0.2,0.5575621065131459,0.6000000000000003,1
200,21,66,345,1166,1511,stranger,1.2143101609039166,3.587044342929796,0.2,0.5575621065131459,1.5110000000000001,0
200,22,66,345,1166,1511,self,7.7168901609836595,3.587044342929796,0.2,0.5575621065131459,0.5990000000000003,1
200,23,66,345,1166,1511,stranger,1.531010633329101,3.587044342929796,0.2,0.5575621065131459,0.2810000000000001,0
200,24,66,345,1166,1511,self,7.114987326136449,3.587044342929796,0.2,0.5575621065131459,0.6190000000000003,1
200,25,66,345,1166,1511,self,6.843942916958811,3.587044342929796,0.2,0.5575621065131459,0.6200000000000003,1
200,26,66,345,1166,1511,self,6.604107799614447,3.587044342929796,0.2,0.5575621065131459,0.6150000000000003,1
200,27,66,345,1166,1511,stranger,1.9830026562850112,3.587044342929796,0.2,0.5575621065131459,0.8500000000000005,1
200,28,66,345,1166,1511,self,6.373051005222429,3.587044342929796,0.2,0.5575621065131459,0.6790000000000004,1
200,29,66,345,1166,1511,stranger,0.7372136671727071,3.587044342929796,0.2,0.5575621065131459,1.5110000000000001,0
200,30,66,345,1166,1511,self,6.694646053891882,3.587044342929796,0.2,0.5575621065131459,0.6010000000000003,1
200,31,66,345,1166,1511,stranger,1.589815292053939,3.587044342929796,0.2,0.5575621065131459,1.5110000000000001,0
200,32,66,345,1166,1511,stranger,1.652623390776319,3.587044342929796,0.2,0.5575621065131459,1.7469999999999404,1
200,33,66,345,1166,1511,self,7.164225322503622,3.587044342929796,0.2,0.5575621065131459,0.4440000000000002,1
200,34,66,345,1166,1511,self,6.991421182029555,3.587044342929796,0.2,0.5575621065131459,0.7550000000000003,1
200,35,66,345,1166,1511,stranger,0.9977576473374423,3.587044342929796,0.2,0.5575621065131459,0.41000000000000014,0
200,36,66,345,1166,1511,stranger,1.9151580953705114,3.587044342929796,0.2,0.5575621065131459,1.5110000000000001,0
200,37,66,345,1166,1511,self,5.766334144956932,3.587044342929796,0.2,0.5575621065131459,0.6490000000000004,1
200,38,66,345,1166,1511,stranger,1.0819469081041837,3.587044342929796,0.2,0.5575621065131459,1.5110000000000001,0
200,39,66,345,1166,1511,self,6.208130100729338,3.587044342929796,0.2,0.5575621065131459,0.5970000000000003,1
200,40,66,345,1166,1511,stranger,1.7394053345062372,3.587044342929796,0.2,0.5575621065131459,0.7300000000000004,1
200,41,66,345,1166,1511,self,6.3585306087325275,3.587044342929796,0.2,0.5575621065131459,0.6430000000000003,1
200,42,66,345,1166,1511,self,7.2707459159543575,3.587044342929796,0.2,0.5575621065131459,0.6250000000000003,1
200,43,66,345,1166,1511,stranger,0.9801384474194672,3.587044342929796,0.2,0.5575621065131459,1.4649999999999714,1
200,44,66,345,1166,1511,stranger,1.5034103431237529,3.587044342929796,0.2,0.5575621065131459,1.8119999999999332,1
200,45,66,345,1166,1511,self,6.1606061581336835,3.587044342929796,0.2,0.5575621065131459,0.6930000000000004,1
200,46,66,345,1166,1511,stranger,1.7108121455182874,3.587044342929796,0.2,0.5575621065131459,1.8439999999999297,1
200,47,66,345,1166,1511,self,6.992231774897689,3.587044342929796,0.2,0.5575621065131459,0.6380000000000003,1
200,48,66,345,1166,1511,stranger,0.577242944474128,3.587044342929796,0.2,0.5575621065131459,1.822999999999932,1
200,49,66,345,1166,1511,self,6.890682661217106,3.587044342929796,0.2,0.5575621065131459,0.7170000000000003,1
200,50,66,345,1166,1511,self,6.352659517460896,3.587044342929796,0.2,0.5575621065131459,0.7180000000000004,1
200,51,66,345,1166,1511,stranger,1.6549527532920298,3.587044342929796,0.2,0.5575621065131459,2.0899999999999026,1
200,52,66,345,1166,1511,stranger,0.9879975177546143,3.587044342929796,0.2,0.5575621065131459,0.3030000000000001,0
200,53,66,345,1166,1511,stranger,1.4280740180199276,3.587044342929796,0.2,0.5575621065131459,1.5110000000000001,0
200,54,66,345,1166,1511,self,5.929227256611069,3.587044342929796,0.2,0.5575621065131459,0.7930000000000004,1
200,55,66,345,1166,1511,self,7.322247096318314,3.587044342929796,0.2,0.5575621065131459,0.5210000000000002,1
200,56,66,345,1166,1511,self,6.798169099323545,3.587044342929796,0.2,0.5575621065131459,0.5780000000000003,1
200,57,66,345,1166,1511,stranger,1.061691015272816,3.587044342929796,0.2,0.5575621065131459,1.0980000000000008,0
200,58,66,345,1166,1511,stranger,1.3721161940993798,3.587044342929796,0.2,0.5575621065131459,0.7340000000000004,0
200,59,66,345,1166,1511,stranger,1.103914012527923,3.587044342929796,0.2,0.5575621065131459,2.094999999999902,1
200,60,66,345,1166,1511,self,6.35627608128255,3.587044342929796,0.2,0.5575621065131459,0.5900000000000003,1
